Date,County,State,Vehicle Primary Use,Battery Electric Vehicles (BEVs),Plug-In Hybrid Electric Vehicles (PHEVs),Electric Vehicle (EV) Total,Non-Electric Vehicle Total,Total Vehicles,Percent Electric Vehicles
January 31 2021,Portsmouth,VA,Passenger,0,1,1,75,76,1.32
November 30 2022,Clark,WA,Truck,39,0,39,81945,81984,0.05
August 31 2022,Wahkiakum,WA,Passenger,24,12,36,3078,3114,1.16
February 28 2023,Adams,CO,Passenger,1,0,1,34,35,2.86
June 30 2019,Pend Oreille,WA,Passenger,4,5,9,9526,9535,0.09
November 30 2019,Douglas,WA,Passenger,65,38,103,28276,28379,0.36
September 30 2022,Cook,IL,Passenger,2,0,2,196,198,1.01
January 31 2023,Nassau,NY,Passenger,2,0,2,29,31,6.45
September 30 2019,Polk,FL,Passenger,1,0,1,77,78,1.28
December 31 2023,Atlantic,NJ,Passenger,1,0,1,10,11,9.09
April 30 2018,Bexar,TX,Passenger,2,2,4,782,786,0.51
January 31 2022,Okanogan,WA,Truck,0,0,0,16675,16675,0
March 31 2024,Polk,OR,Passenger,1,1,2,17,19,10.53
November 30 2022,Kittitas,WA,Passenger,294,93,387,29530,29917,1.29
December 31 2020,Pierce,WA,Passenger,2824,1770,4594,555145,559739,0.82
June 30 2024,Clallam,WA,Truck,30,0,30,21095,21125,0.14
December 31 2019,Prince William,VA,Passenger,1,4,5,237,242,2.07
January 31 2022,Montgomery,MD,Passenger,3,2,5,213,218,2.29
March 31 2021,Suffolk,VA,Passenger,1,0,1,123,124,0.81
May 31 2023,Alameda,CA,Passenger,5,2,7,184,191,3.66
June 30 2023,Broward,FL,Passenger,1,0,1,65,66,1.52
November 30 2018,Lee,FL,Passenger,1,0,1,51,52,1.92
November 30 2020,King,WA,Passenger,26593,8081,34674,1370192,1404866,2.47
April 30 2021,Washington,OR,Passenger,1,0,1,421,422,0.24
October 31 2017,Duval,FL,Passenger,1,1,2,365,367,0.54
July 31 2021,Burlington,NJ,Passenger,0,1,1,122,123,0.81
July 31 2022,Galveston,TX,Passenger,0,1,1,18,19,5.26
May 31 2023,Oldham,KY,Passenger,0,1,1,3,4,25
February 29 2020,Clark,WA,Truck,0,0,0,81951,81951,0
June 30 2022,Skagit,WA,Truck,3,0,3,32316,32319,0.01
November 30 2020,Island,WA,Passenger,480,287,767,62819,63586,1.21
February 28 2021,Walla Walla,WA,Passenger,105,69,174,36114,36288,0.48
April 30 2021,Leavenworth,KS,Passenger,0,1,1,112,113,0.88
March 31 2020,Prince William,VA,Passenger,2,4,6,231,237,2.53
August 31 2023,New London,CT,Passenger,2,3,5,171,176,2.84
January 31 2018,Prince George's,MD,Passenger,0,1,1,180,181,0.55
February 29 2024,Wichita,TX,Passenger,1,0,1,31,32,3.12
February 28 2023,Marion,OR,Passenger,1,0,1,85,86,1.16
March 31 2021,Clark,WA,Passenger,2580,1276,3856,319835,323691,1.19
June 30 2017,Virginia Beach,VA,Passenger,2,1,3,649,652,0.46
January 31 2017,Harnett,NC,Passenger,1,0,1,268,269,0.37
October 31 2020,Lincoln,WA,Passenger,5,10,15,7605,7620,0.2
May 31 2018,Montgomery,TX,Passenger,1,0,1,67,68,1.47
October 31 2017,Jefferson,WA,Truck,0,0,0,9433,9433,0
December 31 2022,Jefferson,NY,Passenger,2,0,2,211,213,0.94
October 31 2023,Yellowstone,MT,Passenger,0,1,1,12,13,7.69
February 28 2023,Stevens,WA,Passenger,99,57,156,29870,30026,0.52
May 31 2022,Pacific,WA,Truck,0,0,0,7940,7940,0
January 31 2024,Muscogee,GA,Passenger,2,2,4,87,91,4.4
May 31 2018,Adams,WA,Truck,0,0,0,5154,5154,0
July 31 2019,Broward,FL,Passenger,2,1,3,129,132,2.27
April 30 2021,Wichita,TX,Passenger,1,0,1,44,45,2.22
February 29 2024,El Paso,CO,Truck,1,0,1,129,130,0.77
March 31 2024,Richland,SC,Passenger,0,1,1,93,94,1.06
November 30 2017,Columbia,WA,Passenger,2,1,3,2391,2394,0.13
January 31 2021,Lewis,WA,Truck,0,0,0,26714,26714,0
February 28 2021,Orange,CA,Passenger,5,3,8,466,474,1.69
June 30 2023,Contra Costa,CA,Passenger,1,2,3,176,179,1.68
August 31 2023,Shasta,CA,Passenger,1,0,1,24,25,4
April 30 2024,Newport News,VA,Passenger,1,0,1,93,94,1.06
August 31 2023,St. Mary's,MD,Passenger,2,0,2,177,179,1.12
July 31 2024,El Paso,TX,Passenger,3,1,4,216,220,1.82
June 30 2022,Loudoun,VA,Passenger,2,1,3,68,71,4.23
March 31 2018,St. Clair,IL,Passenger,0,1,1,156,157,0.64
January 31 2021,Suffolk,MA,Passenger,0,2,2,35,37,5.41
December 31 2020,,,Passenger,5,1,6,364,370,1.62
November 30 2018,Franklin,MA,Passenger,0,1,1,2,3,33.33
April 30 2020,Clark,WA,Passenger,1993,1056,3049,318624,321673,0.95
February 28 2021,Lane,OR,Passenger,0,1,1,141,142,0.7
May 31 2019,Collin,TX,Passenger,2,1,3,150,153,1.96
June 30 2021,Harrison,MS,Passenger,2,0,2,55,57,3.51
May 31 2021,Arlington,VA,Passenger,0,1,1,148,149,0.67
December 31 2018,Kent,MI,Passenger,0,1,1,25,26,3.85
March 31 2022,Wilson,TX,Passenger,0,1,1,3,4,25
January 31 2024,Rockdale,GA,Passenger,1,0,1,5,6,16.67
December 31 2018,St. Lucie,FL,Passenger,1,0,1,29,30,3.33
December 31 2023,Douglas,CO,Passenger,0,2,2,50,52,3.85
October 31 2022,Louisa,VA,Passenger,0,1,1,1,2,50
January 31 2019,Grant,WA,Truck,0,0,0,26317,26317,0
October 31 2021,Lewis,WA,Truck,0,0,0,26723,26723,0
August 31 2018,Kitsap,WA,Passenger,828,488,1316,179288,180604,0.73
May 31 2017,Gwinnett,GA,Passenger,0,1,1,89,90,1.11
August 31 2021,Carroll,MD,Passenger,0,1,1,18,19,5.26
July 31 2022,Wood,OH,Passenger,0,1,1,5,6,16.67
March 31 2024,Williamsburg,VA,Passenger,0,1,1,2,3,33.33
October 31 2020,Washoe,NV,Passenger,1,0,1,106,107,0.93
May 31 2021,Saginaw,MI,Passenger,1,0,1,9,10,10
July 31 2017,Lake,CA,Passenger,0,1,1,15,16,6.25
July 31 2023,Richmond,NY,Passenger,1,0,1,4,5,20
January 31 2019,Pierce,WA,Truck,0,0,0,139073,139073,0
February 28 2021,Chelan,WA,Passenger,301,88,389,54481,54870,0.71
February 28 2018,Wahkiakum,WA,Passenger,0,2,2,2860,2862,0.07
January 31 2018,Fulton,GA,Passenger,1,0,1,107,108,0.93
November 30 2021,Hamilton,IN,Passenger,2,0,2,35,37,5.41
August 31 2020,Howard,IN,Passenger,0,1,1,3,4,25
June 30 2020,Stevens,WA,Truck,0,0,0,18641,18641,0
June 30 2018,Benton,WA,Truck,0,0,0,41020,41020,0
March 31 2022,Skagit,WA,Truck,1,0,1,32520,32521,0
March 31 2017,Whitman,WA,Passenger,9,18,27,21932,21959,0.12
November 30 2021,Albemarle,VA,Passenger,2,0,2,22,24,8.33
January 31 2021,Orange,CA,Passenger,5,3,8,469,477,1.68
October 31 2017,New Haven,CT,Passenger,0,1,1,53,54,1.85
November 30 2020,Honolulu,HI,Passenger,5,2,7,471,478,1.46
November 30 2020,Pulaski,MO,Passenger,1,0,1,150,151,0.66
January 31 2022,Island,WA,Truck,1,0,1,21427,21428,0
May 31 2022,Chelan,WA,Truck,2,0,2,23048,23050,0.01
December 31 2020,Missoula,MT,Passenger,1,0,1,71,72,1.39
November 30 2020,Lane,OR,Passenger,0,1,1,148,149,0.67
January 31 2023,Polk,OR,Passenger,1,1,2,19,21,9.52
May 31 2019,Whatcom,WA,Truck,2,0,2,42813,42815,0
May 31 2017,Volusia,FL,Passenger,0,1,1,48,49,2.04
August 31 2022,Pacific,WA,Truck,0,0,0,7846,7846,0
November 30 2020,Penobscot,ME,Passenger,0,1,1,10,11,9.09
July 31 2023,Jackson,OK,Passenger,0,1,1,37,38,2.63
November 30 2017,Howard,MD,Passenger,0,2,2,93,95,2.11
August 31 2017,Okanogan,WA,Passenger,4,18,22,25661,25683,0.09
August 31 2023,Skamania,WA,Passenger,115,56,171,8061,8232,2.08
October 31 2023,Washoe,NV,Passenger,2,0,2,50,52,3.85
August 31 2018,Nueces,TX,Passenger,1,1,2,87,89,2.25
February 28 2022,Okaloosa,FL,Passenger,0,1,1,114,115,0.87
July 31 2017,Island,WA,Passenger,121,142,263,60248,60511,0.43
May 31 2021,Lewis,WA,Truck,0,0,0,26888,26888,0
November 30 2021,Dorchester,SC,Passenger,1,0,1,75,76,1.32
March 31 2022,St. Louis,MO,Passenger,2,0,2,75,77,2.6
August 31 2023,Stevens,WA,Truck,2,0,2,18701,18703,0.01
October 31 2021,Wahkiakum,WA,Truck,0,0,0,1826,1826,0
July 31 2022,Stafford,VA,Passenger,2,1,3,92,95,3.16
January 31 2020,Wayne,MI,Passenger,0,1,1,60,61,1.64
January 31 2023,Isle of Wight,VA,Passenger,0,1,1,18,19,5.26
December 31 2020,Frederick,MD,Passenger,1,1,2,66,68,2.94
September 30 2017,Fulton,GA,Passenger,1,0,1,111,112,0.89
May 31 2023,Grays Harbor,WA,Truck,6,0,6,20951,20957,0.03
August 31 2023,San Benito,CA,Passenger,1,0,1,5,6,16.67
November 30 2020,Clallam,WA,Truck,1,0,1,21774,21775,0
January 31 2019,DeKalb,GA,Passenger,1,0,1,81,82,1.22
November 30 2022,Douglas,CO,Passenger,0,1,1,73,74,1.35
April 30 2020,Pacific,WA,Truck,0,0,0,7660,7660,0
June 30 2023,Arlington,VA,Passenger,1,0,1,116,117,0.85
June 30 2021,Platte,MO,Passenger,1,0,1,19,20,5
November 30 2020,El Paso,TX,Passenger,3,0,3,407,410,0.73
March 31 2020,San Joaquin,CA,Passenger,1,0,1,139,140,0.71
November 30 2018,Twin Falls,ID,Passenger,0,1,1,25,26,3.85
October 31 2017,Cowlitz,WA,Truck,0,0,0,28112,28112,0
May 31 2023,Benton,WA,Truck,23,0,23,43158,43181,0.05
December 31 2020,Spokane,WA,Passenger,886,546,1432,320879,322311,0.44
May 31 2021,Frederick,MD,Passenger,1,1,2,63,65,3.08
August 31 2023,Mohave,AZ,Passenger,1,0,1,35,36,2.78
November 30 2020,Skamania,WA,Truck,0,0,0,4007,4007,0
April 30 2024,Franklin,WA,Truck,14,0,14,20799,20813,0.07
November 30 2019,Grays Harbor,WA,Passenger,99,99,198,48337,48535,0.41
September 30 2021,Providence,RI,Passenger,1,0,1,27,28,3.57
April 30 2024,Hawaii,HI,Passenger,1,0,1,28,29,3.45
July 31 2021,Wilson,NC,Passenger,1,0,1,0,1,100
March 31 2018,Skagit,WA,Truck,1,0,1,31916,31917,0
April 30 2018,Nassau,NY,Passenger,1,0,1,40,41,2.44
September 30 2018,Benton,WA,Passenger,188,208,396,132407,132803,0.3
September 30 2018,Orange,CA,Passenger,4,1,5,568,573,0.87
August 31 2019,Anne Arundel,MD,Passenger,1,1,2,432,434,0.46
May 31 2023,Yakima,WA,Truck,12,0,12,61085,61097,0.02
August 31 2017,Clark,WA,Truck,0,0,0,77877,77877,0
October 31 2018,Hardin,KY,Passenger,0,1,1,111,112,0.89
August 31 2019,El Paso,CO,Passenger,3,2,5,749,754,0.66
April 30 2019,Kalamazoo,MI,Passenger,1,0,1,14,15,6.67
February 28 2022,Penobscot,ME,Passenger,0,1,1,6,7,14.29
January 31 2022,Yakima,WA,Truck,0,0,0,61591,61591,0
February 28 2017,Walla Walla,WA,Truck,0,0,0,13160,13160,0
June 30 2022,Asotin,WA,Passenger,23,19,42,12698,12740,0.33
January 31 2023,Jefferson,NY,Passenger,2,0,2,209,211,0.95
August 31 2020,Ada,ID,Passenger,0,1,1,276,277,0.36
May 31 2022,Escambia,FL,Passenger,0,1,1,147,148,0.68
May 31 2024,Mason,WA,Passenger,616,261,877,45715,46592,1.88
August 31 2019,Jefferson,WA,Truck,0,0,0,9671,9671,0
May 31 2019,Mason,WA,Truck,0,0,0,20354,20354,0
June 30 2022,St. Clair,IL,Passenger,1,0,1,126,127,0.79
May 31 2019,Monterey,CA,Passenger,0,1,1,198,199,0.5
June 30 2020,Salt Lake,UT,Passenger,1,1,2,206,208,0.96
September 30 2020,Washtenaw,MI,Passenger,1,1,2,35,37,5.41
May 31 2019,Valencia,NM,Passenger,1,0,1,9,10,10
May 31 2021,Richmond,NY,Passenger,1,0,1,7,8,12.5
September 30 2022,Grays Harbor,WA,Passenger,224,166,390,48720,49110,0.79
February 29 2024,Cowlitz,WA,Passenger,631,260,891,69533,70424,1.27
February 28 2023,Benton,WA,Truck,15,0,15,43325,43340,0.03
August 31 2023,Benton,WA,Truck,27,0,27,43195,43222,0.06
August 31 2023,Wake,NC,Passenger,4,0,4,83,87,4.6
August 31 2020,San Diego,CA,Passenger,16,3,19,2746,2765,0.69
January 31 2020,Wahkiakum,WA,Passenger,4,5,9,3035,3044,0.3
December 31 2019,Prince George's,MD,Passenger,1,1,2,175,177,1.13
May 31 2022,Washoe,NV,Passenger,1,0,1,74,75,1.33
July 31 2019,Columbia,WA,Truck,0,0,0,1529,1529,0
November 30 2022,Spokane,WA,Passenger,1891,914,2805,323808,326613,0.86
March 31 2021,Utah,UT,Passenger,0,1,1,133,134,0.75
July 31 2020,Oldham,KY,Passenger,0,1,1,4,5,20
May 31 2018,Clark,WA,Truck,0,0,0,78896,78896,0
December 31 2023,Rockdale,GA,Passenger,1,0,1,5,6,16.67
October 31 2019,Sangamon,IL,Passenger,1,0,1,5,6,16.67
March 31 2022,Mason,WA,Passenger,284,169,453,47585,48038,0.94
November 30 2020,Okanogan,WA,Passenger,50,37,87,25967,26054,0.33
August 31 2020,San Juan,WA,Passenger,320,100,420,13919,14339,2.93
December 31 2021,Collin,TX,Passenger,3,0,3,119,122,2.46
July 31 2021,Kings,CA,Passenger,1,0,1,331,332,0.3
October 31 2022,Palm Beach,FL,Passenger,1,1,2,58,60,3.33
May 31 2024,Marion,OR,Passenger,1,0,1,42,43,2.33
November 30 2021,Kings,NY,Passenger,1,0,1,71,72,1.39
April 30 2023,Marion,IA,Passenger,1,0,1,0,1,100
October 31 2019,Okanogan,WA,Passenger,24,28,52,26237,26289,0.2
December 31 2019,Douglas,WA,Passenger,67,38,105,28287,28392,0.37
March 31 2019,Grays Harbor,WA,Passenger,69,80,149,47577,47726,0.31
November 30 2022,San Francisco,CA,Passenger,1,0,1,80,81,1.23
December 31 2020,Charleston,SC,Passenger,2,0,2,94,96,2.08
August 31 2023,Alameda,CA,Passenger,5,2,7,175,182,3.85
September 30 2019,Montgomery,PA,Passenger,2,0,2,37,39,5.13
August 31 2021,Harrison,MS,Passenger,2,0,2,56,58,3.45
September 30 2023,Rockingham,NH,Passenger,1,0,1,9,10,10
November 30 2023,Pima,AZ,Passenger,1,0,1,185,186,0.54
June 30 2022,Manassas,VA,Passenger,0,1,1,7,8,12.5
April 30 2024,St. Lawrence,NY,Passenger,1,0,1,3,4,25
December 31 2018,Franklin,WA,Passenger,44,66,110,59104,59214,0.19
April 30 2019,Duval,FL,Passenger,1,2,3,389,392,0.77
March 31 2018,Norfolk,MA,Passenger,1,0,1,39,40,2.5
October 31 2020,Deschutes,OR,Passenger,2,0,2,142,144,1.39
June 30 2021,Flathead,MT,Passenger,2,0,2,52,54,3.7
October 31 2018,Pacific,WA,Passenger,19,23,42,15753,15795,0.27
October 31 2023,Cook,IL,Passenger,2,1,3,152,155,1.94
April 30 2023,Cowlitz,WA,Truck,8,0,8,28231,28239,0.03
May 31 2022,Pinellas,FL,Passenger,0,1,1,86,87,1.15
March 31 2023,Yellowstone,MT,Passenger,0,1,1,16,17,5.88
November 30 2022,Napa,CA,Passenger,0,1,1,13,14,7.14
August 31 2021,Missoula,MT,Passenger,1,0,1,60,61,1.64
April 30 2020,Prince William,VA,Passenger,2,4,6,225,231,2.6
December 31 2019,Hillsborough,FL,Passenger,0,1,1,195,196,0.51
May 31 2022,Harnett,NC,Passenger,2,0,2,158,160,1.25
December 31 2019,Montgomery,OH,Passenger,0,1,1,46,47,2.13
February 29 2020,San Mateo,CA,Passenger,0,1,1,128,129,0.78
November 30 2022,Garfield,WA,Truck,0,0,0,976,976,0
December 31 2017,Gwinnett,GA,Passenger,0,1,1,86,87,1.15
March 31 2023,El Paso,CO,Passenger,3,3,6,545,551,1.09
April 30 2021,Spokane,WA,Truck,0,0,0,101863,101863,0
February 28 2018,San Juan,WA,Truck,0,0,0,5640,5640,0
April 30 2023,Tarrant,TX,Passenger,2,0,2,91,93,2.15
September 30 2020,DuPage,IL,Passenger,4,1,5,59,64,7.81
March 31 2019,Ramsey,MN,Passenger,1,0,1,45,46,2.17
January 31 2022,Kern,CA,Passenger,0,1,1,201,202,0.5
September 30 2019,Wilson,TX,Passenger,0,1,1,7,8,12.5
April 30 2023,Beaufort,SC,Passenger,1,0,1,30,31,3.23
February 29 2020,Lake,CA,Passenger,0,1,1,10,11,9.09
December 31 2017,Clallam,WA,Passenger,99,91,190,49059,49249,0.39
December 31 2021,Clallam,WA,Passenger,383,239,622,50359,50981,1.22
May 31 2021,Clackamas,OR,Passenger,2,0,2,183,185,1.08
January 31 2019,Calvert,MD,Passenger,0,1,1,88,89,1.12
April 30 2021,Okaloosa,FL,Passenger,0,1,1,135,136,0.74
June 30 2019,Prince George's,MD,Passenger,1,1,2,182,184,1.09
June 30 2019,Kent,MI,Passenger,0,1,1,24,25,4
November 30 2022,Plaquemines,LA,Passenger,1,1,2,19,21,9.52
May 31 2023,King,WA,Truck,685,2,687,175725,176412,0.39
September 30 2023,Island,WA,Truck,34,0,34,20921,20955,0.16
May 31 2020,Columbia,WA,Passenger,4,3,7,2405,2412,0.29
March 31 2023,Mercer,NJ,Passenger,0,1,1,12,13,7.69
August 31 2020,Maui,HI,Passenger,2,0,2,34,36,5.56
March 31 2023,Spokane,WA,Passenger,2095,1001,3096,321843,324939,0.95
September 30 2022,El Paso,CO,Passenger,3,3,6,607,613,0.98
October 31 2022,El Paso,TX,Passenger,4,0,4,340,344,1.16
August 31 2021,,,Passenger,4,2,6,340,346,1.73
June 30 2018,King,WA,Truck,7,1,8,183004,183012,0
August 31 2019,Chelan,WA,Truck,0,0,0,22360,22360,0
July 31 2022,Mason,WA,Truck,4,0,4,20940,20944,0.02
September 30 2017,Franklin,WA,Truck,0,0,0,18244,18244,0
November 30 2019,Douglas,WA,Truck,0,0,0,12297,12297,0
February 29 2020,Middlesex,MA,Passenger,1,0,1,102,103,0.97
July 31 2019,Santa Cruz,CA,Passenger,1,0,1,41,42,2.38
June 30 2024,El Dorado,CA,Passenger,1,0,1,14,15,6.67
February 28 2021,Clallam,WA,Truck,1,0,1,21890,21891,0
October 31 2022,Honolulu,HI,Passenger,5,3,8,368,376,2.13
May 31 2024,Middlesex,NJ,Passenger,1,0,1,19,20,5
May 31 2017,Chelan,WA,Passenger,60,36,96,51878,51974,0.18
September 30 2022,Orange,CA,Passenger,7,3,10,383,393,2.54
August 31 2020,Pend Oreille,WA,Truck,0,0,0,5745,5745,0
November 30 2020,New London,CT,Passenger,1,2,3,237,240,1.25
May 31 2019,Arlington,VA,Passenger,1,2,3,164,167,1.8
May 31 2020,Kootenai,ID,Passenger,1,1,2,226,228,0.88
October 31 2023,Middlesex,NJ,Passenger,1,0,1,17,18,5.56
March 31 2024,Charleston,SC,Passenger,1,2,3,42,45,6.67
October 31 2023,San Mateo,CA,Passenger,2,0,2,59,61,3.28
December 31 2021,Maui,HI,Passenger,1,0,1,29,30,3.33
October 31 2020,Columbia,WA,Passenger,4,3,7,2437,2444,0.29
April 30 2021,Fairfax,VA,Passenger,5,3,8,719,727,1.1
January 31 2019,Nantucket,MA,Passenger,1,0,1,4,5,20
February 28 2018,Norfolk,VA,Passenger,1,1,2,324,326,0.61
April 30 2019,El Paso,CO,Passenger,3,3,6,758,764,0.79
June 30 2023,Lincoln,OR,Passenger,0,1,1,18,19,5.26
July 31 2021,Thurston,WA,Passenger,1655,892,2547,197466,200013,1.27
May 31 2021,Prince George's,MD,Passenger,2,1,3,151,154,1.95
July 31 2023,Pinal,AZ,Passenger,1,1,2,92,94,2.13
September 30 2023,Jefferson,NY,Passenger,2,0,2,194,196,1.02
November 30 2023,Calvert,MD,Passenger,1,1,2,76,78,2.56
August 31 2021,Rogers,OK,Passenger,1,0,1,7,8,12.5
April 30 2021,Prince George's,MD,Passenger,2,1,3,153,156,1.92
April 30 2021,Lewis,WA,Truck,0,0,0,26904,26904,0
March 31 2022,Adams,WA,Truck,0,0,0,5488,5488,0
February 28 2017,Hidalgo,TX,Passenger,0,1,1,97,98,1.02
November 30 2023,Charlottesville,VA,Passenger,0,1,1,2,3,33.33
March 31 2018,Pacific,WA,Passenger,15,18,33,15453,15486,0.21
March 31 2018,Klickitat,WA,Truck,0,0,0,8038,8038,0
July 31 2021,Wichita,TX,Passenger,1,0,1,43,44,2.27
March 31 2024,District of Columbia,DC,Passenger,2,0,2,129,131,1.53
June 30 2023,Benton,WA,Truck,25,0,25,43189,43214,0.06
March 31 2023,Adams,WA,Truck,2,0,2,5351,5353,0.04
April 30 2022,Loudoun,VA,Passenger,2,1,3,69,72,4.17
February 28 2023,Pend Oreille,WA,Passenger,26,13,39,8912,8951,0.44
December 31 2018,Alameda,CA,Passenger,0,2,2,335,337,0.59
January 31 2020,Okanogan,WA,Truck,0,0,0,16553,16553,0
March 31 2021,Dallas,TX,Passenger,1,0,1,182,183,0.55
February 29 2020,Prince William,VA,Passenger,2,4,6,235,241,2.49
June 30 2020,Penobscot,ME,Passenger,0,1,1,13,14,7.14
September 30 2019,Ramsey,MN,Passenger,1,0,1,47,48,2.08
December 31 2023,Solano,CA,Passenger,5,0,5,131,136,3.68
May 31 2022,Rogers,OK,Passenger,1,0,1,6,7,14.29
June 30 2023,Brown,WI,Passenger,1,0,1,6,7,14.29
January 31 2017,El Paso,CO,Passenger,1,1,2,885,887,0.23
March 31 2022,Thurston,WA,Truck,3,0,3,55636,55639,0.01
September 30 2023,Contra Costa,CA,Passenger,1,1,2,161,163,1.23
November 30 2019,Nassau,NY,Passenger,4,0,4,45,49,8.16
July 31 2017,St. Lucie,FL,Passenger,1,0,1,31,32,3.12
March 31 2024,Isle of Wight,VA,Passenger,0,1,1,16,17,5.88
August 31 2020,Thurston,WA,Passenger,1192,751,1943,196905,198848,0.98
November 30 2023,Clark,WA,Passenger,6947,2606,9553,313730,323283,2.95
September 30 2017,Richland,SC,Passenger,0,1,1,187,188,0.53
February 28 2023,Brown,WI,Passenger,1,0,1,6,7,14.29
August 31 2022,Yakima,WA,Truck,1,0,1,61327,61328,0
October 31 2020,Santa Clara,CA,Passenger,6,2,8,292,300,2.67
May 31 2023,Kern,CA,Passenger,1,1,2,186,188,1.06
September 30 2020,New London,CT,Passenger,1,2,3,236,239,1.26
September 30 2017,Prince William,VA,Passenger,0,4,4,266,270,1.48
October 31 2023,Anchorage,AK,Passenger,1,0,1,95,96,1.04
January 31 2021,Spokane,WA,Passenger,910,550,1460,320757,322217,0.45
April 30 2020,Chelan,WA,Passenger,224,80,304,54219,54523,0.56
January 31 2017,Adams,WA,Truck,0,0,0,5076,5076,0
February 28 2021,Los Angeles,CA,Passenger,9,10,19,983,1002,1.9
January 31 2023,Botetourt,VA,Passenger,1,0,1,1,2,50
February 28 2023,Sacramento,CA,Truck,1,0,1,37,38,2.63
January 31 2022,Norfolk,VA,Passenger,2,3,5,318,323,1.55
February 28 2023,Klickitat,WA,Passenger,126,57,183,15110,15293,1.2
March 31 2023,Deschutes,OR,Passenger,2,0,2,85,87,2.3
February 28 2023,Kent,DE,Passenger,1,0,1,50,51,1.96
April 30 2024,Arapahoe,CO,Passenger,2,1,3,65,68,4.41
March 31 2019,Benton,WA,Truck,0,0,0,41529,41529,0
March 31 2020,Clallam,WA,Truck,1,0,1,21807,21808,0
June 30 2018,Fairfax,VA,Passenger,3,1,4,831,835,0.48
October 31 2020,Ventura,CA,Passenger,1,1,2,292,294,0.68
February 28 2023,Nueces,TX,Passenger,0,1,1,55,56,1.79
April 30 2022,Randolph,NC,Passenger,1,0,1,5,6,16.67
September 30 2018,Carroll,NH,Passenger,0,1,1,1,2,50
October 31 2018,Chelan,WA,Passenger,126,59,185,53927,54112,0.34
June 30 2020,Benton,WA,Passenger,358,321,679,134179,134858,0.5
March 31 2020,Jefferson,WA,Passenger,234,141,375,25061,25436,1.47
March 31 2021,Okanogan,WA,Truck,0,0,0,16661,16661,0
September 30 2022,Wahkiakum,WA,Passenger,24,12,36,3078,3114,1.16
December 31 2017,Norfolk,VA,Passenger,1,1,2,313,315,0.63
July 31 2024,Hillsborough,FL,Passenger,2,1,3,71,74,4.05
July 31 2019,Bergen,NJ,Passenger,1,0,1,26,27,3.7
May 31 2021,Montgomery,AL,Passenger,1,0,1,41,42,2.38
May 31 2018,Kitsap,WA,Passenger,781,453,1234,177869,179103,0.69
March 31 2019,Thurston,WA,Passenger,801,597,1398,196059,197457,0.71
April 30 2018,Grays Harbor,WA,Truck,0,0,0,20124,20124,0
June 30 2023,Pend Oreille,WA,Truck,0,0,0,5610,5610,0
February 28 2022,Suffolk,VA,Passenger,1,0,1,124,125,0.8
December 31 2023,Bell,TX,Passenger,2,0,2,231,233,0.86
July 31 2023,Adams,WA,Truck,3,0,3,5346,5349,0.06
January 31 2021,Ventura,CA,Passenger,1,2,3,291,294,1.02
January 31 2017,Hamilton,TN,Passenger,1,0,1,30,31,3.23
January 31 2021,Island,WA,Passenger,527,293,820,62846,63666,1.29
January 31 2018,Stevens,WA,Truck,0,0,0,18385,18385,0
December 31 2022,Okaloosa,FL,Passenger,0,1,1,101,102,0.98
January 31 2020,Columbia,OR,Passenger,1,0,1,28,29,3.45
July 31 2020,Nassau,FL,Passenger,1,0,1,37,38,2.63
June 30 2024,Clark,WA,Truck,195,0,195,79402,79597,0.24
October 31 2020,Norfolk,VA,Passenger,2,3,5,344,349,1.43
October 31 2023,Hennepin,MN,Passenger,1,0,1,35,36,2.78
July 31 2021,Bartow,GA,Passenger,0,1,1,4,5,20
February 28 2023,Adams,WA,Passenger,21,11,32,12997,13029,0.25
June 30 2020,Douglas,NE,Passenger,0,1,1,57,58,1.72
November 30 2023,Cowlitz,WA,Truck,13,0,13,28010,28023,0.05
November 30 2017,Garfield,WA,Passenger,1,0,1,1313,1314,0.08
February 29 2024,Charleston,SC,Passenger,1,2,3,41,44,6.82
July 31 2020,Bartow,GA,Passenger,0,1,1,5,6,16.67
April 30 2024,Cache,UT,Passenger,1,0,1,7,8,12.5
November 30 2023,King,WA,Passenger,67903,16412,84315,1317059,1401374,6.02
April 30 2020,Loudoun,VA,Passenger,1,0,1,90,91,1.1
June 30 2023,Isle of Wight,VA,Passenger,0,1,1,18,19,5.26
May 31 2023,San Juan,WA,Passenger,609,176,785,13807,14592,5.38
October 31 2018,Walla Walla,WA,Passenger,36,50,86,35987,36073,0.24
July 31 2021,Deschutes,OR,Passenger,1,0,1,131,132,0.76
July 31 2020,Lincoln,WA,Truck,0,0,0,4656,4656,0
June 30 2020,Montgomery,OH,Passenger,0,1,1,48,49,2.04
December 31 2022,St. Lawrence,NY,Passenger,1,0,1,4,5,20
June 30 2017,Grant,WA,Passenger,20,27,47,60839,60886,0.08
June 30 2017,Klickitat,WA,Passenger,23,24,47,14801,14848,0.32
June 30 2024,Virginia Beach,VA,Passenger,4,2,6,366,372,1.61
April 30 2020,Solano,CA,Passenger,1,0,1,217,218,0.46
February 29 2024,Skagit,WA,Truck,39,0,39,31578,31617,0.12
September 30 2022,Dallas,TX,Passenger,1,0,1,117,118,0.85
November 30 2023,Virginia Beach,VA,Truck,1,0,1,101,102,0.98
December 31 2018,DeKalb,IN,Passenger,1,0,1,1,2,50
June 30 2021,Ferry,WA,Passenger,9,3,12,4374,4386,0.27
February 29 2024,Multnomah,OR,Passenger,2,1,3,369,372,0.81
October 31 2023,Pima,AZ,Passenger,1,0,1,191,192,0.52
August 31 2018,Cochise,AZ,Passenger,0,1,1,113,114,0.88
July 31 2023,Montgomery,AL,Passenger,1,1,2,34,36,5.56
May 31 2020,DeKalb,IN,Passenger,1,0,1,1,2,50
July 31 2024,Virginia Beach,VA,Truck,1,0,1,93,94,1.06
February 29 2024,San Juan,WA,Passenger,709,204,913,13635,14548,6.28
November 30 2017,Pima,AZ,Passenger,1,1,2,437,439,0.46
December 31 2019,Maricopa,AZ,Passenger,7,8,15,1609,1624,0.92
April 30 2017,Moore,NC,Passenger,0,1,1,202,203,0.49
January 31 2024,Kauai,HI,Passenger,0,1,1,12,13,7.69
July 31 2021,Charleston,SC,Passenger,1,1,2,89,91,2.2
October 31 2018,Charles,MD,Passenger,0,1,1,85,86,1.16
June 30 2023,Wake,NC,Passenger,4,0,4,86,90,4.44
March 31 2024,Tom Green,TX,Passenger,0,1,1,17,18,5.56
May 31 2022,Washington,MD,Passenger,2,0,2,12,14,14.29
April 30 2020,Oldham,KY,Passenger,0,1,1,4,5,20
June 30 2018,Franklin,MA,Passenger,0,1,1,2,3,33.33
September 30 2019,Columbia,WA,Passenger,3,2,5,2446,2451,0.2
January 31 2018,Saratoga,NY,Passenger,1,1,2,68,70,2.86
August 31 2018,Charleston,SC,Passenger,1,0,1,127,128,0.78
July 31 2022,Sarasota,FL,Passenger,2,0,2,35,37,5.41
February 29 2024,Kittitas,WA,Truck,24,0,24,14635,14659,0.16
June 30 2021,Franklin,WA,Passenger,123,97,220,61976,62196,0.35
December 31 2018,Grant,WA,Passenger,32,52,84,64193,64277,0.13
April 30 2019,Skamania,WA,Passenger,21,16,37,8705,8742,0.42
August 31 2020,Collier,FL,Passenger,1,0,1,22,23,4.35
September 30 2023,Allen,IN,Passenger,1,0,1,11,12,8.33
January 31 2022,Carroll,NH,Passenger,0,1,1,4,5,20
May 31 2019,Anne Arundel,MD,Passenger,1,1,2,442,444,0.45
January 31 2018,Okanogan,WA,Truck,0,0,0,16332,16332,0
July 31 2020,Shasta,CA,Passenger,1,0,1,38,39,2.56
December 31 2020,Adams,WA,Truck,0,0,0,5335,5335,0
May 31 2019,Boulder,CO,Passenger,1,0,1,47,48,2.08
December 31 2023,Isle of Wight,VA,Passenger,0,1,1,17,18,5.56
January 31 2019,Los Angeles,CA,Passenger,5,5,10,1130,1140,0.88
April 30 2019,Prince George's,MD,Passenger,1,1,2,188,190,1.05
February 29 2020,Island,WA,Truck,1,0,1,21321,21322,0
May 31 2020,Benton,WA,Passenger,353,321,674,134115,134789,0.5
January 31 2020,San Juan,WA,Passenger,265,83,348,14396,14744,2.36
February 29 2024,Whatcom,WA,Truck,102,0,102,42466,42568,0.24
February 29 2024,Klickitat,WA,Truck,16,0,16,8173,8189,0.2
October 31 2020,Collier,FL,Passenger,1,0,1,22,23,4.35
July 31 2023,Palm Beach,FL,Passenger,2,1,3,51,54,5.56
April 30 2023,Kitsap,WA,Truck,63,0,63,52397,52460,0.12
February 29 2024,Grant,WA,Truck,18,0,18,28047,28065,0.06
April 30 2022,Lake,IL,Passenger,3,0,3,155,158,1.9
September 30 2019,Collin,TX,Passenger,2,1,3,146,149,2.01
October 31 2021,Santa Cruz,CA,Passenger,1,0,1,28,29,3.45
November 30 2018,Gwinnett,GA,Passenger,0,1,1,79,80,1.25
May 31 2024,Richland,SC,Passenger,0,1,1,88,89,1.12
May 31 2018,Orleans,LA,Passenger,0,1,1,47,48,2.08
March 31 2018,Caddo,LA,Passenger,0,1,1,24,25,4
May 31 2018,Asotin,WA,Truck,0,0,0,6628,6628,0
October 31 2017,Marin,CA,Passenger,1,0,1,58,59,1.69
March 31 2021,Wilson,TX,Passenger,0,1,1,5,6,16.67
January 31 2022,Sevier,AR,Passenger,0,1,1,0,1,100
June 30 2022,Wood,OH,Passenger,0,1,1,6,7,14.29
February 28 2023,Napa,CA,Passenger,0,1,1,13,14,7.14
February 28 2019,Eagle,CO,Passenger,1,0,1,5,6,16.67
August 31 2019,Yakima,WA,Passenger,112,108,220,165591,165811,0.13
November 30 2018,Clark,WA,Truck,0,0,0,79719,79719,0
March 31 2024,Garfield,WA,Truck,0,0,0,990,990,0
January 31 2018,Northampton,PA,Passenger,0,1,1,64,65,1.54
February 28 2022,Okanogan,WA,Truck,0,0,0,16696,16696,0
September 30 2022,Kitsap,WA,Truck,23,0,23,53090,53113,0.04
August 31 2021,Cowlitz,WA,Truck,0,1,1,29067,29068,0
July 31 2023,Santa Clara,CA,Passenger,19,2,21,198,219,9.59
September 30 2019,Contra Costa,CA,Passenger,2,2,4,363,367,1.09
November 30 2021,Yavapai,AZ,Passenger,0,1,1,41,42,2.38
December 31 2023,Meade,KY,Passenger,1,0,1,16,17,5.88
July 31 2022,Eagle,CO,Passenger,1,0,1,6,7,14.29
October 31 2017,Stevens,WA,Truck,0,0,0,18300,18300,0
March 31 2022,Onslow,NC,Passenger,0,1,1,167,168,0.6
September 30 2023,Columbia,WA,Truck,0,0,0,1548,1548,0
April 30 2020,Hamilton,IN,Passenger,1,0,1,43,44,2.27
November 30 2020,Monroe,IL,Passenger,1,0,1,2,3,33.33
March 31 2022,Carroll,NH,Passenger,0,1,1,4,5,20
March 31 2024,Jefferson,WA,Passenger,691,292,983,23955,24938,3.94
October 31 2023,Ferry,WA,Passenger,23,4,27,4304,4331,0.62
March 31 2024,Oldham,KY,Passenger,0,1,1,2,3,33.33
June 30 2017,Skagit,WA,Passenger,141,103,244,88066,88310,0.28
March 31 2017,Adams,WA,Truck,0,0,0,5070,5070,0
June 30 2018,Kittitas,WA,Truck,0,0,0,14059,14059,0
May 31 2022,Lincoln,WA,Truck,0,0,0,4840,4840,0
June 30 2023,Stafford,VA,Passenger,3,1,4,81,85,4.71
September 30 2022,Lake,FL,Passenger,1,0,1,20,21,4.76
March 31 2023,Tooele,UT,Passenger,1,0,1,9,10,10
August 31 2023,Kern,CA,Passenger,1,1,2,174,176,1.14
February 29 2020,Montgomery,TX,Passenger,1,0,1,56,57,1.75
September 30 2022,San Bernardino,CA,Passenger,2,1,3,348,351,0.85
March 31 2017,Muscogee,GA,Passenger,0,1,1,253,254,0.39
August 31 2017,Wayne,MI,Passenger,0,1,1,70,71,1.41
January 31 2024,Lewis,WA,Truck,13,0,13,25676,25689,0.05
March 31 2024,Chelan,WA,Truck,52,0,52,23008,23060,0.23
April 30 2019,Spokane,WA,Truck,1,0,1,94352,94353,0
April 30 2020,Benton,WA,Truck,0,0,0,42475,42475,0
November 30 2021,Anne Arundel,MD,Passenger,3,1,4,361,365,1.1
December 31 2022,Goochland,VA,Passenger,2,2,4,104,108,3.7
February 29 2020,Harris,TX,Passenger,1,0,1,276,277,0.36
January 31 2024,Fulton,GA,Passenger,1,1,2,54,56,3.57
October 31 2019,Camden,NJ,Passenger,0,1,1,23,24,4.17
May 31 2018,Clallam,WA,Passenger,119,110,229,49788,50017,0.46
June 30 2020,Duval,FL,Passenger,0,2,2,366,368,0.54
November 30 2023,Pacific,WA,Truck,5,0,5,7836,7841,0.06
March 31 2020,Charleston,SC,Passenger,1,0,1,111,112,0.89
February 28 2022,Howard,MD,Passenger,0,2,2,67,69,2.9
January 31 2019,Denver,CO,Passenger,1,0,1,137,138,0.72
December 31 2022,Hudson,NJ,Passenger,2,0,2,31,33,6.06
July 31 2022,Leavenworth,KS,Passenger,0,1,1,96,97,1.03
June 30 2022,DuPage,IL,Passenger,3,1,4,50,54,7.41
December 31 2017,Richland,SC,Passenger,0,1,1,174,175,0.57
October 31 2020,Kern,CA,Passenger,0,1,1,220,221,0.45
May 31 2022,St. Louis,MO,Passenger,2,0,2,71,73,2.74
June 30 2022,King,WA,Truck,66,1,67,180735,180802,0.04
March 31 2023,Cumberland,NC,Passenger,2,4,6,341,347,1.73
November 30 2021,Hawaii,HI,Passenger,1,0,1,49,50,2
April 30 2021,San Juan,WA,Passenger,406,125,531,14142,14673,3.62
January 31 2023,Santa Cruz,CA,Passenger,1,0,1,19,20,5
May 31 2020,Orange,CA,Passenger,7,2,9,514,523,1.72
September 30 2023,Virginia Beach,VA,Passenger,5,2,7,440,447,1.57
August 31 2022,Richland,SC,Passenger,0,1,1,136,137,0.73
July 31 2019,RÃ­o Grande,PR,Passenger,1,0,1,1,2,50
March 31 2023,Rockingham,NH,Passenger,1,0,1,13,14,7.14
April 30 2020,Kent,MI,Passenger,0,1,1,26,27,3.7
March 31 2019,Bexar,TX,Passenger,2,4,6,689,695,0.86
September 30 2023,Pacific,WA,Truck,5,0,5,7824,7829,0.06
September 30 2022,District of Columbia,DC,Passenger,2,0,2,153,155,1.29
September 30 2021,Skamania,WA,Truck,0,0,0,4039,4039,0
August 31 2023,Muscogee,GA,Passenger,1,2,3,101,104,2.88
June 30 2024,Denton,TX,Passenger,1,0,1,31,32,3.12
December 31 2022,Lincoln,OR,Passenger,0,1,1,21,22,4.55
June 30 2017,Thurston,WA,Passenger,397,336,733,186579,187312,0.39
August 31 2020,Douglas,WA,Passenger,78,41,119,28001,28120,0.42
October 31 2023,Otero,NM,Passenger,0,1,1,24,25,4
March 31 2024,Anne Arundel,MD,Passenger,5,3,8,266,274,2.92
February 29 2020,Santa Rosa,FL,Passenger,1,0,1,89,90,1.11
October 31 2023,Hamilton,OH,Passenger,1,0,1,27,28,3.57
July 31 2019,Berkshire,MA,Passenger,0,1,1,4,5,20
August 31 2017,Hamilton,IN,Passenger,1,0,1,58,59,1.69
April 30 2022,Richland,SC,Passenger,0,2,2,140,142,1.41
December 31 2021,Pima,AZ,Passenger,1,1,2,290,292,0.68
March 31 2020,Grays Harbor,WA,Truck,0,0,0,20780,20780,0
March 31 2022,Monterey,CA,Passenger,0,3,3,154,157,1.91
March 31 2023,Duval,FL,Passenger,1,0,1,280,281,0.36
September 30 2021,New York,NY,Passenger,2,0,2,46,48,4.17
October 31 2023,Pulaski,MO,Passenger,2,0,2,97,99,2.02
April 30 2022,Powhatan,VA,Passenger,1,0,1,2,3,33.33
March 31 2019,Lewis,WA,Passenger,95,92,187,58512,58699,0.32
June 30 2018,Honolulu,HI,Passenger,1,2,3,534,537,0.56
April 30 2017,Palm Beach,FL,Passenger,0,2,2,100,102,1.96
September 30 2018,Franklin,WA,Truck,0,0,0,18870,18870,0
March 31 2023,Suffolk,VA,Passenger,1,0,1,115,116,0.86
April 30 2022,Montgomery,TX,Passenger,1,0,1,42,43,2.33
May 31 2018,Richland,SC,Passenger,0,1,1,174,175,0.57
May 31 2021,Snohomish,WA,Passenger,5721,2000,7721,539957,547678,1.41
March 31 2017,Honolulu,HI,Passenger,4,2,6,626,632,0.95
September 30 2021,Lake,IL,Passenger,2,0,2,172,174,1.15
November 30 2019,Fulton,GA,Passenger,0,3,3,108,111,2.7
February 28 2023,Doña Ana,NM,Passenger,1,0,1,13,14,7.14
February 28 2017,Snohomish,WA,Passenger,1604,824,2428,513969,516397,0.47
March 31 2023,San Juan,WA,Passenger,593,174,767,13844,14611,5.25
August 31 2020,Los Angeles,CA,Passenger,7,12,19,1042,1061,1.79
July 31 2017,Pima,AZ,Passenger,1,2,3,448,451,0.67
October 31 2022,San Bernardino,CA,Passenger,2,1,3,346,349,0.86
October 31 2020,Hudson,NJ,Passenger,1,0,1,40,41,2.44
September 30 2022,Orange,FL,Passenger,1,0,1,91,92,1.09
May 31 2024,Franklin,WA,Truck,15,0,15,20684,20699,0.07
October 31 2019,Asotin,WA,Truck,0,0,0,6694,6694,0
August 31 2019,Grant,WA,Passenger,45,61,106,65161,65267,0.16
March 31 2022,Stafford,VA,Passenger,2,1,3,97,100,3
November 30 2021,Goochland,VA,Passenger,3,2,5,218,223,2.24
June 30 2023,Arapahoe,CO,Passenger,1,1,2,81,83,2.41
May 31 2020,Utah,UT,Passenger,0,1,1,144,145,0.69
April 30 2022,Pacific,WA,Truck,0,0,0,7970,7970,0
June 30 2023,Palm Beach,FL,Passenger,2,1,3,54,57,5.26
October 31 2023,Douglas,WA,Passenger,236,77,313,28805,29118,1.07
October 31 2022,Skamania,WA,Truck,0,0,0,3897,3897,0
September 30 2022,DuPage,IL,Passenger,2,1,3,47,50,6
July 31 2024,Columbia,GA,Passenger,1,0,1,70,71,1.41
November 30 2020,Klamath,OR,Passenger,1,0,1,34,35,2.86
January 31 2017,Franklin,WA,Truck,0,0,0,17907,17907,0
August 31 2019,Klickitat,WA,Truck,0,0,0,8287,8287,0
September 30 2021,District of Columbia,DC,Passenger,4,0,4,182,186,2.15
August 31 2019,Owyhee,ID,Passenger,1,0,1,5,6,16.67
October 31 2020,Carroll,NH,Passenger,0,1,1,4,5,20
September 30 2018,Ferry,WA,Passenger,2,2,4,4408,4412,0.09
January 31 2022,Honolulu,HI,Passenger,4,4,8,403,411,1.95
January 31 2019,Alexandria,VA,Passenger,1,0,1,163,164,0.61
January 31 2023,New London,CT,Passenger,3,3,6,186,192,3.12
May 31 2021,Washington,MD,Passenger,1,0,1,11,12,8.33
December 31 2023,Kitsap,WA,Truck,107,0,107,51910,52017,0.21
April 30 2023,Lewis,WA,Truck,6,0,6,26067,26073,0.02
January 31 2021,Skagit,WA,Truck,1,0,1,32844,32845,0
August 31 2021,Chesapeake,VA,Passenger,0,2,2,417,419,0.48
January 31 2018,Lincoln,WA,Passenger,2,5,7,7584,7591,0.09
July 31 2018,Wahkiakum,WA,Passenger,1,1,2,2937,2939,0.07
November 30 2018,San Francisco,CA,Passenger,2,1,3,121,124,2.42
September 30 2018,Honolulu,HI,Passenger,1,2,3,531,534,0.56
March 31 2021,Whitman,WA,Passenger,54,44,98,21903,22001,0.45
October 31 2017,Klickitat,WA,Passenger,23,27,50,14807,14857,0.34
December 31 2020,Fairfax,VA,Passenger,5,2,7,721,728,0.96
July 31 2022,Jefferson,WA,Truck,3,0,3,9452,9455,0.03
October 31 2019,Shelby,TN,Passenger,0,1,1,101,102,0.98
December 31 2023,Douglas,WA,Truck,11,0,11,13034,13045,0.08
April 30 2018,Portsmouth,VA,Passenger,0,1,1,72,73,1.37
July 31 2024,Kent,DE,Passenger,1,0,1,35,36,2.78
January 31 2020,Klickitat,WA,Passenger,48,39,87,15678,15765,0.55
June 30 2022,Wahkiakum,WA,Truck,0,0,0,1803,1803,0
February 28 2019,Saratoga,NY,Passenger,1,0,1,59,60,1.67
May 31 2023,Kootenai,ID,Passenger,0,2,2,128,130,1.54
December 31 2018,Denver,CO,Passenger,1,0,1,135,136,0.74
December 31 2019,Stevens,WA,Passenger,32,31,63,31587,31650,0.2
February 28 2019,Deschutes,OR,Passenger,3,0,3,175,178,1.69
August 31 2020,Kings,NY,Passenger,1,0,1,67,68,1.47
February 28 2019,Thurston,WA,Passenger,781,593,1374,195765,197139,0.7
January 31 2021,Stevens,WA,Passenger,38,40,78,30248,30326,0.26
December 31 2021,Grays Harbor,WA,Passenger,192,157,349,49407,49756,0.7
June 30 2019,Clallam,WA,Passenger,173,141,314,50496,50810,0.62
October 31 2018,Whatcom,WA,Truck,2,0,2,42550,42552,0
April 30 2020,Clallam,WA,Truck,1,0,1,21686,21687,0
November 30 2021,Maricopa,AZ,Passenger,12,5,17,1251,1268,1.34
October 31 2022,Middlesex,NJ,Passenger,1,0,1,21,22,4.55
November 30 2023,Oldham,KY,Passenger,0,1,1,2,3,33.33
July 31 2019,Nantucket,MA,Passenger,1,0,1,2,3,33.33
June 30 2020,Sumter,FL,Passenger,0,1,1,10,11,9.09
February 28 2021,Maui,HI,Passenger,2,0,2,31,33,6.06
May 31 2022,Klickitat,WA,Passenger,98,54,152,15222,15374,0.99
April 30 2018,Dakota,MN,Passenger,0,2,2,37,39,5.13
April 30 2017,Cumberland,NC,Passenger,2,0,2,623,625,0.32
February 28 2018,Allegheny,PA,Passenger,1,0,1,86,87,1.15
January 31 2017,Douglas,OR,Passenger,0,1,1,91,92,1.09
February 29 2024,Pacific,WA,Truck,6,0,6,7812,7818,0.08
May 31 2024,Plaquemines,LA,Passenger,1,1,2,16,18,11.11
June 30 2017,Spokane,WA,Passenger,253,208,461,296754,297215,0.16
January 31 2022,Pierce,WA,Passenger,4363,2146,6509,553212,559721,1.16
April 30 2019,Asotin,WA,Passenger,12,8,20,12655,12675,0.16
June 30 2021,Klickitat,WA,Truck,0,0,0,8289,8289,0
May 31 2021,Hennepin,MN,Passenger,2,0,2,81,83,2.41
August 31 2020,Orange,CA,Passenger,7,2,9,500,509,1.77
May 31 2022,Rockdale,GA,Passenger,1,0,1,7,8,12.5
March 31 2020,Snohomish,WA,Truck,0,0,0,123695,123695,0
January 31 2018,Gwinnett,GA,Passenger,0,1,1,84,85,1.18
November 30 2023,Mason,WA,Passenger,536,224,760,46202,46962,1.62
May 31 2017,Okanogan,WA,Passenger,3,16,19,25680,25699,0.07
February 29 2024,Spokane,WA,Truck,77,0,77,101418,101495,0.08
June 30 2018,Virginia Beach,VA,Passenger,2,1,3,686,689,0.44
August 31 2023,Kings,CA,Passenger,5,2,7,282,289,2.42
July 31 2018,San Francisco,CA,Passenger,1,1,2,127,129,1.55
September 30 2021,Williams,ND,Passenger,0,1,1,8,9,11.11
March 31 2020,Jefferson,WA,Truck,0,0,0,9590,9590,0
August 31 2021,Allegheny,PA,Passenger,2,1,3,76,79,3.8
October 31 2021,Richland,SC,Passenger,0,2,2,138,140,1.43
April 30 2017,Prince George's,MD,Passenger,0,1,1,181,182,0.55
June 30 2023,Lexington,SC,Passenger,1,0,1,23,24,4.17
October 31 2019,Prince George's,MD,Passenger,1,1,2,181,183,1.09
January 31 2022,Denton,TX,Passenger,2,0,2,79,81,2.47
December 31 2021,Hawaii,HI,Passenger,1,0,1,48,49,2.04
December 31 2022,Meade,KY,Passenger,1,0,1,21,22,4.55
January 31 2023,Hamilton,OH,Truck,1,0,1,4,5,20
December 31 2018,San Mateo,CA,Passenger,2,1,3,134,137,2.19
October 31 2022,Broward,FL,Passenger,1,0,1,75,76,1.32
January 31 2019,Maui,HI,Passenger,2,0,2,53,55,3.64
December 31 2019,Hawaii,HI,Passenger,1,0,1,64,65,1.54
August 31 2023,San Diego,CA,Truck,1,0,1,436,437,0.23
June 30 2021,Saginaw,MI,Passenger,1,0,1,8,9,11.11
April 30 2022,Jefferson,WA,Passenger,415,211,626,24705,25331,2.47
August 31 2022,San Mateo,CA,Passenger,1,0,1,86,87,1.15
November 30 2018,Kalamazoo,MI,Passenger,1,0,1,17,18,5.56
January 31 2022,Hawaii,HI,Passenger,1,0,1,45,46,2.17
September 30 2023,Lexington,SC,Passenger,1,0,1,20,21,4.76
July 31 2023,Skamania,WA,Truck,1,0,1,3846,3847,0.03
January 31 2023,Nueces,TX,Passenger,0,1,1,55,56,1.79
May 31 2018,DeKalb,GA,Passenger,1,0,1,84,85,1.18
March 31 2024,Goochland,VA,Passenger,1,0,1,36,37,2.7
August 31 2022,Lee,FL,Passenger,1,0,1,33,34,2.94
February 29 2024,Rock Island,IL,Passenger,0,1,1,12,13,7.69
September 30 2020,Randolph,NC,Passenger,1,0,1,8,9,11.11
September 30 2020,Harford,MD,Passenger,0,1,1,60,61,1.64
April 30 2024,Contra Costa,CA,Passenger,2,1,3,134,137,2.19
May 31 2022,Hillsborough,FL,Passenger,1,2,3,139,142,2.11
June 30 2017,Grant,WA,Truck,0,0,0,25217,25217,0
July 31 2023,Calvert,MD,Passenger,1,1,2,78,80,2.5
February 29 2020,Arlington,VA,Passenger,0,2,2,159,161,1.24
September 30 2020,Maui,HI,Passenger,2,0,2,33,35,5.71
October 31 2020,Cumberland,NC,Passenger,1,3,4,462,466,0.86
May 31 2021,Greene,MO,Passenger,0,1,1,35,36,2.78
August 31 2023,Maui,HI,Passenger,1,0,1,23,24,4.17
July 31 2020,Boulder,CO,Passenger,1,1,2,48,50,4
June 30 2019,Kitsap,WA,Truck,1,0,1,54081,54082,0
January 31 2022,Larimer,CO,Passenger,1,0,1,45,46,2.17
January 31 2023,Contra Costa,CA,Passenger,0,2,2,196,198,1.01
November 30 2022,Cook,IL,Passenger,2,0,2,191,193,1.04
November 30 2020,Snohomish,WA,Passenger,4954,1821,6775,537798,544573,1.24
July 31 2020,Franklin,WA,Passenger,65,78,143,60748,60891,0.23
November 30 2020,Orange,CA,Passenger,5,3,8,478,486,1.65
November 30 2019,Salt Lake,UT,Passenger,1,0,1,207,208,0.48
June 30 2021,Garfield,WA,Truck,0,0,0,996,996,0
December 31 2017,Howard,MD,Passenger,0,2,2,89,91,2.2
November 30 2023,Mercer,NJ,Passenger,0,1,1,7,8,12.5
July 31 2021,Clark,WA,Truck,0,0,0,84215,84215,0
October 31 2017,Benton,WA,Truck,0,0,0,40388,40388,0
September 30 2023,Ferry,WA,Truck,0,0,0,3544,3544,0
August 31 2017,Riverside,CA,Passenger,1,2,3,781,784,0.38
August 31 2023,Sarpy,NE,Passenger,1,0,1,56,57,1.75
September 30 2020,Sedgwick,KS,Passenger,1,1,2,95,97,2.06
June 30 2022,Lincoln,OR,Passenger,0,1,1,30,31,3.23
September 30 2022,Deschutes,OR,Passenger,2,0,2,93,95,2.11
December 31 2023,El Dorado,CA,Passenger,1,0,1,18,19,5.26
November 30 2019,King,WA,Truck,6,1,7,182288,182295,0
September 30 2021,Whatcom,WA,Truck,4,0,4,43785,43789,0.01
December 31 2017,Douglas,WA,Truck,0,0,0,11755,11755,0
May 31 2019,Ferry,WA,Passenger,5,2,7,4385,4392,0.16
January 31 2022,Portsmouth,VA,Passenger,0,1,1,76,77,1.3
April 30 2022,Ada,ID,Passenger,1,0,1,194,195,0.51
May 31 2019,Saratoga,NY,Passenger,1,0,1,52,53,1.89
April 30 2024,Garfield,WA,Passenger,0,3,3,1309,1312,0.23
March 31 2018,Klickitat,WA,Passenger,26,27,53,14971,15024,0.35
May 31 2021,Kootenai,ID,Passenger,0,1,1,202,203,0.49
March 31 2022,Fulton,GA,Passenger,1,1,2,80,82,2.44
April 30 2019,Spokane,WA,Passenger,511,406,917,309476,310393,0.3
July 31 2018,Pacific,WA,Passenger,19,21,40,15611,15651,0.26
January 31 2024,Alexandria,VA,Passenger,3,0,3,87,90,3.33
June 30 2021,Yamhill,OR,Passenger,1,0,1,42,43,2.33
August 31 2019,Kitsap,WA,Truck,1,0,1,54149,54150,0
July 31 2022,Okanogan,WA,Truck,1,0,1,16572,16573,0.01
May 31 2018,Lincoln,WA,Truck,0,0,0,4536,4536,0
May 31 2019,Douglas,WA,Passenger,56,36,92,27997,28089,0.33
March 31 2024,Fulton,GA,Passenger,0,1,1,50,51,1.96
November 30 2020,Santa Clara,CA,Passenger,7,2,9,292,301,2.99
October 31 2019,Pacific,WA,Passenger,30,29,59,16102,16161,0.37
August 31 2020,Jefferson,WA,Truck,0,0,0,9536,9536,0
March 31 2021,Washoe,NV,Passenger,1,0,1,101,102,0.98
March 31 2024,El Dorado,CA,Passenger,1,0,1,15,16,6.25
June 30 2021,Lewis,WA,Truck,0,0,0,26851,26851,0
April 30 2021,New London,CT,Passenger,1,2,3,225,228,1.32
August 31 2020,Nueces,TX,Passenger,1,0,1,86,87,1.15
November 30 2022,Monterey,CA,Passenger,0,3,3,148,151,1.99
March 31 2020,Penobscot,ME,Passenger,0,1,1,15,16,6.25
December 31 2018,Douglas,NE,Passenger,0,1,1,68,69,1.45
March 31 2020,Adams,WA,Truck,0,0,0,5217,5217,0
December 31 2023,Hardin,KY,Passenger,1,0,1,57,58,1.72
October 31 2018,Saratoga,NY,Passenger,1,0,1,57,58,1.72
June 30 2017,Whitman,WA,Passenger,10,20,30,22036,22066,0.14
October 31 2019,Multnomah,OR,Passenger,4,6,10,749,759,1.32
August 31 2023,Charleston,SC,Passenger,1,2,3,52,55,5.45
February 28 2019,DuPage,IL,Passenger,1,0,1,65,66,1.52
August 31 2021,Spokane,WA,Passenger,1158,684,1842,325691,327533,0.56
August 31 2021,Franklin,WA,Truck,0,0,0,20711,20711,0
June 30 2019,Loudoun,VA,Passenger,1,0,1,97,98,1.02
February 29 2024,Rockingham,NH,Passenger,1,0,1,8,9,11.11
June 30 2023,Hamilton,OH,Passenger,1,0,1,34,35,2.86
November 30 2023,Grays Harbor,WA,Passenger,362,225,587,48115,48702,1.21
December 31 2017,Adams,WA,Passenger,4,5,9,12403,12412,0.07
August 31 2019,Pinellas,FL,Passenger,1,1,2,123,125,1.6
December 31 2019,Suffolk,VA,Passenger,1,0,1,125,126,0.79
March 31 2020,Queens,NY,Passenger,1,0,1,53,54,1.85
January 31 2022,Newport,RI,Passenger,0,1,1,79,80,1.25
October 31 2017,Frederick,MD,Passenger,0,1,1,84,85,1.18
March 31 2024,San Benito,CA,Passenger,1,0,1,3,4,25
May 31 2019,Frederick,MD,Passenger,1,1,2,77,79,2.53
May 31 2020,Benton,WA,Truck,0,0,0,42462,42462,0
April 30 2020,Stafford,VA,Passenger,1,1,2,97,99,2.02
September 30 2021,Hawaii,HI,Passenger,1,0,1,50,51,1.96
October 31 2019,Washtenaw,MI,Passenger,1,0,1,41,42,2.38
December 31 2017,Hawaii,HI,Passenger,1,0,1,83,84,1.19
December 31 2019,Klamath,OR,Passenger,1,0,1,39,40,2.5
June 30 2023,Columbia,OR,Passenger,1,0,1,13,14,7.14
June 30 2024,Doña Ana,NM,Passenger,1,0,1,10,11,9.09
August 31 2020,Anne Arundel,MD,Passenger,0,1,1,396,397,0.25
September 30 2023,Wahkiakum,WA,Passenger,27,19,46,3038,3084,1.49
December 31 2020,Jefferson,WA,Truck,0,0,0,9583,9583,0
June 30 2024,Island,WA,Truck,57,0,57,20518,20575,0.28
August 31 2021,Skamania,WA,Truck,0,0,0,4033,4033,0
May 31 2023,Sacramento,CA,Truck,1,0,1,32,33,3.03
April 30 2019,Clallam,WA,Truck,0,0,0,21678,21678,0
June 30 2018,Cochise,AZ,Passenger,0,1,1,118,119,0.84
December 31 2020,Pend Oreille,WA,Truck,0,0,0,5714,5714,0
August 31 2021,Boone,MO,Passenger,0,1,1,11,12,8.33
September 30 2022,Williams,ND,Passenger,0,1,1,6,7,14.29
August 31 2019,King,WA,Truck,6,1,7,182213,182220,0
July 31 2021,Allen,IN,Passenger,1,0,1,20,21,4.76
October 31 2021,Boulder,CO,Passenger,2,1,3,47,50,6
May 31 2018,Tulsa,OK,Passenger,0,1,1,55,56,1.79
August 31 2021,Ray,MO,Passenger,0,1,1,1,2,50
August 31 2021,Kauai,HI,Passenger,1,0,1,21,22,4.55
July 31 2021,Klickitat,WA,Passenger,77,50,127,15329,15456,0.82
October 31 2023,Wichita,TX,Passenger,1,0,1,34,35,2.86
August 31 2017,Marin,CA,Passenger,1,0,1,58,59,1.69
March 31 2018,Kent,MI,Passenger,0,1,1,34,35,2.86
November 30 2021,San Joaquin,CA,Passenger,1,1,2,104,106,1.89
May 31 2020,Stevens,WA,Truck,0,0,0,18593,18593,0
February 28 2019,Cowlitz,WA,Truck,0,0,0,28721,28721,0
August 31 2019,Broward,FL,Passenger,2,1,3,131,134,2.24
October 31 2019,Sacramento,CA,Passenger,0,1,1,307,308,0.32
July 31 2021,Santa Cruz,CA,Passenger,1,0,1,26,27,3.7
September 30 2020,New York,NY,Passenger,2,0,2,62,64,3.12
January 31 2023,Kootenai,ID,Passenger,0,2,2,148,150,1.33
February 28 2021,Flathead,MT,Passenger,2,0,2,54,56,3.57
May 31 2024,Denton,TX,Passenger,1,0,1,35,36,2.78
August 31 2020,Portsmouth,VA,Passenger,0,1,1,70,71,1.41
July 31 2023,Skamania,WA,Passenger,113,57,170,8041,8211,2.07
December 31 2018,Clackamas,OR,Passenger,1,1,2,220,222,0.9
June 30 2018,Arlington,VA,Passenger,1,2,3,175,178,1.69
June 30 2018,Northampton,PA,Passenger,0,1,1,65,66,1.52
April 30 2023,Yakima,WA,Passenger,466,241,707,165782,166489,0.42
January 31 2020,Clark,NV,Passenger,4,3,7,721,728,0.96
August 31 2022,Ada,ID,Passenger,1,0,1,173,174,0.57
February 28 2023,Stafford,VA,Passenger,3,1,4,87,91,4.4
May 31 2022,Howard,IN,Passenger,0,1,1,4,5,20
June 30 2021,Pinellas,FL,Passenger,0,1,1,102,103,0.97
August 31 2019,Wayne,MI,Passenger,0,1,1,66,67,1.49
September 30 2023,Charlottesville,VA,Passenger,0,1,1,2,3,33.33
May 31 2022,Marion,OR,Passenger,1,0,1,110,111,0.9
January 31 2021,Grant,WA,Passenger,87,84,171,66076,66247,0.26
July 31 2019,Santa Rosa,FL,Passenger,1,0,1,92,93,1.08
October 31 2022,Plaquemines,LA,Passenger,1,1,2,19,21,9.52
April 30 2023,St. Louis,MN,Passenger,0,1,1,8,9,11.11
July 31 2021,Plaquemines,LA,Passenger,0,1,1,16,17,5.88
March 31 2020,Wilson,TX,Passenger,0,1,1,8,9,11.11
February 29 2020,Carson City,NV,Passenger,1,0,1,10,11,9.09
March 31 2022,Sarasota,FL,Passenger,2,0,2,36,38,5.26
June 30 2017,Stevens,WA,Truck,0,0,0,18270,18270,0
August 31 2017,Mason,WA,Truck,0,0,0,19323,19323,0
November 30 2023,Douglas,CO,Passenger,0,2,2,49,51,3.92
April 30 2020,New London,CT,Passenger,1,1,2,237,239,0.84
June 30 2020,Nassau,FL,Passenger,1,0,1,38,39,2.56
November 30 2022,Williamsburg,VA,Passenger,0,1,1,7,8,12.5
June 30 2017,Hamilton,TN,Passenger,1,0,1,21,22,4.55
April 30 2020,Kern,CA,Passenger,0,1,1,226,227,0.44
January 31 2020,Vigo,IN,Passenger,1,0,1,6,7,14.29
July 31 2021,Pend Oreille,WA,Passenger,15,7,22,9255,9277,0.24
September 30 2022,Ferry,WA,Passenger,22,4,26,4394,4420,0.59
October 31 2017,Grant,WA,Truck,0,0,0,25452,25452,0
May 31 2021,Alexandria,VA,Passenger,3,0,3,133,136,2.21
September 30 2017,Montgomery,MD,Passenger,1,0,1,313,314,0.32
July 31 2024,Mason,WA,Passenger,640,261,901,44773,45674,1.97
July 31 2017,Frederick,MD,Passenger,0,1,1,82,83,1.2
July 31 2021,St. Louis,MO,Passenger,1,0,1,86,87,1.15
November 30 2021,Douglas,WA,Truck,0,0,0,12685,12685,0
May 31 2021,Charleston,SC,Passenger,2,0,2,89,91,2.2
May 31 2021,Ferry,WA,Truck,0,0,0,3663,3663,0
December 31 2022,El Paso,CO,Passenger,3,3,6,579,585,1.03
February 29 2024,Prince William,VA,Passenger,2,4,6,143,149,4.03
November 30 2021,Monterey,CA,Passenger,0,3,3,161,164,1.83
May 31 2022,Rock Island,IL,Passenger,0,1,1,14,15,6.67
November 30 2017,King,WA,Truck,7,1,8,185464,185472,0
January 31 2020,Kittitas,WA,Passenger,93,47,140,30074,30214,0.46
May 31 2023,Whitman,WA,Passenger,144,75,219,21918,22137,0.99
July 31 2019,Maricopa,AZ,Passenger,7,6,13,1624,1637,0.79
May 31 2019,Los Angeles,CA,Passenger,6,5,11,1136,1147,0.96
May 31 2023,Fairfax,VA,Passenger,9,2,11,603,614,1.79
December 31 2017,Orange,FL,Passenger,1,1,2,141,143,1.4
June 30 2020,Sacramento,CA,Passenger,1,1,2,283,285,0.7
October 31 2017,Latah,ID,Passenger,0,1,1,87,88,1.14
March 31 2020,King,WA,Passenger,23878,7718,31596,1396278,1427874,2.21
October 31 2018,Whatcom,WA,Passenger,701,340,1041,148763,149804,0.69
April 30 2022,Spokane,WA,Truck,0,0,0,102291,102291,0
October 31 2017,Utah,UT,Passenger,0,1,1,151,152,0.66
January 31 2024,Nueces,TX,Passenger,0,1,1,47,48,2.08
February 29 2020,Lewis,WA,Truck,0,0,0,26101,26101,0
May 31 2022,Clackamas,OR,Passenger,2,0,2,164,166,1.2
April 30 2023,Mercer,NJ,Passenger,0,1,1,12,13,7.69
January 31 2024,St. Louis,MN,Passenger,0,1,1,4,5,20
May 31 2022,Kitsap,WA,Truck,3,0,3,53584,53587,0.01
February 28 2021,Nueces,TX,Passenger,1,0,1,83,84,1.19
October 31 2022,Carroll,NH,Passenger,0,1,1,4,5,20
January 31 2018,Wahkiakum,WA,Passenger,0,2,2,2844,2846,0.07
March 31 2022,Benton,WA,Truck,1,0,1,43589,43590,0
May 31 2021,Wahkiakum,WA,Passenger,13,7,20,3111,3131,0.64
May 31 2019,Ferry,WA,Truck,0,0,0,3589,3589,0
August 31 2022,Norfolk,MA,Passenger,1,0,1,25,26,3.85
November 30 2022,Wilson,TX,Passenger,0,1,1,3,4,25
October 31 2021,Powhatan,VA,Passenger,1,0,1,1,2,50
March 31 2020,Pierce,WA,Truck,0,0,0,141528,141528,0
March 31 2023,Chelan,WA,Truck,23,0,23,23137,23160,0.1
May 31 2024,Fredericksburg,VA,Passenger,1,0,1,4,5,20
July 31 2019,Clay,FL,Passenger,0,1,1,88,89,1.12
October 31 2023,Isle of Wight,VA,Passenger,0,1,1,17,18,5.56
September 30 2017,St. Clair,IL,Passenger,0,1,1,168,169,0.59
September 30 2019,Chelan,WA,Truck,0,0,0,22415,22415,0
November 30 2017,Nueces,TX,Passenger,1,1,2,91,93,2.15
July 31 2017,Moore,NC,Passenger,0,1,1,194,195,0.51
January 31 2021,San Juan,WA,Truck,0,0,0,5863,5863,0
February 28 2021,Richland,SC,Passenger,0,1,1,144,145,0.69
November 30 2022,Collin,TX,Passenger,4,0,4,79,83,4.82
December 31 2019,Rogers,OK,Passenger,1,0,1,9,10,10
October 31 2017,San Diego,CA,Passenger,5,2,7,2618,2625,0.27
May 31 2023,Lewis,WA,Truck,7,0,7,26018,26025,0.03
July 31 2021,Columbia,WA,Truck,0,0,0,1554,1554,0
June 30 2023,Chelan,WA,Passenger,641,163,804,54219,55023,1.46
June 30 2024,Allen,IN,Passenger,1,1,2,7,9,22.22
April 30 2022,Fredericksburg,VA,Passenger,1,0,1,8,9,11.11
September 30 2019,Clark,WA,Passenger,1700,983,2683,315991,318674,0.84
March 31 2018,Yakima,WA,Passenger,63,81,144,162796,162940,0.09
April 30 2022,San Juan,WA,Passenger,494,155,649,14113,14762,4.4
July 31 2024,Okanogan,WA,Truck,17,0,17,15834,15851,0.11
December 31 2022,Escambia,FL,Passenger,0,1,1,143,144,0.69
April 30 2024,Sedgwick,KS,Passenger,0,1,1,42,43,2.33
August 31 2020,Larimer,CO,Passenger,1,0,1,45,46,2.17
October 31 2018,Camden,NJ,Passenger,0,1,1,27,28,3.57
December 31 2023,Collier,FL,Passenger,1,0,1,11,12,8.33
January 31 2021,Skagit,WA,Passenger,519,243,762,91376,92138,0.83
July 31 2019,Kitsap,WA,Truck,1,0,1,54114,54115,0
December 31 2023,Kittitas,WA,Passenger,464,119,583,29414,29997,1.94
July 31 2020,Franklin,WA,Truck,0,0,0,20089,20089,0
June 30 2021,Vigo,IN,Passenger,1,0,1,5,6,16.67
October 31 2023,Lake,IN,Passenger,0,1,1,6,7,14.29
June 30 2023,Snohomish,WA,Passenger,12645,3061,15706,527832,543538,2.89
June 30 2023,Howard,MD,Passenger,0,2,2,60,62,3.23
May 31 2020,,,Passenger,7,1,8,391,399,2.01
July 31 2020,Wahkiakum,WA,Truck,0,0,0,1742,1742,0
October 31 2019,King,WA,Truck,6,1,7,182338,182345,0
July 31 2021,Klickitat,WA,Truck,0,0,0,8301,8301,0
March 31 2023,Cowlitz,WA,Passenger,434,195,629,70017,70646,0.89
October 31 2020,Charles,MD,Passenger,1,1,2,81,83,2.41
February 28 2023,Frederick,MD,Passenger,1,0,1,57,58,1.72
December 31 2018,Nassau,NY,Passenger,3,0,3,38,41,7.32
November 30 2021,Douglas,NE,Passenger,1,1,2,52,54,3.7
August 31 2017,Thurston,WA,Passenger,420,359,779,187703,188482,0.41
July 31 2018,Douglas,WA,Passenger,43,32,75,27717,27792,0.27
January 31 2021,Lincoln,WA,Truck,0,0,0,4691,4691,0
February 29 2024,DeKalb,GA,Passenger,1,0,1,33,34,2.94
December 31 2022,Kittitas,WA,Truck,5,0,5,14561,14566,0.03
May 31 2021,Garfield,WA,Passenger,0,2,2,1364,1366,0.15
November 30 2021,Okanogan,WA,Truck,0,0,0,16673,16673,0
October 31 2022,Allegheny,PA,Passenger,2,1,3,67,70,4.29
February 28 2021,Queens,NY,Passenger,2,0,2,52,54,3.7
May 31 2017,Lee,AL,Passenger,1,0,1,36,37,2.7
January 31 2024,Collin,TX,Passenger,3,0,3,38,41,7.32
October 31 2018,Cochise,AZ,Passenger,0,1,1,118,119,0.84
August 31 2023,Klickitat,WA,Passenger,162,65,227,15096,15323,1.48
September 30 2017,Asotin,WA,Passenger,7,5,12,12454,12466,0.1
June 30 2021,Monterey,CA,Passenger,0,2,2,165,167,1.2
April 30 2024,Ada,ID,Passenger,2,0,2,89,91,2.2
October 31 2022,St. Clair,IL,Passenger,1,0,1,126,127,0.79
March 31 2022,Howard,MD,Passenger,0,2,2,69,71,2.82
November 30 2018,Santa Rosa,FL,Passenger,1,0,1,90,91,1.1
November 30 2019,St. Mary's,MD,Passenger,1,0,1,212,213,0.47
January 31 2023,Portsmouth,VA,Passenger,0,1,1,66,67,1.49
March 31 2021,Fort Bend,TX,Passenger,1,0,1,39,40,2.5
April 30 2022,Hillsborough,FL,Passenger,0,3,3,139,142,2.11
June 30 2022,Saratoga,NY,Passenger,1,0,1,43,44,2.27
December 31 2019,RÃ­o Grande,PR,Passenger,1,0,1,1,2,50
November 30 2018,Okanogan,WA,Passenger,15,22,37,26120,26157,0.14
January 31 2019,Dale,AL,Passenger,0,1,1,53,54,1.85
July 31 2023,District of Columbia,DC,Passenger,2,0,2,136,138,1.45
April 30 2018,Shelby,TN,Passenger,0,1,1,104,105,0.95
December 31 2022,Mohave,AZ,Passenger,1,0,1,45,46,2.17
January 31 2017,Cascade,MT,Passenger,0,1,1,65,66,1.52
August 31 2021,Fairbanks North Star,AK,Passenger,0,1,1,84,85,1.18
August 31 2023,Charlottesville,VA,Passenger,0,1,1,1,2,50
July 31 2019,King,WA,Passenger,19622,7110,26732,1390611,1417343,1.89
June 30 2018,Thurston,WA,Passenger,571,480,1051,192928,193979,0.54
September 30 2018,Adams,WA,Passenger,5,5,10,12676,12686,0.08
November 30 2022,Nueces,TX,Passenger,0,1,1,56,57,1.75
December 31 2021,Norfolk,MA,Passenger,1,0,1,28,29,3.45
July 31 2020,Denver,CO,Passenger,1,0,1,119,120,0.83
June 30 2023,Charleston,SC,Passenger,1,2,3,54,57,5.26
August 31 2023,Frederick,MD,Passenger,2,1,3,50,53,5.66
January 31 2017,King,WA,Passenger,8803,3620,12423,1387015,1399438,0.89
August 31 2020,Maricopa,AZ,Passenger,5,10,15,1501,1516,0.99
March 31 2022,Clackamas,OR,Passenger,2,0,2,168,170,1.18
April 30 2023,Maricopa,AZ,Passenger,16,5,21,817,838,2.51
January 31 2021,Kern,CA,Passenger,0,1,1,216,217,0.46
October 31 2020,Kauai,HI,Passenger,1,0,1,17,18,5.56
December 31 2019,Larimer,CO,Passenger,1,0,1,52,53,1.89
May 31 2023,Shasta,CA,Passenger,1,0,1,26,27,3.7
March 31 2024,King,WA,Passenger,74813,18266,93079,1307127,1400206,6.65
September 30 2019,Jefferson,WA,Truck,0,0,0,9679,9679,0
April 30 2024,Skagit,WA,Truck,41,0,41,31419,31460,0.13
May 31 2024,Kern,CA,Passenger,1,1,2,136,138,1.45
June 30 2020,Charles,MD,Passenger,1,1,2,78,80,2.5
November 30 2023,Ada,ID,Passenger,2,0,2,107,109,1.83
February 29 2020,Stevens,WA,Passenger,34,33,67,31425,31492,0.21
October 31 2018,Alameda,CA,Passenger,0,2,2,343,345,0.58
September 30 2021,Maui,HI,Passenger,1,0,1,28,29,3.45
December 31 2020,Ramsey,MN,Passenger,1,0,1,42,43,2.33
May 31 2024,Nueces,TX,Passenger,1,1,2,43,45,4.44
July 31 2017,Utah,UT,Passenger,0,1,1,162,163,0.61
March 31 2021,Lewis,WA,Truck,0,0,0,26807,26807,0
March 31 2019,Spokane,WA,Truck,1,0,1,93989,93990,0
June 30 2022,Asotin,WA,Truck,0,0,0,6711,6711,0
March 31 2019,San Francisco,CA,Passenger,2,1,3,115,118,2.54
April 30 2024,San Juan,WA,Truck,31,0,31,5864,5895,0.53
December 31 2023,Montgomery,AL,Passenger,1,1,2,32,34,5.88
September 30 2022,Albemarle,VA,Passenger,2,0,2,18,20,10
October 31 2023,Shasta,CA,Passenger,1,0,1,24,25,4
August 31 2023,Grant,WA,Truck,12,0,12,28109,28121,0.04
September 30 2020,Chelan,WA,Truck,0,0,0,22714,22714,0
November 30 2019,Fresno,CA,Passenger,1,0,1,207,208,0.48
January 31 2024,Hardin,KY,Passenger,1,0,1,57,58,1.72
April 30 2019,Randolph,NC,Passenger,1,0,1,6,7,14.29
December 31 2017,Montgomery,TX,Passenger,1,0,1,63,64,1.56
January 31 2024,Garfield,WA,Passenger,0,3,3,1298,1301,0.23
May 31 2022,Riverside,CA,Passenger,8,1,9,515,524,1.72
January 31 2022,Nassau,NY,Passenger,3,0,3,34,37,8.11
February 28 2019,Boulder,CO,Passenger,1,0,1,51,52,1.92
December 31 2020,Owyhee,ID,Passenger,1,0,1,4,5,20
April 30 2021,Clark,WA,Passenger,2683,1329,4012,321425,325437,1.23
June 30 2022,District of Columbia,DC,Passenger,2,0,2,165,167,1.2
June 30 2024,Pulaski,AR,Truck,1,0,1,4,5,20
August 31 2019,Spokane,WA,Truck,1,0,1,95491,95492,0
April 30 2022,Skagit,WA,Truck,1,0,1,32452,32453,0
August 31 2023,Whitman,WA,Truck,5,0,5,8665,8670,0.06
December 31 2022,Walla Walla,WA,Truck,3,0,3,13863,13866,0.02
July 31 2021,Leavenworth,KS,Passenger,0,1,1,112,113,0.88
November 30 2018,Harnett,NC,Passenger,1,0,1,236,237,0.42
December 31 2023,New Haven,CT,Passenger,0,2,2,23,25,8
June 30 2022,Pinellas,FL,Passenger,0,1,1,83,84,1.19
December 31 2020,Manassas,VA,Passenger,0,1,1,5,6,16.67
January 31 2019,St. Mary's,MD,Passenger,1,0,1,205,206,0.49
September 30 2022,Chelan,WA,Truck,6,0,6,23064,23070,0.03
January 31 2024,Adams,CO,Passenger,1,0,1,22,23,4.35
October 31 2021,Clinton,PA,Passenger,1,0,1,0,1,100
September 30 2023,Okanogan,WA,Truck,7,0,7,16384,16391,0.04
February 28 2021,Adams,WA,Truck,0,0,0,5342,5342,0
April 30 2020,Lewis,WA,Passenger,99,108,207,58635,58842,0.35
May 31 2023,Monterey,CA,Passenger,0,3,3,138,141,2.13
November 30 2018,Tarrant,TX,Passenger,1,0,1,210,211,0.47
October 31 2023,Sarpy,NE,Passenger,1,0,1,56,57,1.75
April 30 2024,Williamson,TX,Passenger,1,1,2,45,47,4.26
September 30 2022,San Juan,WA,Passenger,535,162,697,13986,14683,4.75
October 31 2020,Anne Arundel,MD,Passenger,1,1,2,399,401,0.5
December 31 2019,Manassas,VA,Passenger,0,1,1,6,7,14.29
January 31 2017,Marion,FL,Passenger,1,0,1,27,28,3.57
July 31 2018,Santa Clara,CA,Passenger,7,0,7,383,390,1.79
October 31 2017,Walla Walla,WA,Truck,0,0,0,13255,13255,0
July 31 2020,Arapahoe,CO,Passenger,1,0,1,135,136,0.74
August 31 2021,Powhatan,VA,Passenger,1,0,1,1,2,50
May 31 2020,Valencia,NM,Passenger,1,0,1,7,8,12.5
March 31 2023,Mason,WA,Passenger,401,200,601,46393,46994,1.28
October 31 2023,Adams,WA,Passenger,29,13,42,13126,13168,0.32
January 31 2024,Riverside,CA,Passenger,5,0,5,362,367,1.36
December 31 2022,Pend Oreille,WA,Truck,0,0,0,5583,5583,0
September 30 2018,Lincoln,WA,Truck,0,0,0,4579,4579,0
April 30 2019,New Haven,CT,Passenger,0,2,2,49,51,3.92
November 30 2019,Eagle,CO,Passenger,1,0,1,6,7,14.29
November 30 2019,Saginaw,MI,Passenger,1,0,1,11,12,8.33
January 31 2024,Wichita,TX,Passenger,1,0,1,32,33,3.03
February 28 2017,Honolulu,HI,Passenger,4,2,6,638,644,0.93
February 28 2019,Harnett,NC,Passenger,1,0,1,220,221,0.45
March 31 2019,DuPage,IL,Passenger,1,0,1,65,66,1.52
June 30 2019,Garfield,WA,Truck,0,0,0,962,962,0
November 30 2020,Kern,CA,Passenger,0,1,1,217,218,0.46
June 30 2023,Ulster,NY,Passenger,1,0,1,9,10,10
October 31 2022,Loudoun,VA,Passenger,3,1,4,65,69,5.8
December 31 2020,Bexar,TX,Passenger,2,5,7,600,607,1.15
February 29 2020,Allegheny,PA,Passenger,2,0,2,83,85,2.35
June 30 2019,Ventura,CA,Passenger,0,2,2,328,330,0.61
February 28 2019,Beaufort,SC,Passenger,1,0,1,40,41,2.44
April 30 2021,Carson City,NV,Passenger,1,0,1,11,12,8.33
December 31 2023,Snohomish,WA,Truck,281,0,281,120529,120810,0.23
May 31 2022,Cowlitz,WA,Passenger,322,175,497,70626,71123,0.7
May 31 2024,Duval,FL,Passenger,1,0,1,194,195,0.51
December 31 2019,Lake,CA,Passenger,0,1,1,11,12,8.33
April 30 2023,Orange,NC,Passenger,0,1,1,6,7,14.29
February 29 2020,Twin Falls,ID,Passenger,0,1,1,32,33,3.03
December 31 2020,Island,WA,Truck,0,0,0,21336,21336,0
December 31 2019,Travis,TX,Passenger,4,1,5,213,218,2.29
February 29 2024,Newport,RI,Passenger,0,2,2,51,53,3.77
May 31 2019,Manassas,VA,Passenger,0,1,1,8,9,11.11
August 31 2022,Henrico,VA,Passenger,0,1,1,13,14,7.14
February 28 2019,Clark,WA,Truck,0,0,0,79950,79950,0
November 30 2018,Fairfax,VA,Passenger,2,1,3,809,812,0.37
September 30 2022,Alexandria,VA,Passenger,4,0,4,109,113,3.54
July 31 2024,El Paso,CO,Passenger,7,3,10,383,393,2.54
September 30 2017,Manassas,VA,Passenger,0,1,1,9,10,10
January 31 2024,San Benito,CA,Passenger,1,0,1,4,5,20
June 30 2024,Kootenai,ID,Truck,1,0,1,18,19,5.26
July 31 2024,Williamsburg,VA,Passenger,0,1,1,2,3,33.33
June 30 2024,Pierce,WA,Truck,325,0,325,131289,131614,0.25
April 30 2023,Skagit,WA,Passenger,1052,388,1440,88912,90352,1.59
August 31 2018,Klickitat,WA,Passenger,24,32,56,15278,15334,0.37
November 30 2021,Franklin,WA,Truck,0,0,0,20766,20766,0
April 30 2021,Kootenai,ID,Passenger,0,1,1,204,205,0.49
August 31 2018,Skagit,WA,Passenger,221,169,390,90823,91213,0.43
February 28 2019,Walla Walla,WA,Passenger,43,54,97,36056,36153,0.27
September 30 2023,Walla Walla,WA,Truck,7,0,7,13679,13686,0.05
May 31 2020,DeKalb,GA,Passenger,1,0,1,84,85,1.18
June 30 2023,Hamilton,OH,Truck,1,0,1,4,5,20
June 30 2022,Owyhee,ID,Passenger,1,0,1,3,4,25
April 30 2018,Carroll,NH,Passenger,0,1,1,1,2,50
April 30 2024,Chelan,WA,Passenger,837,233,1070,54161,55231,1.94
July 31 2021,Franklin,WA,Passenger,134,97,231,62016,62247,0.37
March 31 2019,Mason,WA,Passenger,114,115,229,46704,46933,0.49
October 31 2023,Lewis,WA,Passenger,375,285,660,59503,60163,1.1
May 31 2018,Charleston,SC,Passenger,1,0,1,124,125,0.8
March 31 2023,Douglas,CO,Passenger,0,1,1,69,70,1.43
September 30 2021,Deschutes,OR,Passenger,1,0,1,128,129,0.78
August 31 2023,Wilson,TX,Passenger,0,1,1,3,4,25
July 31 2017,Cowlitz,WA,Passenger,52,61,113,69767,69880,0.16
September 30 2021,San Juan,WA,Passenger,462,143,605,14180,14785,4.09
March 31 2021,Klickitat,WA,Passenger,65,46,111,15020,15131,0.73
September 30 2018,Montgomery,AL,Passenger,1,0,1,51,52,1.92
September 30 2021,Klickitat,WA,Truck,0,0,0,8326,8326,0
January 31 2019,Shelby,TN,Passenger,0,1,1,101,102,0.98
August 31 2018,Collier,FL,Passenger,1,0,1,22,23,4.35
March 31 2018,Portsmouth,VA,Passenger,0,1,1,70,71,1.41
August 31 2021,Douglas,CO,Passenger,0,1,1,83,84,1.19
August 31 2022,El Paso,CO,Passenger,3,3,6,616,622,0.96
May 31 2019,Maricopa,AZ,Passenger,5,4,9,1624,1633,0.55
January 31 2017,Travis,TX,Passenger,1,1,2,217,219,0.91
March 31 2019,Montgomery,AL,Passenger,1,1,2,46,48,4.17
November 30 2018,St. Lucie,FL,Passenger,1,0,1,28,29,3.45
November 30 2023,Columbia,OR,Passenger,1,0,1,8,9,11.11
February 28 2021,Bucks,PA,Passenger,1,0,1,23,24,4.17
April 30 2021,Shelby,OH,Passenger,0,1,1,3,4,25
August 31 2022,Tom Green,TX,Passenger,0,1,1,23,24,4.17
October 31 2021,Okaloosa,FL,Passenger,0,1,1,121,122,0.82
July 31 2024,Brevard,FL,Passenger,1,0,1,50,51,1.96
March 31 2021,Oldham,KY,Passenger,0,1,1,4,5,20
December 31 2023,Allen,IN,Passenger,1,0,1,10,11,9.09
June 30 2020,Kootenai,ID,Passenger,1,1,2,222,224,0.89
March 31 2020,Montgomery,AL,Passenger,1,1,2,39,41,4.88
September 30 2018,San Juan,PR,Passenger,0,1,1,4,5,20
September 30 2019,Oldham,KY,Passenger,0,1,1,5,6,16.67
May 31 2021,El Paso,CO,Passenger,3,1,4,700,704,0.57
September 30 2023,Clark,NV,Passenger,7,3,10,418,428,2.34
December 31 2021,San Juan,WA,Truck,0,0,0,6000,6000,0
February 28 2018,Okanogan,WA,Truck,0,0,0,16304,16304,0
November 30 2020,Benton,WA,Passenger,425,348,773,134723,135496,0.57
July 31 2017,Kittitas,WA,Passenger,25,19,44,27673,27717,0.16
February 29 2020,Cumberland,NC,Passenger,1,2,3,490,493,0.61
February 29 2020,Placer,CA,Passenger,2,0,2,103,105,1.9
January 31 2024,Travis,TX,Passenger,1,1,2,78,80,2.5
December 31 2018,Island,WA,Passenger,276,226,502,63133,63635,0.79
July 31 2023,,,Passenger,5,1,6,275,281,2.14
February 28 2019,Whitman,WA,Truck,0,0,0,8493,8493,0
May 31 2021,Pulaski,MO,Passenger,1,0,1,141,142,0.7
December 31 2018,Saratoga,NY,Passenger,1,0,1,59,60,1.67
October 31 2018,Monterey,CA,Passenger,0,1,1,195,196,0.51
January 31 2018,Grays Harbor,WA,Truck,0,0,0,20083,20083,0
September 30 2020,Putnam,TN,Passenger,0,1,1,2,3,33.33
April 30 2021,Tom Green,TX,Passenger,0,1,1,23,24,4.17
April 30 2020,Multnomah,OR,Passenger,4,7,11,746,757,1.45
March 31 2019,Montgomery,TX,Passenger,2,0,2,65,67,2.99
July 31 2020,Fulton,GA,Passenger,1,3,4,107,111,3.6
September 30 2022,Pennington,SD,Passenger,2,0,2,24,26,7.69
May 31 2023,Burlington,NJ,Passenger,2,2,4,90,94,4.26
February 28 2023,Tarrant,TX,Passenger,2,0,2,100,102,1.96
December 31 2019,Boulder,CO,Passenger,1,1,2,54,56,3.57
January 31 2023,Fredericksburg,VA,Passenger,1,0,1,6,7,14.29
January 31 2022,Oldham,KY,Passenger,0,1,1,4,5,20
April 30 2024,Pend Oreille,WA,Truck,3,0,3,5558,5561,0.05
February 28 2023,Clallam,WA,Truck,12,0,12,21821,21833,0.05
March 31 2018,Jefferson,WA,Truck,0,0,0,9506,9506,0
April 30 2020,Wahkiakum,WA,Truck,0,0,0,1759,1759,0
July 31 2018,,,Passenger,2,2,4,432,436,0.92
September 30 2018,Alameda,CA,Passenger,0,2,2,343,345,0.58
January 31 2022,Albemarle,VA,Passenger,3,0,3,21,24,12.5
June 30 2020,Camden,NJ,Passenger,0,1,1,22,23,4.35
December 31 2019,Grant,WA,Passenger,55,68,123,65615,65738,0.19
December 31 2022,San Diego,CA,Passenger,23,6,29,2342,2371,1.22
July 31 2023,Onslow,NC,Passenger,0,1,1,140,141,0.71
May 31 2022,Fredericksburg,VA,Passenger,1,0,1,8,9,11.11
April 30 2020,Suffolk,VA,Passenger,1,0,1,127,128,0.78
February 29 2020,Eagle,CO,Passenger,1,0,1,8,9,11.11
April 30 2022,Multnomah,OR,Passenger,1,4,5,593,598,0.84
April 30 2022,Prince William,VA,Passenger,1,4,5,207,212,2.36
December 31 2023,Hennepin,MN,Passenger,1,0,1,33,34,2.94
January 31 2017,Mercer,NJ,Passenger,0,1,1,21,22,4.55
March 31 2024,Boulder,CO,Passenger,1,0,1,23,24,4.17
September 30 2022,Newport,RI,Passenger,0,1,1,70,71,1.41
May 31 2023,Sarasota,FL,Passenger,1,0,1,29,30,3.33
February 28 2023,Williamson,TX,Passenger,0,2,2,71,73,2.74
June 30 2020,Larimer,CO,Passenger,1,0,1,47,48,2.08
August 31 2021,Adams,WA,Truck,0,0,0,5412,5412,0
April 30 2023,Sacramento,CA,Truck,1,0,1,33,34,2.94
February 28 2017,Multnomah,OR,Passenger,0,3,3,1154,1157,0.26
September 30 2023,Asotin,WA,Truck,0,0,0,6637,6637,0
April 30 2024,Tooele,UT,Passenger,2,0,2,7,9,22.22
December 31 2021,RÃ­o Grande,PR,Passenger,1,0,1,0,1,100
January 31 2017,Dakota,MN,Passenger,0,1,1,46,47,2.13
July 31 2022,Carroll,MD,Passenger,0,1,1,18,19,5.26
March 31 2021,Spokane,WA,Passenger,952,584,1536,322405,323941,0.47
September 30 2022,Okanogan,WA,Passenger,91,49,140,26262,26402,0.53
May 31 2024,Klickitat,WA,Passenger,211,84,295,15010,15305,1.93
December 31 2017,Juneau,AK,Passenger,0,1,1,47,48,2.08
June 30 2021,Lake,IL,Passenger,2,0,2,173,175,1.14
March 31 2017,Middlesex,MA,Passenger,1,0,1,148,149,0.67
May 31 2017,Middlesex,MA,Passenger,1,0,1,142,143,0.7
June 30 2022,Rockingham,NH,Passenger,1,0,1,16,17,5.88
December 31 2023,Pierce,WA,Truck,235,0,235,134766,135001,0.17
February 28 2017,Montgomery,MD,Passenger,1,0,1,310,311,0.32
September 30 2021,Stafford,VA,Passenger,2,1,3,106,109,2.75
January 31 2018,San Diego,CA,Passenger,6,2,8,2579,2587,0.31
April 30 2020,Norfolk,VA,Passenger,2,2,4,345,349,1.15
July 31 2024,Harnett,NC,Passenger,4,1,5,107,112,4.46
December 31 2023,Asotin,WA,Passenger,41,25,66,12284,12350,0.53
February 28 2017,Tarrant,TX,Passenger,0,2,2,307,309,0.65
May 31 2023,Washoe,NV,Passenger,2,0,2,54,56,3.57
March 31 2019,Washington,OR,Passenger,0,1,1,477,478,0.21
June 30 2021,Morris,NJ,Passenger,1,0,1,14,15,6.67
May 31 2019,Mecklenburg,NC,Passenger,1,0,1,86,87,1.15
July 31 2018,Ventura,CA,Passenger,0,2,2,326,328,0.61
April 30 2018,Kittitas,WA,Truck,0,0,0,13996,13996,0
November 30 2019,Okanogan,WA,Truck,0,0,0,16554,16554,0
November 30 2023,Onslow,NC,Passenger,0,1,1,131,132,0.76
January 31 2019,Virginia Beach,VA,Passenger,2,1,3,691,694,0.43
August 31 2017,Dallas,TX,Passenger,0,1,1,187,188,0.53
August 31 2019,San Francisco,CA,Passenger,2,1,3,110,113,2.65
December 31 2021,Harrison,MS,Passenger,2,0,2,50,52,3.85
May 31 2020,Fairbanks North Star,AK,Passenger,0,1,1,102,103,0.97
June 30 2023,Kings,NY,Passenger,1,0,1,49,50,2
November 30 2017,Franklin,MA,Passenger,0,1,1,5,6,16.67
September 30 2018,Benton,WA,Truck,0,0,0,41340,41340,0
November 30 2017,Travis,TX,Passenger,1,1,2,192,194,1.03
February 28 2021,Fulton,GA,Passenger,0,3,3,94,97,3.09
May 31 2018,Frederick,MD,Passenger,0,1,1,85,86,1.16
November 30 2022,Botetourt,VA,Passenger,1,0,1,1,2,50
July 31 2024,Lake,IL,Passenger,6,0,6,110,116,5.17
February 28 2022,Orange,CA,Passenger,6,3,9,413,422,2.13
November 30 2020,Sedgwick,KS,Passenger,1,1,2,91,93,2.15
July 31 2018,Camden,NJ,Passenger,0,1,1,32,33,3.03
October 31 2021,Polk,FL,Passenger,1,0,1,70,71,1.41
January 31 2021,Carroll,NH,Passenger,0,1,1,4,5,20
April 30 2018,El Paso,TX,Passenger,1,0,1,512,513,0.19
April 30 2021,Yamhill,OR,Passenger,1,0,1,44,45,2.22
June 30 2019,Lincoln,WA,Truck,0,0,0,4676,4676,0
May 31 2021,Philadelphia,PA,Passenger,1,0,1,55,56,1.79
October 31 2019,Okanogan,WA,Truck,0,0,0,16520,16520,0
April 30 2020,Guadalupe,TX,Passenger,1,0,1,70,71,1.41
April 30 2019,Deschutes,OR,Passenger,3,0,3,165,168,1.79
August 31 2022,Allen,IN,Passenger,1,0,1,18,19,5.26
September 30 2018,Clallam,WA,Passenger,129,122,251,50168,50419,0.5
January 31 2018,Chelan,WA,Truck,0,0,0,21671,21671,0
September 30 2023,St. Louis,MO,Passenger,1,0,1,51,52,1.92
July 31 2019,Wilson,TX,Passenger,0,1,1,7,8,12.5
March 31 2022,Williams,ND,Passenger,0,1,1,8,9,11.11
August 31 2017,Columbia,WA,Passenger,1,1,2,2352,2354,0.08
July 31 2020,Arlington,VA,Passenger,0,2,2,153,155,1.29
February 28 2019,New London,CT,Passenger,0,1,1,240,241,0.41
November 30 2019,New London,CT,Passenger,0,1,1,240,241,0.41
January 31 2024,Jefferson,WA,Truck,19,0,19,9236,9255,0.21
September 30 2017,Garfield,WA,Truck,0,0,0,938,938,0
February 29 2020,Kitsap,WA,Passenger,1273,661,1934,182217,184151,1.05
January 31 2020,Monterey,CA,Passenger,0,1,1,190,191,0.52
July 31 2024,Prince George's,MD,Passenger,2,1,3,95,98,3.06
March 31 2024,Prince William,VA,Passenger,2,4,6,140,146,4.11
February 29 2020,Sumter,FL,Passenger,0,1,1,10,11,9.09
July 31 2024,King,WA,Truck,1508,1,1509,165640,167149,0.9
August 31 2019,Harnett,NC,Passenger,1,1,2,215,217,0.92
March 31 2021,Hillsborough,FL,Passenger,0,1,1,164,165,0.61
November 30 2021,Wichita,TX,Passenger,1,0,1,44,45,2.22
April 30 2021,Calvert,MD,Passenger,0,2,2,90,92,2.17
June 30 2018,Island,WA,Truck,0,0,0,20943,20943,0
August 31 2023,Deschutes,OR,Passenger,1,0,1,72,73,1.37
May 31 2018,Flathead,MT,Passenger,1,0,1,56,57,1.75
February 28 2022,Carson City,NV,Passenger,1,0,1,9,10,10
March 31 2022,Providence,RI,Passenger,1,0,1,23,24,4.17
December 31 2021,Lincoln,OR,Passenger,0,1,1,34,35,2.86
August 31 2022,Louisa,VA,Passenger,0,1,1,1,2,50
April 30 2018,Manassas,VA,Passenger,0,1,1,9,10,10
August 31 2020,Stevens,WA,Truck,0,0,0,18649,18649,0
July 31 2023,Pacific,WA,Truck,4,0,4,7827,7831,0.05
July 31 2018,Stevens,WA,Truck,0,0,0,18643,18643,0
February 28 2023,Benton,WA,Passenger,986,518,1504,135601,137105,1.1
July 31 2017,New London,CT,Passenger,1,0,1,245,246,0.41
May 31 2023,Jefferson,NY,Passenger,2,0,2,197,199,1.01
June 30 2018,San Mateo,CA,Passenger,1,1,2,135,137,1.46
October 31 2022,Saratoga,NY,Passenger,1,0,1,41,42,2.38
March 31 2021,King,WA,Truck,6,1,7,184481,184488,0
September 30 2018,Saratoga,NY,Passenger,1,0,1,59,60,1.67
February 29 2020,Bexar,TX,Passenger,1,5,6,666,672,0.89
July 31 2020,Honolulu,HI,Passenger,4,2,6,474,480,1.25
November 30 2021,Lexington,SC,Passenger,1,0,1,27,28,3.57
March 31 2020,Pierce,WA,Passenger,2309,1691,4000,550823,554823,0.72
March 31 2021,Duval,FL,Passenger,0,2,2,360,362,0.55
March 31 2022,Spartanburg,SC,Passenger,0,1,1,44,45,2.22
June 30 2019,Twin Falls,ID,Passenger,0,1,1,25,26,3.85
July 31 2020,Walla Walla,WA,Truck,0,0,0,13752,13752,0
August 31 2018,Volusia,FL,Passenger,0,1,1,37,38,2.63
December 31 2017,Morris,NJ,Passenger,1,0,1,21,22,4.55
August 31 2021,Whatcom,WA,Passenger,1520,628,2148,150355,152503,1.41
October 31 2023,Calvert,MD,Passenger,1,1,2,79,81,2.47
November 30 2019,Norfolk,VA,Passenger,1,2,3,346,349,0.86
May 31 2021,Mohave,AZ,Passenger,1,0,1,61,62,1.61
March 31 2017,Utah,UT,Passenger,0,1,1,177,178,0.56
July 31 2022,San Francisco,CA,Passenger,1,0,1,89,90,1.11
April 30 2020,District of Columbia,DC,Passenger,1,1,2,192,194,1.03
January 31 2024,Grays Harbor,WA,Truck,16,0,16,20780,20796,0.08
October 31 2019,Hillsborough,FL,Passenger,0,1,1,201,202,0.5
March 31 2020,Norfolk,VA,Passenger,2,2,4,347,351,1.14
December 31 2021,Hennepin,MN,Passenger,3,0,3,72,75,4
January 31 2019,Camden,NJ,Passenger,0,1,1,27,28,3.57
February 29 2020,Lake,FL,Passenger,1,0,1,25,26,3.85
July 31 2024,Franklin,WA,Passenger,467,187,654,60656,61310,1.07
January 31 2020,Chesapeake,VA,Passenger,0,1,1,445,446,0.22
March 31 2023,Hawaii,HI,Passenger,1,0,1,33,34,2.94
May 31 2021,Randolph,NC,Passenger,1,0,1,8,9,11.11
October 31 2017,DeKalb,IN,Passenger,1,0,1,1,2,50
June 30 2024,Benton,WA,Truck,44,0,44,42227,42271,0.1
January 31 2024,Chelan,WA,Truck,48,0,48,23097,23145,0.21
January 31 2017,Columbia,WA,Truck,0,0,0,1544,1544,0
August 31 2021,Stevens,WA,Truck,0,0,0,18902,18902,0
October 31 2017,Walla Walla,WA,Passenger,28,28,56,35138,35194,0.16
April 30 2020,Cumberland,NC,Passenger,1,2,3,481,484,0.62
May 31 2024,Sarasota,FL,Passenger,1,0,1,16,17,5.88
November 30 2023,Bay,FL,Passenger,1,0,1,22,23,4.35
June 30 2021,Jefferson,WA,Truck,0,0,0,9620,9620,0
September 30 2022,Wahkiakum,WA,Truck,1,0,1,1799,1800,0.06
February 29 2020,Garfield,WA,Truck,0,0,0,963,963,0
November 30 2018,Washoe,NV,Passenger,1,0,1,113,114,0.88
February 28 2019,Moore,NC,Passenger,0,1,1,177,178,0.56
June 30 2019,Kitsap,WA,Passenger,1049,605,1654,180753,182407,0.91
February 28 2023,Wahkiakum,WA,Passenger,25,15,40,3042,3082,1.3
November 30 2017,Adams,WA,Truck,0,0,0,5139,5139,0
October 31 2018,Fresno,CA,Passenger,1,0,1,194,195,0.51
February 28 2022,Carroll,MD,Passenger,0,1,1,17,18,5.56
January 31 2021,Hawaii,HI,Passenger,1,0,1,57,58,1.72
April 30 2022,Brown,WI,Passenger,1,0,1,9,10,10
July 31 2022,Whatcom,WA,Passenger,1865,754,2619,148580,151199,1.73
June 30 2022,Clallam,WA,Passenger,422,249,671,49740,50411,1.33
October 31 2022,Danville,VA,Passenger,1,0,1,0,1,100
March 31 2018,Shelby,TN,Passenger,0,1,1,104,105,0.95
June 30 2024,Kings,NY,Passenger,1,0,1,26,27,3.7
January 31 2024,Charlottesville,VA,Passenger,0,1,1,2,3,33.33
May 31 2023,Snohomish,WA,Truck,161,0,161,121568,121729,0.13
October 31 2020,Kitsap,WA,Passenger,1465,729,2194,179571,181765,1.21
November 30 2022,Thurston,WA,Passenger,2550,1112,3662,191961,195623,1.87
April 30 2019,Contra Costa,CA,Passenger,2,2,4,382,386,1.04
November 30 2023,Pinal,AZ,Passenger,2,1,3,78,81,3.7
November 30 2020,Dallas,TX,Passenger,1,0,1,191,192,0.52
March 31 2018,Palm Beach,FL,Passenger,0,2,2,86,88,2.27
October 31 2020,Kings,NY,Passenger,1,0,1,68,69,1.45
July 31 2024,Tom Green,TX,Passenger,0,1,1,18,19,5.26
November 30 2019,Maui,HI,Passenger,2,0,2,45,47,4.26
February 28 2017,Volusia,FL,Passenger,0,1,1,50,51,1.96
June 30 2024,Hardin,KY,Truck,1,0,1,17,18,5.56
April 30 2022,Garfield,WA,Passenger,0,3,3,1324,1327,0.23
March 31 2021,Virginia Beach,VA,Passenger,2,0,2,635,637,0.31
November 30 2021,Wake,NC,Passenger,1,0,1,128,129,0.78
July 31 2021,Cook,IL,Passenger,1,0,1,223,224,0.45
July 31 2023,Nueces,TX,Passenger,0,1,1,54,55,1.82
December 31 2017,Kitsap,WA,Passenger,694,377,1071,175842,176913,0.61
December 31 2023,Madison,IL,Passenger,2,0,2,15,17,11.76
April 30 2019,Lake,CA,Passenger,0,1,1,10,11,9.09
October 31 2021,Tom Green,TX,Passenger,0,1,1,24,25,4
December 31 2021,Lewis,WA,Truck,0,0,0,26664,26664,0
October 31 2021,Chesapeake,VA,Passenger,1,1,2,411,413,0.48
April 30 2022,Stevens,WA,Truck,0,0,0,18968,18968,0
September 30 2021,Snohomish,WA,Passenger,6448,2162,8610,539105,547715,1.57
September 30 2020,Hawaii,HI,Passenger,1,0,1,56,57,1.75
September 30 2021,Plaquemines,LA,Passenger,0,1,1,18,19,5.26
November 30 2019,Lake,IL,Passenger,1,0,1,178,179,0.56
September 30 2019,Stevens,WA,Truck,0,0,0,18747,18747,0
March 31 2024,Adams,CO,Passenger,1,0,1,23,24,4.17
June 30 2021,Sarasota,FL,Passenger,2,0,2,37,39,5.13
May 31 2021,Whitman,WA,Truck,0,0,0,8570,8570,0
February 28 2023,Dorchester,SC,Passenger,1,0,1,54,55,1.82
November 30 2022,Mercer,NJ,Passenger,0,1,1,13,14,7.14
June 30 2019,Sumter,FL,Passenger,0,1,1,11,12,8.33
March 31 2021,Calvert,MD,Passenger,0,2,2,87,89,2.25
June 30 2022,Jefferson,WA,Truck,2,0,2,9459,9461,0.02
April 30 2018,Contra Costa,CA,Passenger,0,1,1,454,455,0.22
June 30 2020,Clark,NV,Passenger,3,3,6,711,717,0.84
October 31 2019,Moore,NC,Passenger,0,1,1,173,174,0.57
March 31 2021,Sarasota,FL,Passenger,2,0,2,37,39,5.13
November 30 2018,Jefferson,CO,Passenger,0,2,2,60,62,3.23
December 31 2019,Twin Falls,ID,Passenger,0,1,1,31,32,3.12
June 30 2023,Newport News,VA,Passenger,1,0,1,112,113,0.88
May 31 2020,Lee,FL,Passenger,1,0,1,49,50,2
April 30 2019,Boulder,CO,Passenger,1,0,1,51,52,1.92
September 30 2019,San Diego,CA,Passenger,11,4,15,2761,2776,0.54
March 31 2021,Kitsap,WA,Passenger,1675,799,2474,179581,182055,1.36
August 31 2021,Walla Walla,WA,Passenger,121,82,203,36450,36653,0.55
February 29 2024,New London,CT,Passenger,2,3,5,153,158,3.16
August 31 2022,Mohave,AZ,Passenger,1,0,1,47,48,2.08
April 30 2022,Arapahoe,CO,Passenger,0,1,1,99,100,1
April 30 2022,DuPage,IL,Passenger,3,1,4,50,54,7.41
September 30 2020,Shelby,OH,Passenger,0,1,1,2,3,33.33
April 30 2017,Fairfax,VA,Passenger,3,2,5,852,857,0.58
October 31 2017,Clark,WA,Truck,0,0,0,78097,78097,0
January 31 2020,Loudoun,VA,Passenger,1,0,1,93,94,1.06
February 28 2023,Hawaii,HI,Passenger,1,0,1,34,35,2.86
May 31 2018,Charles,MD,Passenger,0,1,1,86,87,1.15
February 28 2022,Lake,FL,Passenger,1,0,1,25,26,3.85
October 31 2019,Mercer,NJ,Passenger,0,1,1,17,18,5.56
February 28 2017,King,WA,Passenger,9097,3712,12809,1384891,1397700,0.92
February 28 2017,Whatcom,WA,Passenger,402,146,548,141854,142402,0.38
September 30 2019,Island,WA,Passenger,345,250,595,63413,64008,0.93
March 31 2024,Monterey,CA,Passenger,0,4,4,125,129,3.1
June 30 2017,Nassau,NY,Passenger,0,1,1,40,41,2.44
August 31 2021,San Luis Obispo,CA,Passenger,1,0,1,66,67,1.49
September 30 2022,Wilson,TX,Passenger,0,1,1,3,4,25
September 30 2021,Island,WA,Truck,0,0,0,21527,21527,0
November 30 2020,Harnett,NC,Passenger,1,0,1,199,200,0.5
May 31 2020,Jefferson,CO,Passenger,0,1,1,55,56,1.79
December 31 2020,Lee,FL,Passenger,1,0,1,45,46,2.17
October 31 2019,Twin Falls,ID,Passenger,0,1,1,28,29,3.45
May 31 2020,Penobscot,ME,Passenger,0,1,1,15,16,6.25
July 31 2018,Clallam,WA,Truck,0,0,0,21478,21478,0
November 30 2018,Garfield,WA,Truck,0,0,0,963,963,0
May 31 2019,Snohomish,WA,Truck,1,0,1,122049,122050,0
September 30 2018,Okanogan,WA,Truck,0,0,0,16499,16499,0
June 30 2017,Walla Walla,WA,Passenger,25,26,51,34839,34890,0.15
July 31 2023,Norfolk,MA,Passenger,1,0,1,21,22,4.55
June 30 2023,Loudoun,VA,Passenger,2,1,3,62,65,4.62
February 28 2022,Kern,CA,Passenger,0,1,1,203,204,0.49
December 31 2020,Harnett,NC,Passenger,1,0,1,198,199,0.5
January 31 2018,Skagit,WA,Passenger,171,140,311,89771,90082,0.35
March 31 2022,Montgomery,TX,Passenger,1,0,1,42,43,2.33
September 30 2020,Nassau,NY,Passenger,4,0,4,35,39,10.26
March 31 2023,New York,NY,Passenger,2,0,2,36,38,5.26
April 30 2024,Sacramento,CA,Truck,1,0,1,28,29,3.45
October 31 2017,Hawaii,HI,Passenger,1,0,1,79,80,1.25
July 31 2020,Adams,WA,Passenger,9,7,16,12856,12872,0.12
June 30 2018,Polk,FL,Passenger,1,0,1,71,72,1.39
February 29 2024,Ada,ID,Passenger,2,0,2,95,97,2.06
February 28 2022,Harrison,MS,Passenger,2,0,2,50,52,3.85
March 31 2024,Brevard,FL,Passenger,1,0,1,56,57,1.75
March 31 2022,Suffolk,MA,Passenger,0,1,1,26,27,3.7
May 31 2023,Skagit,WA,Truck,19,0,19,31912,31931,0.06
September 30 2020,Skamania,WA,Passenger,32,21,53,8360,8413,0.63
July 31 2022,District of Columbia,DC,Passenger,2,0,2,160,162,1.23
April 30 2024,Lane,OR,Passenger,0,1,1,54,55,1.82
June 30 2022,Larimer,CO,Passenger,1,0,1,41,42,2.38
January 31 2020,Valencia,NM,Passenger,1,0,1,7,8,12.5
September 30 2017,Skamania,WA,Passenger,10,7,17,8570,8587,0.2
October 31 2021,Geary,KS,Passenger,1,0,1,100,101,0.99
November 30 2021,Contra Costa,CA,Passenger,1,3,4,252,256,1.56
October 31 2023,Mohave,AZ,Passenger,1,0,1,31,32,3.12
June 30 2024,Clark,NV,Passenger,5,3,8,339,347,2.31
June 30 2019,Nantucket,MA,Passenger,1,0,1,2,3,33.33
March 31 2022,Pierce,WA,Truck,2,0,2,143311,143313,0
February 28 2022,Franklin,WA,Passenger,175,102,277,62013,62290,0.44
March 31 2023,Kings,CA,Passenger,2,2,4,297,301,1.33
August 31 2018,Beaufort,SC,Passenger,1,0,1,42,43,2.33
July 31 2023,Cumberland,NC,Passenger,2,4,6,326,332,1.81
August 31 2020,Guadalupe,TX,Passenger,1,0,1,66,67,1.49
January 31 2022,Fairfax,VA,Passenger,5,2,7,678,685,1.02
July 31 2021,Asotin,WA,Truck,0,0,0,6762,6762,0
September 30 2020,Multnomah,OR,Passenger,5,6,11,717,728,1.51
September 30 2021,Contra Costa,CA,Passenger,2,3,5,255,260,1.92
August 31 2023,Pinal,AZ,Passenger,1,1,2,87,89,2.25
May 31 2022,Randolph,NC,Passenger,1,0,1,5,6,16.67
January 31 2018,Jefferson,WA,Passenger,124,80,204,24346,24550,0.83
April 30 2024,Cowlitz,WA,Truck,17,0,17,27754,27771,0.06
April 30 2022,Saratoga,NY,Passenger,1,0,1,41,42,2.38
October 31 2021,Tarrant,TX,Passenger,3,0,3,156,159,1.89
August 31 2020,Gwinnett,GA,Passenger,1,0,1,75,76,1.32
April 30 2019,Santa Fe,NM,Passenger,0,1,1,42,43,2.33
July 31 2022,Queens,NY,Passenger,1,0,1,48,49,2.04
October 31 2019,Yakima,WA,Passenger,116,114,230,165867,166097,0.14
February 28 2017,Los Angeles,CA,Passenger,2,1,3,1401,1404,0.21
January 31 2019,Juneau,AK,Passenger,0,1,1,42,43,2.33
July 31 2023,Klickitat,WA,Truck,11,0,11,8199,8210,0.13
September 30 2018,Montgomery,TX,Passenger,2,0,2,65,67,2.99
October 31 2021,Clackamas,OR,Passenger,2,0,2,180,182,1.1
March 31 2024,Adams,WA,Passenger,33,15,48,13068,13116,0.37
June 30 2022,Klickitat,WA,Passenger,102,55,157,15220,15377,1.02
September 30 2022,Clallam,WA,Truck,6,0,6,21866,21872,0.03
July 31 2023,Kitsap,WA,Truck,80,0,80,52118,52198,0.15
June 30 2021,Burlington,NJ,Passenger,0,1,1,125,126,0.79
September 30 2017,Montgomery,TN,Passenger,1,0,1,280,281,0.36
July 31 2024,Plaquemines,LA,Passenger,1,1,2,15,17,11.76
June 30 2021,Deschutes,OR,Passenger,1,0,1,133,134,0.75
July 31 2024,Pacific,WA,Passenger,115,107,222,15209,15431,1.44
July 31 2022,Adams,WA,Passenger,19,10,29,12902,12931,0.22
May 31 2017,Honolulu,HI,Passenger,3,2,5,610,615,0.81
June 30 2023,Chelan,WA,Truck,31,0,31,23136,23167,0.13
January 31 2019,Wahkiakum,WA,Truck,0,0,0,1711,1711,0
August 31 2021,Ferry,WA,Truck,0,0,0,3634,3634,0
June 30 2021,Alexandria,VA,Passenger,3,0,3,126,129,2.33
October 31 2019,Grays Harbor,WA,Passenger,95,95,190,48289,48479,0.39
December 31 2021,Franklin,WA,Truck,0,0,0,20832,20832,0
September 30 2018,Sedgwick,KS,Passenger,0,1,1,99,100,1
September 30 2022,Lexington,SC,Passenger,1,0,1,23,24,4.17
June 30 2024,Monterey,CA,Truck,1,0,1,23,24,4.17
April 30 2020,Cowlitz,WA,Passenger,136,115,251,72695,72946,0.34
June 30 2017,Asotin,WA,Truck,0,0,0,6499,6499,0
March 31 2021,Kauai,HI,Passenger,1,0,1,18,19,5.26
June 30 2018,Okanogan,WA,Passenger,9,19,28,25942,25970,0.11
August 31 2018,Cowlitz,WA,Truck,0,0,0,28606,28606,0
September 30 2022,Asotin,WA,Truck,0,0,0,6690,6690,0
November 30 2023,Lincoln,WA,Truck,0,0,0,4795,4795,0
June 30 2017,Juneau,AK,Passenger,0,1,1,47,48,2.08
January 31 2020,Pinellas,FL,Passenger,1,1,2,118,120,1.67
October 31 2020,Rogers,OK,Passenger,1,0,1,8,9,11.11
July 31 2024,Allen,IN,Passenger,1,1,2,7,9,22.22
April 30 2024,Rockdale,GA,Passenger,1,0,1,4,5,20
April 30 2019,Los Angeles,CA,Passenger,6,5,11,1132,1143,0.96
November 30 2018,St. Clair,IL,Passenger,0,1,1,164,165,0.61
September 30 2022,Kern,CA,Passenger,1,1,2,205,207,0.97
August 31 2018,Sacramento,CA,Passenger,0,1,1,321,322,0.31
September 30 2019,Sarasota,FL,Passenger,1,0,1,36,37,2.7
December 31 2017,Lee,AL,Passenger,1,0,1,37,38,2.63
May 31 2021,King,WA,Truck,6,1,7,184607,184614,0
June 30 2018,Klickitat,WA,Passenger,25,30,55,15165,15220,0.36
November 30 2020,Leavenworth,KS,Passenger,0,1,1,117,118,0.85
August 31 2022,Hillsborough,FL,Passenger,1,2,3,134,137,2.19
May 31 2017,Spokane,WA,Truck,1,0,1,90317,90318,0
December 31 2020,Lake,IL,Passenger,2,0,2,172,174,1.15
June 30 2019,Washoe,NV,Passenger,2,0,2,119,121,1.65
February 28 2021,Arlington,VA,Passenger,0,1,1,148,149,0.67
October 31 2019,Palm Beach,FL,Passenger,0,2,2,85,87,2.3
November 30 2018,Denver,CO,Passenger,1,0,1,137,138,0.72
July 31 2024,Maui,HI,Passenger,1,0,1,15,16,6.25
January 31 2024,Stevens,WA,Truck,3,0,3,18690,18693,0.02
June 30 2022,Whitman,WA,Passenger,87,60,147,21951,22098,0.67
June 30 2023,Kitsap,WA,Truck,76,0,76,52252,52328,0.15
April 30 2017,Maricopa,AZ,Passenger,1,1,2,1850,1852,0.11
October 31 2020,Multnomah,OR,Passenger,4,6,10,721,731,1.37
June 30 2024,Orange,NC,Passenger,0,1,1,3,4,25
May 31 2018,Pierce,WA,Truck,0,0,0,137494,137494,0
June 30 2018,Wahkiakum,WA,Truck,0,0,0,1675,1675,0
November 30 2020,Pend Oreille,WA,Passenger,9,4,13,9139,9152,0.14
November 30 2018,Benton,WA,Truck,0,0,0,41435,41435,0
August 31 2020,Adams,WA,Passenger,9,7,16,12858,12874,0.12
August 31 2022,Douglas,CO,Passenger,0,1,1,76,77,1.3
February 28 2017,Kitsap,WA,Passenger,561,280,841,172091,172932,0.49
June 30 2019,Douglas,WA,Passenger,57,37,94,28024,28118,0.33
December 31 2021,Skagit,WA,Truck,1,0,1,32674,32675,0
March 31 2018,Jefferson,CO,Passenger,0,1,1,69,70,1.43
February 29 2020,Salt Lake,UT,Passenger,1,0,1,203,204,0.49
April 30 2017,Howard,MD,Passenger,0,2,2,92,94,2.13
August 31 2020,New York,NY,Passenger,1,0,1,63,64,1.56
October 31 2020,Lake,IL,Passenger,2,0,2,174,176,1.14
June 30 2024,Garfield,WA,Passenger,0,3,3,1304,1307,0.23
August 31 2019,Allegheny,PA,Passenger,2,0,2,88,90,2.22
July 31 2020,Douglas,WA,Truck,0,0,0,12346,12346,0
May 31 2020,Broward,FL,Passenger,2,1,3,118,121,2.48
March 31 2019,Hennepin,MN,Passenger,2,0,2,106,108,1.85
May 31 2019,King,WA,Truck,5,1,6,181883,181889,0
November 30 2021,Spokane,WA,Truck,0,0,0,102599,102599,0
June 30 2020,Lincoln,WA,Truck,0,0,0,4619,4619,0
March 31 2020,Ferry,WA,Truck,0,0,0,3565,3565,0
April 30 2020,Washoe,NV,Passenger,1,0,1,114,115,0.87
May 31 2019,Wayne,MI,Passenger,0,1,1,69,70,1.43
October 31 2020,DuPage,IL,Passenger,4,1,5,59,64,7.81
May 31 2024,Hennepin,MN,Passenger,1,0,1,25,26,3.85
May 31 2023,Currituck,NC,Passenger,1,0,1,19,20,5
May 31 2024,Laramie,WY,Passenger,1,0,1,24,25,4
October 31 2023,Salt Lake,UT,Passenger,5,1,6,103,109,5.5
June 30 2024,Churchill,NV,Passenger,0,1,1,30,31,3.23
April 30 2018,Clallam,WA,Passenger,117,105,222,49611,49833,0.45
October 31 2022,Chelan,WA,Passenger,506,139,645,54114,54759,1.18
February 29 2024,Grays Harbor,WA,Passenger,394,223,617,47860,48477,1.27
October 31 2018,Snohomish,WA,Truck,1,0,1,121841,121842,0
March 31 2023,Harnett,NC,Passenger,3,0,3,145,148,2.03
July 31 2022,Providence,RI,Passenger,1,0,1,22,23,4.35
July 31 2021,Rogers,OK,Passenger,1,0,1,7,8,12.5
January 31 2019,Whatcom,WA,Truck,2,0,2,42731,42733,0
March 31 2017,Whatcom,WA,Truck,2,0,2,41389,41391,0
April 30 2017,Duval,FL,Passenger,1,1,2,374,376,0.53
February 29 2020,Nassau,NY,Passenger,4,0,4,45,49,8.16
November 30 2021,Duval,FL,Passenger,0,2,2,344,346,0.58
March 31 2018,Dakota,MN,Passenger,0,2,2,37,39,5.13
September 30 2019,Douglas,WA,Passenger,62,37,99,28196,28295,0.35
July 31 2021,Virginia Beach,VA,Passenger,1,0,1,621,622,0.16
April 30 2023,Onslow,NC,Passenger,0,1,1,149,150,0.67
April 30 2021,Ulster,NY,Passenger,1,0,1,12,13,7.69
June 30 2019,Berkshire,MA,Passenger,0,1,1,4,5,20
March 31 2021,Pend Oreille,WA,Truck,0,0,0,5722,5722,0
July 31 2019,Collin,TX,Passenger,2,1,3,153,156,1.92
June 30 2019,San Francisco,CA,Passenger,2,1,3,109,112,2.68
July 31 2021,Washington,OR,Passenger,1,0,1,404,405,0.25
November 30 2019,Howard,MD,Passenger,0,1,1,82,83,1.2
August 31 2018,Clark,WA,Passenger,1069,765,1834,309156,310990,0.59
July 31 2018,Salt Lake,UT,Passenger,1,0,1,232,233,0.43
July 31 2022,Nueces,TX,Passenger,1,1,2,59,61,3.28
July 31 2020,St. Mary's,MD,Passenger,1,0,1,211,212,0.47
September 30 2019,San Mateo,CA,Passenger,2,1,3,130,133,2.26
September 30 2022,Spartanburg,SC,Passenger,0,1,1,33,34,2.94
April 30 2024,Pulaski,AR,Passenger,2,0,2,16,18,11.11
April 30 2024,Philadelphia,PA,Passenger,0,1,1,26,27,3.7
July 31 2019,Santa Fe,NM,Passenger,0,1,1,42,43,2.33
July 31 2022,Marion,IA,Passenger,1,0,1,0,1,100
November 30 2023,Island,WA,Passenger,1273,468,1741,60962,62703,2.78
February 28 2017,Wahkiakum,WA,Truck,0,0,0,1625,1625,0
March 31 2024,Travis,TX,Passenger,1,1,2,67,69,2.9
March 31 2023,Whitman,WA,Truck,4,0,4,8594,8598,0.05
July 31 2019,Honolulu,HI,Passenger,3,3,6,510,516,1.16
March 31 2021,,,Passenger,4,1,5,353,358,1.4
December 31 2022,Santa Clara,CA,Passenger,15,3,18,226,244,7.38
September 30 2018,San Mateo,CA,Passenger,1,1,2,138,140,1.43
April 30 2024,Hardin,KY,Passenger,1,0,1,55,56,1.79
October 31 2018,Clark,WA,Passenger,1149,814,1963,310361,312324,0.63
July 31 2023,Whatcom,WA,Passenger,2565,906,3471,147841,151312,2.29
January 31 2021,Snohomish,WA,Truck,1,0,1,125657,125658,0
November 30 2019,Franklin,WA,Truck,0,0,0,19724,19724,0
July 31 2018,Chelan,WA,Passenger,112,52,164,53567,53731,0.31
August 31 2021,Washington,OR,Passenger,1,0,1,395,396,0.25
January 31 2018,Maui,HI,Passenger,1,0,1,67,68,1.47
February 28 2022,Bartow,GA,Passenger,0,1,1,4,5,20
September 30 2017,Pierce,WA,Truck,0,0,0,137042,137042,0
April 30 2022,Island,WA,Truck,1,0,1,21411,21412,0
June 30 2021,Plaquemines,LA,Passenger,0,1,1,16,17,5.88
November 30 2021,Allen,IN,Passenger,1,0,1,20,21,4.76
April 30 2021,Dallas,TX,Passenger,1,0,1,182,183,0.55
July 31 2018,Maui,HI,Passenger,1,0,1,58,59,1.69
December 31 2021,Orange,CA,Passenger,7,2,9,417,426,2.11
April 30 2024,District of Columbia,DC,Passenger,2,0,2,125,127,1.57
February 28 2018,Ada,ID,Passenger,0,2,2,358,360,0.56
February 29 2020,Hillsborough,FL,Passenger,0,1,1,195,196,0.51
June 30 2021,Sumter,FL,Passenger,0,1,1,9,10,10
September 30 2023,Essex,NJ,Passenger,2,0,2,8,10,20
October 31 2018,Norfolk,MA,Passenger,1,0,1,38,39,2.56
November 30 2019,Pierce,WA,Truck,0,0,0,140642,140642,0
July 31 2021,Garfield,WA,Truck,0,0,0,1002,1002,0
March 31 2021,Lincoln,WA,Truck,0,0,0,4731,4731,0
June 30 2021,Suffolk,VA,Passenger,1,0,1,125,126,0.79
September 30 2023,Anne Arundel,MD,Passenger,5,3,8,288,296,2.7
December 31 2019,Palm Beach,FL,Passenger,0,2,2,85,87,2.3
December 31 2021,Sarasota,FL,Passenger,2,0,2,41,43,4.65
November 30 2018,Norfolk,MA,Passenger,1,0,1,37,38,2.63
October 31 2019,Sumter,FL,Passenger,0,1,1,10,11,9.09
September 30 2023,Benton,WA,Truck,30,0,30,43155,43185,0.07
November 30 2021,Pend Oreille,WA,Passenger,18,7,25,9156,9181,0.27
October 31 2017,District of Columbia,DC,Passenger,0,3,3,201,204,1.47
October 31 2018,Contra Costa,CA,Passenger,0,2,2,410,412,0.49
July 31 2024,Allegheny,PA,Passenger,1,0,1,41,42,2.38
September 30 2022,Harnett,NC,Passenger,2,0,2,155,157,1.27
March 31 2023,Champaign,IL,Passenger,1,0,1,11,12,8.33
March 31 2021,Sumter,FL,Passenger,0,1,1,11,12,8.33
March 31 2019,Carroll,NH,Passenger,0,1,1,2,3,33.33
December 31 2018,Madison,ID,Passenger,1,0,1,35,36,2.78
June 30 2024,St. Louis,MO,Passenger,1,0,1,41,42,2.38
November 30 2019,Skagit,WA,Truck,1,0,1,32535,32536,0
August 31 2022,Bryan,GA,Passenger,0,1,1,35,36,2.78
September 30 2023,Mohave,AZ,Passenger,1,0,1,34,35,2.86
January 31 2017,Hidalgo,TX,Passenger,0,1,1,100,101,0.99
February 28 2017,Clark,NV,Passenger,1,3,4,887,891,0.45
October 31 2023,Wilson,TX,Passenger,0,1,1,3,4,25
June 30 2019,Hennepin,MN,Passenger,2,1,3,106,109,2.75
July 31 2018,Carroll,NH,Passenger,0,1,1,1,2,50
August 31 2019,Lewis,WA,Passenger,105,98,203,59350,59553,0.34
July 31 2023,Walla Walla,WA,Passenger,226,115,341,35370,35711,0.95
March 31 2023,Lincoln,WA,Passenger,18,17,35,7695,7730,0.45
August 31 2023,Clallam,WA,Truck,18,0,18,21665,21683,0.08
July 31 2017,Whitman,WA,Truck,0,0,0,8426,8426,0
August 31 2018,Island,WA,Truck,0,0,0,21036,21036,0
October 31 2020,San Mateo,CA,Passenger,1,1,2,120,122,1.64
May 31 2023,Norfolk,MA,Passenger,1,0,1,21,22,4.55
August 31 2022,San Juan,WA,Passenger,529,162,691,13977,14668,4.71
January 31 2018,Anne Arundel,MD,Passenger,0,1,1,474,475,0.21
November 30 2020,Stevens,WA,Truck,0,0,0,18665,18665,0
January 31 2018,Honolulu,HI,Passenger,2,2,4,571,575,0.7
March 31 2021,DeKalb,GA,Passenger,1,0,1,67,68,1.47
September 30 2019,Cascade,MT,Passenger,0,1,1,62,63,1.59
December 31 2019,Contra Costa,CA,Passenger,3,2,5,340,345,1.45
February 29 2020,Moore,NC,Passenger,0,1,1,160,161,0.62
December 31 2018,Bucks,PA,Passenger,1,0,1,19,20,5
March 31 2020,Ulster,NY,Passenger,1,0,1,13,14,7.14
June 30 2022,Lake,IN,Passenger,0,1,1,10,11,9.09
February 28 2018,Thurston,WA,Truck,0,0,0,53907,53907,0
August 31 2020,Kittitas,WA,Truck,0,0,0,14557,14557,0
September 30 2021,Lincoln,WA,Truck,0,0,0,4782,4782,0
June 30 2020,Multnomah,OR,Passenger,4,7,11,732,743,1.48
December 31 2020,Salt Lake,UT,Passenger,1,1,2,188,190,1.05
April 30 2021,Travis,TX,Passenger,3,3,6,185,191,3.14
August 31 2019,New London,CT,Passenger,0,1,1,237,238,0.42
August 31 2022,St. Louis,MO,Passenger,2,0,2,64,66,3.03
February 28 2018,Pierce,WA,Truck,0,0,0,136972,136972,0
September 30 2023,Franklin,WA,Truck,7,0,7,20905,20912,0.03
July 31 2019,Bexar,TX,Passenger,1,5,6,674,680,0.88
August 31 2020,Solano,CA,Passenger,1,0,1,215,216,0.46
February 29 2024,Anne Arundel,MD,Passenger,4,3,7,274,281,2.49
April 30 2018,Salt Lake,UT,Passenger,1,0,1,235,236,0.42
January 31 2017,New London,CT,Passenger,2,0,2,266,268,0.75
January 31 2024,Duval,FL,Passenger,1,0,1,219,220,0.45
January 31 2022,Howard,IN,Passenger,0,1,1,6,7,14.29
June 30 2024,Kauai,HI,Passenger,0,1,1,13,14,7.14
June 30 2020,Bartow,GA,Passenger,0,1,1,5,6,16.67
April 30 2024,Cumberland,PA,Passenger,1,1,2,32,34,5.88
December 31 2017,Monterey,CA,Passenger,0,2,2,197,199,1.01
February 28 2021,Nassau,NY,Passenger,4,0,4,35,39,10.26
July 31 2024,Spokane,WA,Passenger,3426,1651,5077,314033,319110,1.59
May 31 2019,Kitsap,WA,Passenger,1034,588,1622,180631,182253,0.89
May 31 2023,San Diego,CA,Passenger,22,7,29,2209,2238,1.3
June 30 2018,Mason,WA,Truck,0,0,0,19949,19949,0
April 30 2017,Franklin,WA,Truck,0,0,0,17991,17991,0
April 30 2022,Benton,WA,Truck,1,0,1,43562,43563,0
September 30 2019,Clallam,WA,Truck,1,0,1,21834,21835,0
April 30 2022,Lewis,WA,Truck,0,0,0,26427,26427,0
October 31 2020,San Francisco,CA,Passenger,1,1,2,98,100,2
September 30 2021,DuPage,IL,Passenger,3,1,4,56,60,6.67
June 30 2022,Mercer,NJ,Passenger,0,1,1,11,12,8.33
June 30 2023,Washington,OR,Passenger,1,0,1,252,253,0.4
July 31 2019,Island,WA,Truck,0,0,0,21301,21301,0
January 31 2018,Lewis,WA,Truck,0,0,0,25330,25330,0
August 31 2019,Frederick,MD,Passenger,1,1,2,77,79,2.53
February 28 2021,Dallas,TX,Passenger,1,0,1,186,187,0.53
May 31 2021,San Mateo,CA,Passenger,1,0,1,118,119,0.84
November 30 2023,Coryell,TX,Passenger,1,0,1,70,71,1.41
October 31 2019,Manassas,VA,Passenger,0,1,1,7,8,12.5
July 31 2023,Lake,IN,Passenger,0,1,1,8,9,11.11
January 31 2021,Yakima,WA,Truck,0,0,0,61067,61067,0
June 30 2019,Whatcom,WA,Truck,2,0,2,42901,42903,0
May 31 2021,Douglas,WA,Truck,0,0,0,12658,12658,0
November 30 2018,Yakima,WA,Passenger,78,98,176,164654,164830,0.11
July 31 2022,Cowlitz,WA,Passenger,348,171,519,70470,70989,0.73
February 28 2018,Honolulu,HI,Passenger,2,2,4,568,572,0.7
January 31 2022,Leavenworth,KS,Passenger,0,1,1,103,104,0.96
April 30 2019,Larimer,CO,Passenger,1,0,1,57,58,1.72
October 31 2020,Orange,NC,Passenger,0,1,1,12,13,7.69
April 30 2019,Lumpkin,GA,Passenger,1,0,1,6,7,14.29
May 31 2021,Island,WA,Passenger,599,309,908,63077,63985,1.42
September 30 2021,Lewis,WA,Passenger,184,151,335,59548,59883,0.56
May 31 2024,Skamania,WA,Passenger,148,54,202,7818,8020,2.52
July 31 2022,St. Louis,MO,Passenger,2,0,2,66,68,2.94
August 31 2020,Skamania,WA,Truck,0,0,0,4023,4023,0
January 31 2020,Orange,CA,Passenger,7,2,9,528,537,1.68
March 31 2020,Dallas,TX,Passenger,1,0,1,214,215,0.47
December 31 2023,Franklin,WA,Truck,9,0,9,20883,20892,0.04
May 31 2023,Hawaii,HI,Passenger,1,0,1,33,34,2.94
November 30 2021,Randolph,NC,Passenger,1,0,1,6,7,14.29
November 30 2020,Calvert,MD,Passenger,0,2,2,87,89,2.25
August 31 2018,Douglas,WA,Truck,0,0,0,12025,12025,0
May 31 2021,Wahkiakum,WA,Truck,0,0,0,1797,1797,0
July 31 2021,Nueces,TX,Passenger,1,0,1,73,74,1.35
August 31 2023,Wahkiakum,WA,Truck,4,0,4,1768,1772,0.23
June 30 2023,Clark,WA,Truck,97,0,97,81434,81531,0.12
January 31 2017,Kittitas,WA,Truck,0,0,0,13415,13415,0
November 30 2022,Pulaski,AR,Passenger,3,0,3,29,32,9.38
October 31 2022,Chesterfield,VA,Passenger,1,0,1,37,38,2.63
December 31 2020,Hamilton,IN,Passenger,2,0,2,39,41,4.88
February 28 2021,Penobscot,ME,Passenger,0,1,1,10,11,9.09
March 31 2021,Washington,MD,Passenger,1,0,1,10,11,9.09
August 31 2019,Skagit,WA,Passenger,312,209,521,92287,92808,0.56
June 30 2024,Klickitat,WA,Passenger,212,85,297,14927,15224,1.95
July 31 2020,Garfield,WA,Passenger,0,1,1,1349,1350,0.07
February 28 2017,Norfolk,VA,Passenger,1,1,2,305,307,0.65
March 31 2023,Pulaski,MO,Passenger,3,0,3,98,101,2.97
January 31 2023,Essex,MA,Passenger,2,0,2,14,16,12.5
March 31 2024,Galveston,TX,Passenger,0,1,1,13,14,7.14
August 31 2023,Jefferson,WA,Passenger,594,265,859,24212,25071,3.43
July 31 2018,Skamania,WA,Passenger,13,9,22,8631,8653,0.25
October 31 2021,Pacific,WA,Passenger,49,59,108,16095,16203,0.67
December 31 2023,San Bernardino,CA,Passenger,2,1,3,290,293,1.02
September 30 2018,District of Columbia,DC,Passenger,0,3,3,193,196,1.53
June 30 2022,Moore,NC,Passenger,0,1,1,114,115,0.87
October 31 2023,Sarasota,FL,Passenger,1,0,1,25,26,3.85
September 30 2018,Snohomish,WA,Passenger,2515,1329,3844,524414,528258,0.73
October 31 2020,Skagit,WA,Truck,1,0,1,32665,32666,0
August 31 2023,Chelan,WA,Truck,33,0,33,23179,23212,0.14
June 30 2017,Douglas,WA,Truck,0,0,0,11526,11526,0
January 31 2023,Anchorage,AK,Passenger,1,0,1,127,128,0.78
January 31 2022,Anchorage,AK,Passenger,2,0,2,144,146,1.37
March 31 2022,San Mateo,CA,Passenger,2,0,2,91,93,2.15
December 31 2017,Latah,ID,Passenger,0,1,1,80,81,1.23
May 31 2021,DuPage,IL,Passenger,3,1,4,56,60,6.67
October 31 2021,Allegheny,PA,Passenger,2,1,3,75,78,3.85
May 31 2019,Wahkiakum,WA,Truck,0,0,0,1743,1743,0
April 30 2019,Carson City,NV,Passenger,1,0,1,14,15,6.67
November 30 2023,Benton,WA,Passenger,1356,640,1996,135493,137489,1.45
February 28 2018,Chelan,WA,Passenger,94,39,133,53231,53364,0.25
January 31 2019,Fulton,GA,Passenger,1,3,4,109,113,3.54
September 30 2021,Montgomery,AL,Passenger,1,0,1,40,41,2.44
June 30 2018,Tulsa,OK,Passenger,0,1,1,55,56,1.79
August 31 2020,Douglas,WA,Truck,0,0,0,12332,12332,0
December 31 2022,Cumberland,NC,Passenger,2,4,6,357,363,1.65
July 31 2022,Berkeley,SC,Passenger,0,1,1,121,122,0.82
January 31 2019,Cowlitz,WA,Truck,0,0,0,28723,28723,0
December 31 2023,Mobile,AL,Passenger,1,0,1,26,27,3.7
November 30 2020,Kootenai,ID,Passenger,0,1,1,210,211,0.47
September 30 2018,Yakima,WA,Passenger,67,93,160,164212,164372,0.1
July 31 2017,District of Columbia,DC,Passenger,0,3,3,208,211,1.42
April 30 2022,Middlesex,MA,Passenger,1,0,1,97,98,1.02
June 30 2022,Yellowstone,MT,Passenger,0,1,1,23,24,4.17
August 31 2021,Fairfax,VA,Passenger,7,3,10,710,720,1.39
June 30 2023,Douglas,WA,Passenger,208,63,271,28772,29043,0.93
October 31 2017,Clallam,WA,Passenger,96,85,181,48725,48906,0.37
February 28 2017,Skamania,WA,Passenger,7,7,14,8539,8553,0.16
August 31 2020,Island,WA,Truck,1,0,1,21204,21205,0
April 30 2021,Palm Beach,FL,Passenger,1,1,2,78,80,2.5
January 31 2021,Montgomery,TX,Passenger,1,0,1,51,52,1.92
March 31 2018,Washtenaw,MI,Passenger,1,0,1,39,40,2.5
January 31 2021,Rockingham,NH,Passenger,1,0,1,22,23,4.35
November 30 2022,Marion,IA,Passenger,1,0,1,0,1,100
May 31 2024,Snohomish,WA,Truck,361,0,361,118885,119246,0.3
August 31 2017,Bexar,TX,Passenger,1,1,2,858,860,0.23
April 30 2022,Calvert,MD,Passenger,0,2,2,84,86,2.33
October 31 2020,St. Mary's,MD,Passenger,1,0,1,212,213,0.47
October 31 2022,Douglas,NE,Passenger,2,2,4,39,43,9.3
January 31 2019,Stevens,WA,Passenger,19,28,47,31802,31849,0.15
May 31 2024,Adams,WA,Passenger,34,18,52,13055,13107,0.4
February 29 2020,Cochise,AZ,Passenger,0,1,1,103,104,0.96
December 31 2021,Pennington,SD,Passenger,1,0,1,32,33,3.03
January 31 2023,Calvert,MD,Passenger,0,2,2,87,89,2.25
July 31 2017,Lumpkin,GA,Passenger,1,0,1,9,10,10
January 31 2022,Powhatan,VA,Passenger,1,0,1,1,2,50
November 30 2020,Cowlitz,WA,Passenger,170,124,294,71993,72287,0.41
October 31 2020,Fort Bend,TX,Passenger,1,0,1,42,43,2.33
June 30 2017,Deschutes,OR,Passenger,1,0,1,205,206,0.49
July 31 2017,Spokane,WA,Truck,1,0,1,90732,90733,0
January 31 2024,San Diego,CA,Passenger,19,8,27,1952,1979,1.36
February 28 2023,Sedgwick,KS,Passenger,0,1,1,69,70,1.43
February 28 2021,Kittitas,WA,Truck,0,0,0,14694,14694,0
June 30 2023,Meade,KY,Passenger,1,0,1,18,19,5.26
December 31 2021,Garfield,WA,Passenger,0,3,3,1344,1347,0.22
January 31 2023,Autauga,AL,Passenger,2,0,2,13,15,13.33
October 31 2021,Loudoun,VA,Passenger,1,0,1,69,70,1.43
February 29 2020,Howard,MD,Passenger,0,1,1,81,82,1.22
January 31 2022,Providence,RI,Passenger,1,0,1,22,23,4.35
January 31 2023,Rockingham,NH,Passenger,1,0,1,13,14,7.14
July 31 2020,Carson City,NV,Passenger,1,0,1,10,11,9.09
February 28 2023,Collier,FL,Passenger,1,0,1,14,15,6.67
November 30 2017,Prince George's,MD,Passenger,0,1,1,181,182,0.55
April 30 2017,Spokane,WA,Truck,1,0,1,90253,90254,0
April 30 2020,Ada,ID,Passenger,0,1,1,298,299,0.33
October 31 2023,Nueces,TX,Passenger,0,1,1,50,51,1.96
October 31 2019,Cascade,MT,Passenger,0,1,1,61,62,1.61
May 31 2019,Guadalupe,TX,Passenger,1,0,1,80,81,1.23
May 31 2020,Bartow,GA,Passenger,0,1,1,4,5,20
May 31 2020,Whitman,WA,Passenger,45,48,93,22158,22251,0.42
January 31 2022,Lake,FL,Passenger,1,0,1,25,26,3.85
June 30 2022,Salt Lake,UT,Passenger,2,1,3,151,154,1.95
May 31 2021,Douglas,NE,Passenger,1,1,2,55,57,3.51
April 30 2018,Broward,FL,Passenger,0,1,1,133,134,0.75
July 31 2023,Island,WA,Truck,33,0,33,20983,21016,0.16
July 31 2020,Rogers,OK,Passenger,1,0,1,8,9,11.11
February 29 2020,Adams,WA,Passenger,7,7,14,12904,12918,0.11
June 30 2022,Columbia,WA,Passenger,7,0,7,2441,2448,0.29
May 31 2019,Norfolk,MA,Passenger,1,0,1,38,39,2.56
October 31 2020,Yakima,WA,Truck,0,0,0,60681,60681,0
September 30 2017,Snohomish,WA,Truck,1,0,1,121516,121517,0
December 31 2017,Clay,FL,Passenger,0,1,1,106,107,0.93
June 30 2020,Lake,FL,Passenger,1,0,1,25,26,3.85
September 30 2019,Suffolk,MA,Passenger,0,1,1,41,42,2.38
May 31 2021,Washtenaw,MI,Passenger,0,1,1,30,31,3.23
January 31 2021,Fort Bend,TX,Passenger,1,0,1,40,41,2.44
September 30 2022,Sevier,AR,Passenger,0,1,1,0,1,100
January 31 2017,Pierce,WA,Truck,0,0,0,138735,138735,0
July 31 2023,Duval,FL,Passenger,1,0,1,254,255,0.39
January 31 2022,Sacramento,CA,Passenger,1,1,2,241,243,0.82
September 30 2021,Spartanburg,SC,Passenger,0,1,1,50,51,1.96
April 30 2022,Washoe,NV,Passenger,1,0,1,79,80,1.25
November 30 2018,Fulton,GA,Passenger,1,3,4,109,113,3.54
August 31 2018,Charles,MD,Passenger,0,1,1,86,87,1.15
March 31 2017,Yakima,WA,Passenger,36,50,86,159209,159295,0.05
July 31 2021,Mason,WA,Passenger,215,137,352,48067,48419,0.73
June 30 2022,Ferry,WA,Passenger,19,4,23,4407,4430,0.52
August 31 2018,Madison,ID,Passenger,1,0,1,35,36,2.78
August 31 2018,Benton,WA,Truck,0,0,0,41225,41225,0
October 31 2021,Whatcom,WA,Truck,4,0,4,43747,43751,0.01
January 31 2021,Los Angeles,CA,Passenger,9,11,20,994,1014,1.97
September 30 2022,St. Mary's,MD,Passenger,2,0,2,192,194,1.03
August 31 2020,,,Passenger,6,1,7,374,381,1.84
April 30 2023,Oldham,KY,Passenger,0,1,1,4,5,20
May 31 2024,Lexington,SC,Passenger,1,0,1,15,16,6.25
January 31 2021,Grays Harbor,WA,Passenger,133,126,259,48754,49013,0.53
December 31 2021,Wahkiakum,WA,Passenger,17,10,27,3080,3107,0.87
September 30 2018,Shelby,TN,Passenger,0,1,1,106,107,0.93
July 31 2018,DeKalb,GA,Passenger,1,0,1,82,83,1.2
January 31 2020,Frederick,MD,Passenger,1,1,2,75,77,2.6
February 28 2019,Stevens,WA,Passenger,19,28,47,31717,31764,0.15
November 30 2020,Pima,AZ,Passenger,3,1,4,363,367,1.09
November 30 2022,Alameda,CA,Passenger,5,2,7,194,201,3.48
January 31 2023,Fulton,GA,Passenger,1,1,2,72,74,2.7
June 30 2019,Mercer,NJ,Passenger,0,1,1,16,17,5.88
September 30 2017,Hamilton,IN,Passenger,1,0,1,58,59,1.69
February 28 2023,Yakima,WA,Truck,9,0,9,61136,61145,0.01
October 31 2019,Prince William,VA,Passenger,1,4,5,234,239,2.09
May 31 2024,Orange,FL,Passenger,1,0,1,37,38,2.63
November 30 2017,San Juan,WA,Truck,0,0,0,5573,5573,0
June 30 2018,Duval,FL,Passenger,1,2,3,383,386,0.78
April 30 2022,Manassas,VA,Passenger,0,1,1,6,7,14.29
August 31 2021,Richmond,NY,Passenger,1,0,1,6,7,14.29
February 28 2021,Moore,NC,Passenger,0,1,1,137,138,0.72
July 31 2019,Charleston,SC,Passenger,1,0,1,117,118,0.85
January 31 2019,Duval,FL,Passenger,1,2,3,385,388,0.77
August 31 2018,Alameda,CA,Passenger,0,1,1,350,351,0.28
July 31 2018,Cowlitz,WA,Truck,0,0,0,28558,28558,0
July 31 2024,Sacramento,CA,Passenger,1,0,1,118,119,0.84
November 30 2021,Klickitat,WA,Passenger,88,52,140,15330,15470,0.9
June 30 2022,Harris,TX,Passenger,1,0,1,179,180,0.56
December 31 2023,Sacramento,CA,Passenger,1,1,2,149,151,1.32
February 28 2023,San Joaquin,CA,Passenger,1,1,2,89,91,2.2
June 30 2022,Arlington,VA,Passenger,1,0,1,137,138,0.72
January 31 2017,Polk,FL,Passenger,1,0,1,66,67,1.49
February 28 2022,Lincoln,OR,Passenger,0,1,1,32,33,3.03
July 31 2023,Virginia Beach,VA,Truck,1,0,1,105,106,0.94
July 31 2019,Alexandria,VA,Passenger,1,0,1,146,147,0.68
May 31 2022,Camden,NJ,Passenger,0,1,1,13,14,7.14
October 31 2021,Washington,MD,Passenger,2,0,2,11,13,15.38
November 30 2022,Carroll,MD,Passenger,0,1,1,20,21,4.76
January 31 2024,Hawaii,HI,Passenger,1,0,1,29,30,3.33
June 30 2023,Ray,MO,Passenger,0,1,1,0,1,100
February 29 2024,Snohomish,WA,Passenger,17188,3764,20952,525466,546418,3.83
March 31 2024,Asotin,WA,Passenger,45,24,69,12233,12302,0.56
March 31 2023,Lewis,WA,Passenger,295,195,490,58726,59216,0.83
January 31 2021,Chelan,WA,Passenger,294,87,381,54469,54850,0.69
October 31 2017,Garfield,WA,Passenger,1,0,1,1315,1316,0.08
February 28 2019,Norfolk,VA,Passenger,2,2,4,346,350,1.14
March 31 2022,Santa Clara,CA,Passenger,13,1,14,267,281,4.98
March 31 2022,Cook,IL,Passenger,2,0,2,217,219,0.91
September 30 2021,Pend Oreille,WA,Truck,0,0,0,5684,5684,0
February 29 2020,El Paso,TX,Passenger,3,0,3,433,436,0.69
November 30 2020,Fulton,GA,Passenger,1,3,4,96,100,4
June 30 2024,Douglas,CO,Passenger,0,2,2,42,44,4.55
September 30 2023,Tooele,UT,Passenger,2,0,2,10,12,16.67
October 31 2018,Garfield,WA,Passenger,1,1,2,1330,1332,0.15
June 30 2017,Tulare,CA,Passenger,1,0,1,199,200,0.5
May 31 2024,Lewis,WA,Passenger,459,379,838,58732,59570,1.41
September 30 2020,Rockingham,NH,Passenger,1,0,1,22,23,4.35
May 31 2018,Orange,CA,Passenger,4,1,5,579,584,0.86
March 31 2017,Pacific,WA,Passenger,6,8,14,15068,15082,0.09
December 31 2022,Queens,NY,Passenger,1,0,1,36,37,2.7
October 31 2019,Jefferson,CO,Passenger,0,2,2,56,58,3.45
September 30 2021,Williamson,TX,Passenger,1,2,3,118,121,2.48
May 31 2017,Prince George's,MD,Passenger,0,1,1,184,185,0.54
January 31 2017,Dale,AL,Passenger,0,1,1,65,66,1.52
April 30 2020,Oklahoma,OK,Passenger,0,1,1,133,134,0.75
July 31 2022,Muscogee,GA,Passenger,0,1,1,126,127,0.79
March 31 2020,Cowlitz,WA,Truck,0,0,0,28845,28845,0
October 31 2022,Snohomish,WA,Passenger,9421,2667,12088,530207,542295,2.23
January 31 2019,Collin,TX,Passenger,1,1,2,161,163,1.23
December 31 2022,San Joaquin,CA,Passenger,1,0,1,90,91,1.1
September 30 2017,Marin,CA,Passenger,1,0,1,59,60,1.67
May 31 2022,St. Lawrence,NY,Passenger,1,0,1,5,6,16.67
July 31 2020,Larimer,CO,Passenger,1,0,1,46,47,2.13
April 30 2019,Kittitas,WA,Passenger,71,35,106,29486,29592,0.36
June 30 2024,Harnett,NC,Passenger,4,1,5,109,114,4.39
September 30 2021,Fairfax,VA,Passenger,7,3,10,708,718,1.39
July 31 2017,Pierce,WA,Passenger,986,856,1842,524459,526301,0.35
May 31 2020,Chelan,WA,Passenger,228,78,306,54098,54404,0.56
December 31 2017,Clark,WA,Truck,0,0,0,78361,78361,0
July 31 2024,El Paso,CO,Truck,1,0,1,111,112,0.89
August 31 2020,Loudoun,VA,Passenger,1,0,1,84,85,1.18
May 31 2022,Richland,SC,Passenger,0,2,2,139,141,1.42
March 31 2022,Wood,OH,Passenger,0,1,1,7,8,12.5
June 30 2023,Atlantic,NJ,Passenger,1,0,1,11,12,8.33
November 30 2023,Brown,WI,Passenger,1,0,1,4,5,20
April 30 2022,Currituck,NC,Passenger,1,0,1,22,23,4.35
October 31 2022,Okanogan,WA,Passenger,94,49,143,26235,26378,0.54
December 31 2022,Pierce,WA,Passenger,6148,2503,8651,537575,546226,1.58
September 30 2023,Jefferson,WA,Passenger,607,269,876,24183,25059,3.5
March 31 2024,Skagit,WA,Truck,42,0,42,31481,31523,0.13
May 31 2019,Salt Lake,UT,Passenger,1,0,1,214,215,0.47
March 31 2019,Garfield,WA,Passenger,1,1,2,1309,1311,0.15
June 30 2017,Prince George's,MD,Passenger,0,1,1,182,183,0.55
September 30 2021,Sonoma,CA,Passenger,0,1,1,91,92,1.09
May 31 2021,Nueces,TX,Passenger,1,0,1,81,82,1.22
June 30 2019,Klamath,OR,Passenger,1,0,1,40,41,2.44
August 31 2023,Goochland,VA,Passenger,2,2,4,59,63,6.35
October 31 2021,Sarpy,NE,Passenger,1,0,1,71,72,1.39
March 31 2024,Providence,RI,Passenger,1,0,1,20,21,4.76
February 28 2018,Mercer,NJ,Passenger,0,1,1,18,19,5.26
May 31 2022,Danville,VA,Passenger,1,0,1,0,1,100
May 31 2021,Spokane,WA,Passenger,1030,624,1654,325281,326935,0.51
February 28 2018,Thurston,WA,Passenger,491,414,905,190667,191572,0.47
January 31 2024,San Juan,WA,Passenger,699,201,900,13638,14538,6.19
October 31 2018,El Paso,CO,Passenger,3,2,5,769,774,0.65
October 31 2018,Skagit,WA,Truck,1,0,1,32333,32334,0
August 31 2017,Lincoln,WA,Passenger,1,5,6,7567,7573,0.08
March 31 2021,Island,WA,Truck,0,0,0,21422,21422,0
October 31 2019,Grant,WA,Truck,0,0,0,26884,26884,0
July 31 2023,Ventura,CA,Passenger,2,3,5,231,236,2.12
February 28 2021,Montgomery,OH,Passenger,0,1,1,54,55,1.82
November 30 2022,Galveston,TX,Passenger,0,1,1,17,18,5.56
August 31 2020,Kauai,HI,Passenger,1,0,1,16,17,5.88
July 31 2023,Rockingham,NH,Passenger,1,0,1,11,12,8.33
December 31 2017,Alameda,CA,Passenger,0,1,1,358,359,0.28
January 31 2020,Maricopa,AZ,Passenger,7,9,16,1596,1612,0.99
July 31 2021,Williams,ND,Passenger,0,1,1,7,8,12.5
December 31 2021,Yakima,WA,Passenger,286,173,459,168664,169123,0.27
July 31 2021,Chelan,WA,Passenger,350,101,451,54698,55149,0.82
April 30 2022,Denton,TX,Passenger,2,0,2,72,74,2.7
October 31 2019,Saginaw,MI,Passenger,1,0,1,11,12,8.33
September 30 2019,Hennepin,MN,Passenger,3,1,4,108,112,3.57
September 30 2023,Polk,OR,Passenger,1,1,2,19,21,9.52
March 31 2019,Sangamon,IL,Passenger,2,0,2,7,9,22.22
December 31 2019,Sumter,FL,Passenger,0,1,1,10,11,9.09
October 31 2019,DeKalb,IN,Passenger,1,0,1,1,2,50
March 31 2023,Yolo,CA,Passenger,2,0,2,29,31,6.45
November 30 2017,Yakima,WA,Passenger,57,73,130,161601,161731,0.08
December 31 2022,Travis,TX,Passenger,2,1,3,105,108,2.78
September 30 2017,Pend Oreille,WA,Passenger,3,4,7,9375,9382,0.07
November 30 2019,Benton,WA,Truck,0,0,0,42409,42409,0
November 30 2019,Suffolk,VA,Passenger,1,0,1,125,126,0.79
July 31 2021,Howard,MD,Passenger,0,1,1,71,72,1.39
May 31 2019,Cumberland,NC,Passenger,1,2,3,516,519,0.58
February 28 2021,Ferry,WA,Truck,0,0,0,3628,3628,0
February 28 2022,Fort Bend,TX,Passenger,1,0,1,33,34,2.94
July 31 2019,Anne Arundel,MD,Passenger,1,1,2,435,437,0.46
August 31 2022,Sedgwick,KS,Passenger,0,1,1,69,70,1.43
June 30 2022,Isle of Wight,VA,Passenger,0,1,1,18,19,5.26
July 31 2019,Goochland,VA,Passenger,1,1,2,267,269,0.74
February 29 2020,Camden,NJ,Passenger,0,2,2,21,23,8.7
April 30 2024,Wichita,TX,Passenger,1,0,1,29,30,3.33
January 31 2021,Larimer,CO,Passenger,1,0,1,47,48,2.08
July 31 2021,Hawaii,HI,Passenger,1,0,1,50,51,1.96
June 30 2018,Garfield,WA,Truck,0,0,0,948,948,0
January 31 2022,Lincoln,WA,Passenger,6,17,23,7731,7754,0.3
February 28 2023,Douglas,NE,Passenger,2,1,3,34,37,8.11
January 31 2019,Washoe,NV,Passenger,2,0,2,112,114,1.75
February 28 2021,Carroll,NH,Passenger,0,1,1,4,5,20
April 30 2022,Goochland,VA,Passenger,4,2,6,175,181,3.31
January 31 2022,Loudoun,VA,Passenger,1,0,1,71,72,1.39
November 30 2021,Wood,OH,Passenger,0,1,1,8,9,11.11
July 31 2023,Adams,CO,Passenger,1,0,1,24,25,4
January 31 2020,Santa Cruz,CA,Passenger,1,0,1,36,37,2.7
July 31 2023,Hamilton,OH,Truck,1,0,1,4,5,20
December 31 2019,King,WA,Passenger,21945,7540,29485,1394068,1423553,2.07
January 31 2017,El Paso,TX,Passenger,0,1,1,585,586,0.17
July 31 2023,Burlington,NJ,Passenger,2,2,4,86,90,4.44
March 31 2019,Okanogan,WA,Truck,0,0,0,16437,16437,0
May 31 2019,Thurston,WA,Passenger,843,629,1472,197007,198479,0.74
December 31 2021,Adams,WA,Passenger,17,14,31,13061,13092,0.24
April 30 2018,Howard,MD,Passenger,0,1,1,89,90,1.11
August 31 2022,Arlington,VA,Passenger,1,0,1,133,134,0.75
February 29 2020,Pima,AZ,Passenger,3,1,4,394,398,1.01
August 31 2019,Clay,FL,Passenger,0,1,1,85,86,1.16
February 28 2022,Suffolk,MA,Passenger,0,2,2,26,28,7.14
August 31 2019,Suffolk,MA,Passenger,0,1,1,40,41,2.44
June 30 2022,Alexandria,VA,Passenger,4,0,4,117,121,3.31
February 28 2021,Shelby,OH,Passenger,0,1,1,3,4,25
September 30 2022,Eau Claire,WI,Passenger,1,0,1,1,2,50
February 28 2019,Bergen,NJ,Passenger,1,0,1,25,26,3.85
January 31 2020,Okanogan,WA,Passenger,32,30,62,26205,26267,0.24
April 30 2019,Jefferson,WA,Truck,0,0,0,9648,9648,0
September 30 2022,Island,WA,Truck,10,0,10,21226,21236,0.05
June 30 2019,Palm Beach,FL,Passenger,0,2,2,86,88,2.27
May 31 2019,DeKalb,GA,Passenger,1,0,1,83,84,1.19
October 31 2023,Brevard,FL,Passenger,1,0,1,61,62,1.61
May 31 2024,Kings,NY,Passenger,1,0,1,26,27,3.7
July 31 2023,Madison,IL,Passenger,2,0,2,16,18,11.11
June 30 2024,New Castle,DE,Passenger,1,0,1,14,15,6.67
January 31 2022,Hillsborough,FL,Passenger,0,2,2,147,149,1.34
January 31 2019,Clallam,WA,Passenger,152,128,280,50404,50684,0.55
January 31 2019,Whitman,WA,Truck,0,0,0,8515,8515,0
April 30 2024,Kittitas,WA,Truck,27,0,27,14629,14656,0.18
February 28 2018,Deschutes,OR,Passenger,1,0,1,186,187,0.53
July 31 2020,Harris,TX,Passenger,1,0,1,259,260,0.38
February 28 2021,Sedgwick,KS,Passenger,1,1,2,90,92,2.17
December 31 2022,Allegheny,PA,Passenger,2,0,2,66,68,2.94
February 29 2024,Columbia,GA,Passenger,1,0,1,70,71,1.41
May 31 2019,Albemarle,VA,Passenger,1,0,1,25,26,3.85
July 31 2020,Wilson,TX,Passenger,0,1,1,6,7,14.29
March 31 2022,Ferry,WA,Truck,0,0,0,3569,3569,0
November 30 2023,Garfield,WA,Passenger,0,3,3,1300,1303,0.23
June 30 2018,Manatee,FL,Passenger,1,0,1,41,42,2.38
February 28 2017,Lincoln,WA,Passenger,2,4,6,7506,7512,0.08
May 31 2020,Honolulu,HI,Passenger,4,2,6,476,482,1.24
March 31 2020,Suffolk,VA,Passenger,1,0,1,125,126,0.79
November 30 2023,Lake,IL,Passenger,6,0,6,127,133,4.51
December 31 2018,Marion,IN,Passenger,1,0,1,121,122,0.82
September 30 2022,Essex,MA,Passenger,2,0,2,14,16,12.5
July 31 2023,Churchill,NV,Passenger,0,1,1,33,34,2.94
September 30 2022,Monterey,CA,Passenger,0,3,3,147,150,2
January 31 2019,Manatee,FL,Passenger,1,0,1,40,41,2.44
April 30 2023,Albemarle,VA,Passenger,2,0,2,15,17,11.76
December 31 2022,Shasta,CA,Passenger,1,0,1,26,27,3.7
May 31 2024,Snohomish,WA,Passenger,18434,3954,22388,521911,544299,4.11
March 31 2024,Benton,WA,Passenger,1490,687,2177,135823,138000,1.58
June 30 2018,Los Angeles,CA,Passenger,5,4,9,1173,1182,0.76
November 30 2023,Lewis,WA,Passenger,388,293,681,59542,60223,1.13
August 31 2019,Snohomish,WA,Passenger,3639,1639,5278,532925,538203,0.98
June 30 2020,Klickitat,WA,Passenger,53,41,94,15166,15260,0.62
February 28 2022,Skamania,WA,Passenger,59,45,104,8288,8392,1.24
February 29 2020,Charles,MD,Passenger,0,1,1,81,82,1.22
March 31 2023,Richmond,NY,Passenger,1,0,1,4,5,20
November 30 2018,Madison,ID,Passenger,1,0,1,37,38,2.63
October 31 2018,Clallam,WA,Truck,0,0,0,21568,21568,0
May 31 2021,Spokane,WA,Truck,0,0,0,102018,102018,0
September 30 2018,Chelan,WA,Truck,0,0,0,22021,22021,0
January 31 2018,Tarrant,TX,Passenger,1,0,1,227,228,0.44
November 30 2022,Whatcom,WA,Truck,21,0,21,43050,43071,0.05
June 30 2024,Jefferson,WA,Passenger,740,302,1042,23723,24765,4.21
February 28 2019,Adams,WA,Truck,0,0,0,5105,5105,0
October 31 2019,El Paso,TX,Passenger,3,0,3,457,460,0.65
March 31 2019,Cumberland,NC,Passenger,1,2,3,521,524,0.57
November 30 2023,San Mateo,CA,Passenger,2,0,2,59,61,3.28
March 31 2022,DuPage,IL,Passenger,3,1,4,52,56,7.14
March 31 2024,Essex,MA,Passenger,1,0,1,10,11,9.09
November 30 2021,Norfolk,MA,Passenger,1,0,1,28,29,3.45
May 31 2022,Maui,HI,Passenger,1,0,1,28,29,3.45
November 30 2023,Whitman,WA,Passenger,191,101,292,21994,22286,1.31
November 30 2021,Mason,WA,Passenger,254,156,410,47762,48172,0.85
June 30 2022,Hillsborough,FL,Passenger,1,2,3,139,142,2.11
February 28 2021,Columbia,WA,Passenger,5,4,9,2451,2460,0.37
November 30 2019,Boone,MO,Passenger,0,1,1,11,12,8.33
April 30 2021,Lane,OR,Passenger,0,2,2,141,143,1.4
June 30 2021,Frederick,MD,Passenger,1,1,2,63,65,3.08
April 30 2024,Meade,KY,Passenger,1,0,1,17,18,5.56
January 31 2019,Lee,FL,Passenger,1,0,1,51,52,1.92
October 31 2017,Manassas,VA,Passenger,0,1,1,9,10,10
March 31 2023,Oldham,KY,Passenger,0,1,1,4,5,20
December 31 2019,Berkshire,MA,Passenger,0,1,1,5,6,16.67
April 30 2023,Harris,TX,Passenger,1,1,2,161,163,1.23
February 29 2020,Pierce,WA,Truck,0,0,0,141446,141446,0
September 30 2017,Virginia Beach,VA,Passenger,2,1,3,652,655,0.46
April 30 2021,Douglas,WA,Passenger,89,46,135,28466,28601,0.47
January 31 2024,St. Louis,MO,Passenger,1,0,1,52,53,1.89
February 29 2020,Broward,FL,Passenger,2,1,3,124,127,2.36
July 31 2021,District of Columbia,DC,Passenger,4,1,5,181,186,2.69
March 31 2022,Kings,NY,Passenger,1,0,1,69,70,1.43
December 31 2020,New York,NY,Passenger,2,0,2,60,62,3.23
April 30 2020,Alexandria,VA,Passenger,1,0,1,139,140,0.71
January 31 2018,Marin,CA,Passenger,1,0,1,56,57,1.75
July 31 2017,Columbia,WA,Passenger,1,1,2,2350,2352,0.09
May 31 2023,Skamania,WA,Passenger,103,58,161,8047,8208,1.96
July 31 2019,Columbia,WA,Passenger,2,2,4,2454,2458,0.16
January 31 2019,Kittitas,WA,Truck,0,0,0,14242,14242,0
December 31 2017,Whatcom,WA,Passenger,533,227,760,145148,145908,0.52
March 31 2018,Santa Fe,NM,Passenger,0,1,1,41,42,2.38
January 31 2024,Alameda,CA,Passenger,4,2,6,152,158,3.8
July 31 2020,Newport,RI,Passenger,0,1,1,81,82,1.22
August 31 2023,Harrison,MS,Passenger,1,0,1,33,34,2.94
February 28 2023,Beaufort,SC,Passenger,1,0,1,31,32,3.12
March 31 2024,Brown,WI,Passenger,1,0,1,4,5,20
July 31 2020,Monroe,IL,Passenger,1,0,1,3,4,25
October 31 2022,Whitman,WA,Passenger,103,65,168,21892,22060,0.76
September 30 2020,Skagit,WA,Passenger,449,228,677,91454,92131,0.73
December 31 2020,Honolulu,HI,Passenger,5,2,7,459,466,1.5
April 30 2019,Grays Harbor,WA,Passenger,70,84,154,47654,47808,0.32
February 28 2017,Santa Clara,CA,Passenger,5,3,8,433,441,1.81
May 31 2018,Douglas,WA,Truck,0,0,0,11897,11897,0
October 31 2023,Jefferson,WA,Passenger,621,267,888,24151,25039,3.55
July 31 2021,Clackamas,OR,Passenger,2,0,2,186,188,1.06
July 31 2019,Wayne,MI,Passenger,0,1,1,68,69,1.45
June 30 2018,Lee,FL,Passenger,1,0,1,55,56,1.79
August 31 2022,Rockdale,GA,Passenger,1,0,1,7,8,12.5
March 31 2019,Lumpkin,GA,Passenger,1,0,1,6,7,14.29
April 30 2018,Yakima,WA,Truck,0,0,0,58206,58206,0
March 31 2019,Chelan,WA,Passenger,144,67,211,54154,54365,0.39
June 30 2023,Lewis,WA,Truck,7,0,7,26012,26019,0.03
July 31 2022,Yakima,WA,Truck,1,0,1,61300,61301,0
April 30 2023,Jefferson,WA,Passenger,533,253,786,24234,25020,3.14
June 30 2020,Pinellas,FL,Passenger,1,1,2,118,120,1.67
April 30 2019,Nueces,TX,Passenger,1,1,2,94,96,2.08
December 31 2019,Penobscot,ME,Passenger,0,1,1,13,14,7.14
July 31 2021,Montgomery,OH,Passenger,0,1,1,55,56,1.79
April 30 2018,Caddo,LA,Passenger,0,1,1,24,25,4
January 31 2022,Walla Walla,WA,Passenger,146,88,234,36255,36489,0.64
November 30 2017,Spokane,WA,Truck,1,0,1,91404,91405,0
July 31 2018,Cumberland,NC,Passenger,1,0,1,549,550,0.18
September 30 2019,Norfolk,VA,Passenger,2,2,4,343,347,1.15
February 28 2019,District of Columbia,DC,Passenger,1,1,2,200,202,0.99
June 30 2019,Penobscot,ME,Passenger,0,1,1,13,14,7.14
March 31 2023,Allegheny,PA,Passenger,1,0,1,63,64,1.56
January 31 2024,Sonoma,CA,Passenger,2,1,3,62,65,4.62
October 31 2022,Geary,KS,Passenger,1,0,1,80,81,1.23
November 30 2019,Chelan,WA,Truck,0,0,0,22513,22513,0
March 31 2022,Norfolk,VA,Passenger,2,3,5,314,319,1.57
June 30 2020,Franklin,WA,Passenger,60,75,135,60616,60751,0.22
October 31 2017,Wahkiakum,WA,Passenger,0,2,2,2849,2851,0.07
April 30 2021,Fairbanks North Star,AK,Passenger,0,1,1,89,90,1.11
September 30 2019,Orange,CA,Passenger,7,3,10,532,542,1.85
July 31 2022,Spartanburg,SC,Passenger,0,1,1,38,39,2.56
May 31 2018,Pend Oreille,WA,Passenger,4,5,9,9510,9519,0.09
September 30 2019,District of Columbia,DC,Passenger,1,1,2,198,200,1
June 30 2020,Richland,SC,Passenger,0,1,1,156,157,0.64
December 31 2022,Suffolk,VA,Passenger,1,0,1,118,119,0.84
December 31 2019,Dakota,MN,Passenger,0,1,1,31,32,3.12
August 31 2020,Klamath,OR,Passenger,1,0,1,34,35,2.86
September 30 2021,Loudoun,VA,Passenger,1,0,1,71,72,1.39
April 30 2021,Sumter,FL,Passenger,0,1,1,11,12,8.33
August 31 2021,Hampshire,MA,Passenger,1,0,1,9,10,10
January 31 2023,Asotin,WA,Passenger,30,20,50,12422,12472,0.4
December 31 2017,Ferry,WA,Passenger,1,3,4,4403,4407,0.09
January 31 2023,Santa Clara,CA,Passenger,15,3,18,223,241,7.47
January 31 2017,Montgomery,TN,Passenger,1,0,1,309,310,0.32
February 28 2019,St. Clair,IL,Passenger,0,1,1,167,168,0.6
June 30 2022,Honolulu,HI,Passenger,4,4,8,389,397,2.02
December 31 2021,Dorchester,SC,Passenger,1,0,1,75,76,1.32
November 30 2021,Vigo,IN,Passenger,1,0,1,5,6,16.67
April 30 2022,Douglas,NE,Passenger,1,2,3,49,52,5.77
July 31 2018,Manatee,FL,Passenger,1,0,1,41,42,2.38
June 30 2022,Okaloosa,FL,Passenger,0,1,1,108,109,0.92
April 30 2024,Sarasota,FL,Passenger,1,0,1,21,22,4.55
October 31 2022,Polk,OR,Passenger,0,1,1,20,21,4.76
July 31 2018,Clallam,WA,Passenger,127,111,238,49983,50221,0.47
November 30 2020,Mohave,AZ,Passenger,1,0,1,68,69,1.45
July 31 2023,Wichita,TX,Passenger,1,0,1,35,36,2.78
June 30 2024,Sacramento,CA,Truck,1,0,1,25,26,3.85
June 30 2024,Asotin,WA,Truck,3,0,3,6504,6507,0.05
July 31 2017,Skagit,WA,Passenger,142,104,246,88178,88424,0.28
September 30 2022,Mason,WA,Truck,4,0,4,20957,20961,0.02
November 30 2018,Prince William,VA,Passenger,0,5,5,254,259,1.93
August 31 2022,Jefferson,WA,Passenger,454,224,678,24478,25156,2.7
May 31 2018,Dakota,MN,Passenger,0,2,2,37,39,5.13
March 31 2020,Middlesex,MA,Passenger,1,0,1,103,104,0.96
March 31 2021,Washington,OR,Passenger,1,0,1,420,421,0.24
January 31 2022,Sonoma,CA,Passenger,0,1,1,89,90,1.11
February 28 2018,Essex,NJ,Passenger,1,0,1,12,13,7.69
May 31 2023,St. Lawrence,NY,Passenger,1,0,1,4,5,20
April 30 2017,Monroe,NY,Passenger,1,0,1,28,29,3.45
March 31 2018,Lincoln,WA,Truck,0,0,0,4514,4514,0
December 31 2022,Sacramento,CA,Truck,1,0,1,38,39,2.56
August 31 2018,Lewis,WA,Truck,0,0,0,25606,25606,0
April 30 2023,Asotin,WA,Truck,0,0,0,6601,6601,0
March 31 2021,San Juan,WA,Passenger,394,123,517,14112,14629,3.53
October 31 2021,Fulton,GA,Passenger,0,1,1,83,84,1.19
February 28 2021,Washoe,NV,Passenger,1,0,1,102,103,0.97
December 31 2021,,,Passenger,5,2,7,323,330,2.12
March 31 2019,Owyhee,ID,Passenger,1,0,1,6,7,14.29
September 30 2017,Travis,TX,Passenger,1,1,2,196,198,1.01
October 31 2017,Portsmouth,VA,Passenger,0,1,1,62,63,1.59
September 30 2020,Alameda,CA,Passenger,2,0,2,280,282,0.71
June 30 2020,Contra Costa,CA,Passenger,3,3,6,310,316,1.9
February 28 2021,Santa Cruz,CA,Passenger,1,0,1,32,33,3.03
March 31 2023,Sarasota,FL,Passenger,1,0,1,29,30,3.33
August 31 2022,Jackson,OK,Passenger,0,1,1,34,35,2.86
March 31 2023,Fairfax,VA,Truck,1,0,1,97,98,1.02
November 30 2017,Franklin,WA,Passenger,31,48,79,56674,56753,0.14
November 30 2018,Douglas,WA,Truck,0,0,0,12120,12120,0
December 31 2023,Stevens,WA,Truck,3,0,3,18700,18703,0.02
May 31 2024,San Bernardino,CA,Passenger,2,1,3,255,258,1.16
December 31 2020,Mason,WA,Passenger,173,131,304,47629,47933,0.63
July 31 2019,Washoe,NV,Passenger,2,0,2,116,118,1.69
March 31 2024,Collin,TX,Passenger,2,0,2,35,37,5.41
May 31 2021,Howard,MD,Passenger,0,1,1,72,73,1.37
December 31 2018,Caddo,LA,Passenger,0,1,1,24,25,4
December 31 2020,Los Angeles,CA,Passenger,9,11,20,999,1019,1.96
July 31 2017,Salt Lake,UT,Passenger,1,0,1,263,264,0.38
August 31 2023,Pend Oreille,WA,Truck,0,0,0,5607,5607,0
October 31 2022,Escambia,FL,Passenger,0,1,1,145,146,0.68
April 30 2024,Benton,WA,Passenger,1559,702,2261,135670,137931,1.64
July 31 2023,Pulaski,AR,Passenger,2,0,2,18,20,10
August 31 2021,San Mateo,CA,Passenger,1,0,1,107,108,0.93
November 30 2023,Stevens,WA,Truck,2,0,2,18679,18681,0.01
March 31 2020,Lewis,WA,Truck,0,0,0,26029,26029,0
August 31 2017,Jefferson,WA,Passenger,112,64,176,23952,24128,0.73
July 31 2024,Stevens,WA,Passenger,152,82,234,28834,29068,0.81
October 31 2020,Lane,OR,Passenger,0,1,1,151,152,0.66
October 31 2019,Portsmouth,VA,Passenger,0,1,1,77,78,1.28
November 30 2023,Kent,DE,Passenger,1,0,1,39,40,2.5
December 31 2022,New York,NY,Passenger,2,0,2,37,39,5.13
October 31 2021,Montgomery,OH,Passenger,0,1,1,56,57,1.75
February 28 2022,Platte,MO,Passenger,1,0,1,20,21,4.76
February 28 2022,Clinton,PA,Passenger,1,0,1,0,1,100
June 30 2017,Pima,AZ,Passenger,1,2,3,453,456,0.66
October 31 2022,Prince George's,MD,Passenger,3,1,4,130,134,2.99
November 30 2017,Norfolk,MA,Passenger,1,0,1,40,41,2.44
March 31 2021,Frederick,MD,Passenger,1,1,2,66,68,2.94
December 31 2023,Kootenai,ID,Passenger,0,2,2,97,99,2.02
September 30 2022,Carroll,MD,Passenger,0,1,1,19,20,5
October 31 2020,King,WA,Passenger,25871,8010,33881,1372009,1405890,2.41
August 31 2021,Virginia Beach,VA,Passenger,1,0,1,611,612,0.16
March 31 2024,Columbia,WA,Passenger,12,0,12,2407,2419,0.5
August 31 2017,Pend Oreille,WA,Passenger,3,4,7,9362,9369,0.07
May 31 2023,Chesapeake,VA,Passenger,3,1,4,315,319,1.25
May 31 2023,Deschutes,OR,Passenger,2,0,2,79,81,2.47
April 30 2019,Caddo,LA,Passenger,0,1,1,26,27,3.7
August 31 2018,Larimer,CO,Passenger,1,0,1,62,63,1.59
July 31 2020,Dallas,IA,Passenger,0,1,1,10,11,9.09
October 31 2018,Santa Cruz,CA,Passenger,1,0,1,42,43,2.33
December 31 2018,Kittitas,WA,Passenger,67,37,104,29337,29441,0.35
January 31 2022,Harnett,NC,Passenger,1,1,2,160,162,1.23
October 31 2020,Fairfax,VA,Passenger,5,2,7,730,737,0.95
December 31 2022,Henrico,VA,Passenger,0,1,1,10,11,9.09
December 31 2021,Lincoln,WA,Passenger,7,16,23,7712,7735,0.3
May 31 2021,Cowlitz,WA,Passenger,218,136,354,72417,72771,0.49
February 28 2018,Bexar,TX,Passenger,2,2,4,804,808,0.5
November 30 2018,Charles,MD,Passenger,0,1,1,82,83,1.2
March 31 2023,Richland,SC,Passenger,0,1,1,116,117,0.85
October 31 2021,Carson City,NV,Passenger,1,0,1,12,13,7.69
May 31 2020,Shelby,OH,Passenger,0,1,1,2,3,33.33
December 31 2023,Boulder,CO,Passenger,1,0,1,25,26,3.85
September 30 2022,Grant,WA,Truck,2,0,2,27986,27988,0.01
July 31 2021,Stevens,WA,Passenger,50,46,96,30369,30465,0.32
February 28 2023,Henrico,VA,Passenger,0,1,1,10,11,9.09
March 31 2024,Maricopa,AZ,Passenger,11,3,14,594,608,2.3
September 30 2023,Stevens,WA,Passenger,125,69,194,29518,29712,0.65
January 31 2023,St. Clair,IL,Passenger,1,0,1,118,119,0.84
February 28 2022,Deschutes,OR,Passenger,2,0,2,113,115,1.74
September 30 2017,Lee,AL,Passenger,1,0,1,34,35,2.86
November 30 2022,Newport,RI,Passenger,0,1,1,69,70,1.43
May 31 2022,Norfolk,MA,Passenger,1,0,1,26,27,3.7
July 31 2021,Rockdale,GA,Passenger,1,0,1,8,9,11.11
May 31 2017,Benton,WA,Passenger,146,142,288,128269,128557,0.22
April 30 2022,Columbia,WA,Passenger,7,0,7,2441,2448,0.29
July 31 2024,Skamania,WA,Passenger,153,52,205,7656,7861,2.61
August 31 2018,Pierce,WA,Truck,0,0,0,138251,138251,0
December 31 2022,Spokane,WA,Truck,19,0,19,101689,101708,0.02
April 30 2023,Wake,NC,Passenger,3,0,3,88,91,3.3
August 31 2022,Gwinnett,GA,Passenger,1,0,1,62,63,1.59
February 28 2021,Gwinnett,GA,Passenger,1,0,1,71,72,1.39
December 31 2019,Santa Cruz,CA,Passenger,1,0,1,38,39,2.56
February 28 2022,Benton,WA,Truck,0,0,0,43621,43621,0
November 30 2017,Klickitat,WA,Passenger,24,26,50,14872,14922,0.34
May 31 2021,Klickitat,WA,Passenger,66,47,113,15227,15340,0.74
August 31 2022,Douglas,WA,Truck,1,0,1,12755,12756,0.01
April 30 2024,Bay,FL,Passenger,1,0,1,17,18,5.56
February 28 2021,Howard,MD,Passenger,0,1,1,73,74,1.35
June 30 2023,Hennepin,MN,Passenger,1,0,1,44,45,2.22
October 31 2023,Lake,IL,Passenger,4,0,4,120,124,3.23
November 30 2018,Hawaii,HI,Passenger,1,0,1,70,71,1.41
April 30 2024,Montgomery,AL,Passenger,1,1,2,32,34,5.88
May 31 2024,Brevard,FL,Passenger,1,0,1,53,54,1.85
September 30 2020,Kings,NY,Passenger,1,0,1,68,69,1.45
March 31 2020,Shelby,OH,Passenger,0,1,1,2,3,33.33
December 31 2020,Powhatan,VA,Passenger,1,0,1,2,3,33.33
February 29 2020,Cowlitz,WA,Passenger,128,111,239,73437,73676,0.32
November 30 2022,Adams,CO,Passenger,1,0,1,37,38,2.63
March 31 2020,Spokane,WA,Passenger,703,472,1175,317827,319002,0.37
April 30 2018,Allegheny,PA,Passenger,1,0,1,82,83,1.2
December 31 2020,Thurston,WA,Truck,0,0,0,56346,56346,0
November 30 2020,Howard,MD,Passenger,0,1,1,73,74,1.35
October 31 2021,Middlesex,MA,Passenger,1,0,1,99,100,1
July 31 2019,Jefferson,CO,Passenger,0,2,2,55,57,3.51
September 30 2018,Montgomery,PA,Passenger,2,0,2,35,37,5.41
February 29 2020,Juneau,AK,Passenger,0,2,2,34,36,5.56
June 30 2018,Multnomah,OR,Passenger,3,4,7,809,816,0.86
December 31 2020,Collin,TX,Passenger,2,1,3,132,135,2.22
November 30 2022,Orange,CA,Passenger,9,3,12,380,392,3.06
July 31 2022,Santa Clara,CA,Passenger,14,1,15,261,276,5.43
June 30 2023,Ferry,WA,Passenger,21,4,25,4326,4351,0.57
March 31 2021,Pacific,WA,Truck,0,0,0,7871,7871,0
September 30 2020,Bexar,TX,Passenger,3,5,8,612,620,1.29
April 30 2017,Utah,UT,Passenger,0,1,1,173,174,0.57
November 30 2021,Riverside,CA,Passenger,5,1,6,544,550,1.09
June 30 2021,San Mateo,CA,Passenger,1,0,1,115,116,0.86
June 30 2022,Denton,TX,Passenger,2,0,2,71,73,2.74
September 30 2017,Madison,ID,Passenger,1,0,1,36,37,2.7
February 28 2018,Franklin,MA,Passenger,0,1,1,4,5,20
August 31 2018,St. Lucie,FL,Passenger,1,0,1,29,30,3.33
August 31 2023,King,WA,Passenger,62486,15403,77889,1321986,1399875,5.56
November 30 2022,Wahkiakum,WA,Passenger,25,13,38,3040,3078,1.23
August 31 2017,Ferry,WA,Truck,0,0,0,3534,3534,0
November 30 2022,York,VA,Passenger,1,0,1,80,81,1.23
August 31 2020,Collin,TX,Passenger,2,1,3,136,139,2.16
January 31 2020,Snohomish,WA,Truck,0,0,0,123614,123614,0
September 30 2020,Prince William,VA,Passenger,2,3,5,223,228,2.19
August 31 2022,Montgomery,PA,Passenger,1,0,1,23,24,4.17
February 29 2024,Richmond,NY,Passenger,1,0,1,4,5,20
June 30 2023,Pulaski,MO,Passenger,3,0,3,100,103,2.91
October 31 2017,Hamilton,TN,Passenger,1,0,1,23,24,4.17
September 30 2023,Middlesex,NJ,Passenger,1,0,1,17,18,5.56
April 30 2017,Clark,WA,Passenger,755,471,1226,298435,299661,0.41
June 30 2017,Grays Harbor,WA,Passenger,35,31,66,44773,44839,0.15
December 31 2018,Sacramento,CA,Passenger,0,1,1,314,315,0.32
April 30 2020,Tarrant,TX,Passenger,2,0,2,188,190,1.05
October 31 2018,Virginia Beach,VA,Passenger,2,1,3,692,695,0.43
January 31 2017,Guilford,NC,Passenger,1,0,1,35,36,2.78
August 31 2020,Richland,SC,Passenger,0,1,1,150,151,0.66
September 30 2021,Calvert,MD,Passenger,0,2,2,91,93,2.15
September 30 2020,Cascade,MT,Passenger,0,1,1,58,59,1.69
November 30 2018,Carroll,NH,Passenger,0,1,1,1,2,50
May 31 2018,Montgomery,PA,Passenger,2,0,2,35,37,5.41
December 31 2023,Plaquemines,LA,Passenger,1,1,2,16,18,11.11
January 31 2024,Walla Walla,WA,Passenger,273,141,414,35397,35811,1.16
July 31 2023,Yakima,WA,Passenger,517,261,778,166018,166796,0.47
June 30 2021,Pacific,WA,Passenger,45,53,98,16037,16135,0.61
May 31 2020,San Diego,CA,Passenger,15,4,19,2736,2755,0.69
March 31 2017,Clark,NV,Passenger,1,3,4,874,878,0.46
April 30 2017,Adams,WA,Passenger,2,3,5,12127,12132,0.04
August 31 2021,Snohomish,WA,Passenger,6302,2135,8437,539029,547466,1.54
December 31 2018,Asotin,WA,Passenger,12,9,21,12720,12741,0.16
December 31 2023,Skamania,WA,Truck,2,0,2,3823,3825,0.05
July 31 2017,Dane,WI,Passenger,1,0,1,89,90,1.11
October 31 2018,Carson City,NV,Passenger,1,0,1,14,15,6.67
April 30 2021,Charleston,SC,Passenger,2,0,2,91,93,2.15
March 31 2017,Manassas,VA,Passenger,0,1,1,9,10,10
June 30 2021,King,WA,Passenger,30486,9165,39651,1367361,1407012,2.82
April 30 2020,San Diego,CA,Passenger,14,4,18,2759,2777,0.65
August 31 2020,Allegheny,PA,Passenger,2,0,2,84,86,2.33
September 30 2020,Grant,WA,Truck,0,0,0,27291,27291,0
May 31 2017,Chelan,WA,Truck,0,0,0,21244,21244,0
February 28 2018,Garfield,WA,Truck,0,0,0,940,940,0
March 31 2018,Anne Arundel,MD,Passenger,0,1,1,470,471,0.21
December 31 2022,Ferry,WA,Passenger,24,4,28,4336,4364,0.64
September 30 2017,Arlington,VA,Passenger,1,2,3,171,174,1.72
June 30 2017,Canyon,ID,Passenger,0,1,1,105,106,0.94
November 30 2021,Hudson,NJ,Passenger,1,0,1,42,43,2.33
May 31 2021,Sarasota,FL,Passenger,2,0,2,36,38,5.26
April 30 2024,Tom Green,TX,Passenger,0,1,1,17,18,5.56
March 31 2023,Riverside,CA,Passenger,6,0,6,445,451,1.33
May 31 2024,Jefferson,WA,Passenger,733,300,1033,23873,24906,4.15
July 31 2017,Franklin,WA,Passenger,26,47,73,55725,55798,0.13
June 30 2022,Whitman,WA,Truck,1,0,1,8563,8564,0.01
October 31 2018,Columbia,WA,Passenger,2,2,4,2432,2436,0.16
March 31 2019,New London,CT,Passenger,0,1,1,245,246,0.41
July 31 2019,Fresno,CA,Passenger,1,0,1,203,204,0.49
July 31 2023,Beaufort,SC,Passenger,1,0,1,31,32,3.12
November 30 2023,Otero,NM,Passenger,0,1,1,23,24,4.17
July 31 2019,Albemarle,VA,Passenger,1,0,1,23,24,4.17
August 31 2017,Asotin,WA,Truck,0,0,0,6512,6512,0
May 31 2023,St. Louis,MO,Passenger,1,0,1,57,58,1.72
August 31 2018,Fulton,GA,Passenger,1,3,4,107,111,3.6
December 31 2019,Columbia,WA,Passenger,3,3,6,2449,2455,0.24
March 31 2018,Cowlitz,WA,Truck,0,0,0,28269,28269,0
October 31 2018,Polk,FL,Passenger,1,0,1,67,68,1.47
July 31 2018,Clay,FL,Passenger,0,1,1,92,93,1.08
October 31 2022,Middlesex,MA,Passenger,2,0,2,87,89,2.25
March 31 2024,Sarpy,NE,Passenger,1,0,1,55,56,1.79
February 28 2023,Galveston,TX,Passenger,0,1,1,18,19,5.26
February 28 2017,DeKalb,IN,Passenger,1,0,1,1,2,50
January 31 2022,King,WA,Passenger,36332,10398,46730,1354846,1401576,3.33
September 30 2023,Thurston,WA,Truck,71,0,71,53744,53815,0.13
November 30 2023,Portsmouth,VA,Passenger,0,2,2,59,61,3.28
July 31 2023,Stevens,WA,Truck,2,0,2,18689,18691,0.01
December 31 2017,Tarrant,TX,Passenger,1,0,1,229,230,0.43
May 31 2021,Clallam,WA,Truck,1,0,1,21991,21992,0
April 30 2018,Montgomery,TX,Passenger,1,0,1,64,65,1.54
April 30 2019,Montgomery,PA,Passenger,2,0,2,38,40,5
March 31 2023,Yuba,CA,Passenger,1,0,1,57,58,1.72
February 29 2020,Osceola,FL,Passenger,1,0,1,44,45,2.22
March 31 2022,RÃ­o Grande,PR,Passenger,1,0,1,0,1,100
January 31 2024,Klickitat,WA,Passenger,186,75,261,15063,15324,1.7
July 31 2017,Whitman,WA,Passenger,12,19,31,22105,22136,0.14
June 30 2023,Okanogan,WA,Passenger,122,64,186,26184,26370,0.71
May 31 2018,Montgomery,MD,Passenger,1,0,1,295,296,0.34
June 30 2021,Howard,MD,Passenger,0,1,1,70,71,1.41
November 30 2018,Moore,NC,Passenger,0,1,1,187,188,0.53
March 31 2023,Virginia Beach,VA,Truck,1,0,1,113,114,0.88
June 30 2022,Dorchester,SC,Passenger,1,0,1,66,67,1.49
December 31 2021,Penobscot,ME,Passenger,0,1,1,8,9,11.11
June 30 2018,Ada,ID,Passenger,0,2,2,336,338,0.59
May 31 2017,Klickitat,WA,Passenger,22,24,46,14789,14835,0.31
April 30 2017,Kitsap,WA,Passenger,584,298,882,172657,173539,0.51
February 28 2022,Pacific,WA,Passenger,58,65,123,16009,16132,0.76
April 30 2021,Thurston,WA,Truck,0,0,0,56651,56651,0
June 30 2024,Duval,FL,Passenger,1,0,1,183,184,0.54
December 31 2023,Klickitat,WA,Truck,14,0,14,8192,8206,0.17
January 31 2020,Walla Walla,WA,Passenger,65,61,126,36338,36464,0.35
August 31 2017,DeKalb,GA,Passenger,1,0,1,89,90,1.11
July 31 2021,Pulaski,MO,Passenger,1,0,1,139,140,0.71
December 31 2023,Nueces,TX,Passenger,0,1,1,47,48,2.08
October 31 2021,Manassas,VA,Passenger,0,1,1,6,7,14.29
October 31 2021,San Juan,WA,Passenger,469,146,615,14183,14798,4.16
May 31 2023,San Bernardino,CA,Passenger,3,1,4,314,318,1.26
June 30 2022,Jefferson,NY,Passenger,1,0,1,219,220,0.45
July 31 2023,Virginia Beach,VA,Passenger,5,2,7,451,458,1.53
August 31 2021,Newport,RI,Passenger,0,1,1,79,80,1.25
April 30 2024,Cuyahoga,OH,Passenger,1,0,1,39,40,2.5
September 30 2018,Kent,MI,Passenger,0,1,1,28,29,3.45
May 31 2024,Yuba,CA,Passenger,1,0,1,50,51,1.96
June 30 2019,Sangamon,IL,Passenger,1,0,1,6,7,14.29
October 31 2020,Snohomish,WA,Truck,0,0,0,125292,125292,0
September 30 2023,Chelan,WA,Passenger,692,183,875,54167,55042,1.59
July 31 2020,Pend Oreille,WA,Passenger,7,5,12,9238,9250,0.13
January 31 2021,Anchorage,AK,Passenger,1,0,1,154,155,0.65
December 31 2023,Duval,FL,Passenger,1,0,1,225,226,0.44
October 31 2021,Lane,OR,Passenger,0,2,2,129,131,1.53
March 31 2020,El Paso,CO,Passenger,3,1,4,740,744,0.54
August 31 2019,Hennepin,MN,Passenger,3,1,4,109,113,3.54
September 30 2018,Volusia,FL,Passenger,0,1,1,41,42,2.38
October 31 2023,Virginia Beach,VA,Truck,1,0,1,102,103,0.97
August 31 2023,Dorchester,SC,Passenger,1,0,1,43,44,2.27
October 31 2019,Cowlitz,WA,Truck,0,0,0,29017,29017,0
July 31 2021,Franklin,WA,Truck,0,0,0,20718,20718,0
May 31 2022,Asotin,WA,Truck,0,0,0,6700,6700,0
July 31 2017,Whatcom,WA,Truck,2,0,2,41657,41659,0
February 28 2022,Skagit,WA,Passenger,717,316,1033,90562,91595,1.13
January 31 2024,Frederick,MD,Passenger,2,1,3,45,48,6.25
March 31 2019,Cascade,MT,Passenger,0,1,1,59,60,1.67
November 30 2020,Prince William,VA,Passenger,2,3,5,225,230,2.17
February 28 2023,Newport,RI,Passenger,0,1,1,65,66,1.52
April 30 2019,Lake,FL,Passenger,1,0,1,22,23,4.35
October 31 2018,Asotin,WA,Passenger,12,9,21,12709,12730,0.16
April 30 2018,Thurston,WA,Truck,0,0,0,54052,54052,0
July 31 2020,Kittitas,WA,Truck,0,0,0,14563,14563,0
February 29 2024,Cumberland,NC,Passenger,3,3,6,290,296,2.03
March 31 2017,Duval,FL,Passenger,1,1,2,369,371,0.54
October 31 2022,Clark,NV,Passenger,9,3,12,527,539,2.23
June 30 2023,Santa Clara,CA,Passenger,17,2,19,203,222,8.56
May 31 2020,Fulton,GA,Passenger,1,3,4,107,111,3.6
September 30 2018,Hennepin,MN,Passenger,1,0,1,112,113,0.88
July 31 2017,Ramsey,MN,Passenger,1,0,1,43,44,2.27
January 31 2024,Virginia Beach,VA,Truck,1,0,1,97,98,1.02
January 31 2024,Flathead,MT,Passenger,1,0,1,20,21,4.76
June 30 2021,Gwinnett,GA,Passenger,1,0,1,67,68,1.47
July 31 2018,Lake,CA,Passenger,0,1,1,10,11,9.09
July 31 2018,Cowlitz,WA,Passenger,57,77,134,71867,72001,0.19
January 31 2018,Clallam,WA,Passenger,106,95,201,49287,49488,0.41
April 30 2024,Utah,UT,Passenger,1,0,1,66,67,1.49
October 31 2023,Tooele,UT,Passenger,2,0,2,10,12,16.67
March 31 2024,DuPage,IL,Passenger,2,1,3,26,29,10.34
December 31 2020,Pierce,WA,Truck,0,0,0,144688,144688,0
January 31 2021,Skamania,WA,Truck,0,0,0,4017,4017,0
January 31 2021,Anne Arundel,MD,Passenger,2,1,3,395,398,0.75
November 30 2021,El Paso,TX,Passenger,4,0,4,377,381,1.05
August 31 2022,Douglas,WA,Passenger,142,60,202,28363,28565,0.71
July 31 2020,Jefferson,WA,Passenger,250,142,392,24723,25115,1.56
May 31 2024,King,WA,Truck,1333,1,1334,169460,170794,0.78
October 31 2018,Stevens,WA,Passenger,15,28,43,31799,31842,0.14
April 30 2022,Marion,OR,Passenger,1,0,1,111,112,0.89
April 30 2020,Newport,RI,Passenger,0,1,1,82,83,1.2
August 31 2023,Boulder,CO,Passenger,2,0,2,33,35,5.71
February 28 2021,Okanogan,WA,Truck,0,0,0,16620,16620,0
October 31 2021,St. Mary's,MD,Passenger,1,0,1,206,207,0.48
August 31 2022,Pend Oreille,WA,Truck,0,0,0,5628,5628,0
March 31 2019,Skamania,WA,Passenger,21,15,36,8714,8750,0.41
March 31 2018,Douglas,WA,Passenger,42,33,75,27416,27491,0.27
July 31 2018,Whatcom,WA,Truck,2,0,2,42311,42313,0
April 30 2020,Jefferson,CO,Passenger,0,1,1,55,56,1.79
February 29 2024,Churchill,NV,Passenger,0,1,1,32,33,3.03
September 30 2019,Calvert,MD,Passenger,0,2,2,91,93,2.15
October 31 2021,Harrison,MS,Passenger,2,0,2,53,55,3.64
February 28 2021,DuPage,IL,Passenger,4,1,5,58,63,7.94
July 31 2021,Howard,IN,Passenger,0,1,1,5,6,16.67
January 31 2020,Owyhee,ID,Passenger,1,0,1,4,5,20
April 30 2024,Orange,NC,Passenger,0,1,1,3,4,25
January 31 2022,Jefferson,WA,Passenger,384,198,582,24666,25248,2.31
June 30 2023,Richland,SC,Passenger,0,1,1,112,113,0.88
August 31 2018,Sedgwick,KS,Passenger,0,1,1,101,102,0.98
August 31 2022,Snohomish,WA,Passenger,8919,2592,11511,530515,542026,2.12
January 31 2017,Chelan,WA,Passenger,54,28,82,51900,51982,0.16
March 31 2020,Whatcom,WA,Truck,3,0,3,43018,43021,0.01
May 31 2018,Okanogan,WA,Truck,0,0,0,16409,16409,0
October 31 2018,Whitman,WA,Passenger,19,33,52,22735,22787,0.23
August 31 2022,Okanogan,WA,Passenger,86,48,134,26272,26406,0.51
January 31 2022,San Juan,WA,Truck,1,0,1,6021,6022,0.02
June 30 2022,Henrico,VA,Passenger,0,1,1,13,14,7.14
April 30 2019,Cochise,AZ,Passenger,0,1,1,115,116,0.86
March 31 2018,Moore,NC,Passenger,0,1,1,194,195,0.51
July 31 2022,,,Passenger,5,1,6,312,318,1.89
February 28 2021,Lee,FL,Passenger,1,0,1,41,42,2.38
July 31 2023,Charlottesville,VA,Passenger,0,1,1,2,3,33.33
July 31 2017,Skagit,WA,Truck,1,0,1,31476,31477,0
February 28 2021,Garfield,WA,Passenger,0,2,2,1353,1355,0.15
May 31 2019,Skamania,WA,Passenger,23,17,40,8711,8751,0.46
January 31 2022,Pend Oreille,WA,Truck,0,0,0,5724,5724,0
October 31 2017,El Paso,TX,Passenger,1,0,1,519,520,0.19
April 30 2023,St. Mary's,MD,Passenger,2,0,2,183,185,1.08
August 31 2022,Jefferson,WA,Truck,3,0,3,9419,9422,0.03
February 29 2024,San Joaquin,CA,Passenger,1,0,1,64,65,1.54
February 28 2022,Hillsborough,FL,Passenger,0,2,2,144,146,1.37
March 31 2020,Ramsey,MN,Passenger,1,0,1,47,48,2.08
August 31 2023,Okanogan,WA,Passenger,135,67,202,26116,26318,0.77
January 31 2019,Garfield,WA,Truck,0,0,0,961,961,0
September 30 2018,Skagit,WA,Truck,1,0,1,32261,32262,0
April 30 2023,Asotin,WA,Passenger,34,20,54,12323,12377,0.44
May 31 2019,Tarrant,TX,Passenger,3,0,3,208,211,1.42
April 30 2021,Kittitas,WA,Passenger,152,58,210,29977,30187,0.7
March 31 2018,Pierce,WA,Truck,0,0,0,137052,137052,0
June 30 2019,Honolulu,HI,Passenger,3,3,6,518,524,1.15
February 28 2022,New Haven,CT,Passenger,0,2,2,34,36,5.56
November 30 2019,Rogers,OK,Passenger,1,0,1,9,10,10
January 31 2023,Yakima,WA,Truck,8,0,8,61143,61151,0.01
May 31 2017,Maui,HI,Passenger,1,0,1,74,75,1.33
November 30 2021,Yakima,WA,Truck,0,0,0,61695,61695,0
March 31 2022,San Luis Obispo,CA,Passenger,1,0,1,64,65,1.54
November 30 2019,Stevens,WA,Truck,0,0,0,18791,18791,0
March 31 2021,Travis,TX,Passenger,3,3,6,187,193,3.11
September 30 2020,Clark,WA,Passenger,2176,1098,3274,318265,321539,1.02
August 31 2018,Clay,FL,Passenger,0,1,1,93,94,1.06
January 31 2020,Williamson,TX,Passenger,0,2,2,157,159,1.26
October 31 2022,Hamilton,OH,Passenger,1,0,1,38,39,2.56
December 31 2017,Orleans,LA,Passenger,0,1,1,47,48,2.08
July 31 2017,Spokane,WA,Passenger,262,213,475,296600,297075,0.16
November 30 2023,San Juan,WA,Truck,22,0,22,5901,5923,0.37
January 31 2019,Yakima,WA,Truck,0,0,0,58919,58919,0
March 31 2020,Jones,GA,Passenger,1,0,1,1,2,50
January 31 2022,Anne Arundel,MD,Passenger,3,1,4,360,364,1.1
June 30 2020,El Paso,TX,Passenger,3,0,3,417,420,0.71
October 31 2019,San Mateo,CA,Passenger,1,1,2,131,133,1.5
February 28 2018,District of Columbia,DC,Passenger,0,3,3,190,193,1.55
January 31 2019,Spartanburg,SC,Passenger,0,1,1,38,39,2.56
February 28 2022,Maui,HI,Passenger,1,0,1,29,30,3.33
March 31 2024,Philadelphia,PA,Passenger,0,1,1,28,29,3.45
October 31 2023,New Castle,DE,Passenger,1,0,1,16,17,5.88
July 31 2020,Rockingham,NH,Passenger,1,0,1,20,21,4.76
August 31 2019,Asotin,WA,Truck,0,0,0,6684,6684,0
October 31 2017,Shelby,TN,Passenger,0,1,1,106,107,0.93
May 31 2018,Brevard,FL,Passenger,0,1,1,100,101,0.99
March 31 2018,Thurston,WA,Passenger,517,432,949,191060,192009,0.49
April 30 2024,Virginia Beach,VA,Passenger,4,2,6,394,400,1.5
September 30 2017,Wayne,MI,Passenger,0,1,1,70,71,1.41
August 31 2022,Spokane,WA,Passenger,1737,880,2617,323883,326500,0.8
May 31 2023,Duval,FL,Passenger,1,0,1,266,267,0.37
May 31 2022,San Francisco,CA,Passenger,1,0,1,95,96,1.04
November 30 2019,Asotin,WA,Truck,0,0,0,6695,6695,0
October 31 2020,Columbia,OR,Passenger,1,0,1,26,27,3.7
July 31 2018,Ramsey,MN,Passenger,1,0,1,43,44,2.27
March 31 2019,Moore,NC,Passenger,0,1,1,172,173,0.58
March 31 2024,Hardin,KY,Passenger,1,0,1,55,56,1.79
October 31 2022,Jackson,OK,Passenger,0,1,1,35,36,2.78
May 31 2023,Rockdale,GA,Passenger,1,0,1,5,6,16.67
May 31 2024,Chelan,WA,Truck,54,0,54,22863,22917,0.24
June 30 2024,Cuyahoga,OH,Passenger,1,0,1,35,36,2.78
September 30 2022,Riverside,CA,Passenger,7,0,7,486,493,1.42
May 31 2018,Maui,HI,Passenger,1,0,1,61,62,1.61
March 31 2018,Nassau,NY,Passenger,1,0,1,38,39,2.56
January 31 2020,Dakota,MN,Passenger,0,1,1,31,32,3.12
June 30 2022,Ferry,WA,Truck,0,0,0,3573,3573,0
November 30 2017,Northampton,PA,Passenger,0,1,1,65,66,1.52
December 31 2022,Prince William,VA,Passenger,1,4,5,191,196,2.55
July 31 2021,Douglas,CO,Passenger,0,1,1,85,86,1.16
March 31 2020,DeKalb,IN,Passenger,1,0,1,1,2,50
January 31 2019,Columbia,WA,Truck,0,0,0,1529,1529,0
July 31 2024,Richland,SC,Passenger,0,1,1,81,82,1.22
September 30 2017,Orleans,LA,Passenger,0,1,1,45,46,2.17
November 30 2018,Salt Lake,UT,Passenger,1,0,1,224,225,0.44
February 28 2017,Maui,HI,Passenger,1,0,1,73,74,1.35
November 30 2020,Manassas,VA,Passenger,0,1,1,5,6,16.67
December 31 2018,Ramsey,MN,Passenger,1,0,1,42,43,2.33
February 29 2020,Montgomery,AL,Passenger,1,1,2,40,42,4.76
September 30 2023,Escambia,FL,Truck,1,0,1,26,27,3.7
August 31 2019,Albemarle,VA,Passenger,1,0,1,22,23,4.35
May 31 2020,Monroe,IL,Passenger,1,0,1,3,4,25
June 30 2021,Skamania,WA,Truck,0,0,0,4027,4027,0
December 31 2021,San Diego,CA,Passenger,18,5,23,2552,2575,0.89
January 31 2017,Douglas,WA,Truck,0,0,0,11425,11425,0
December 31 2022,Sarpy,NE,Passenger,1,0,1,60,61,1.64
October 31 2022,Washington,OR,Passenger,1,0,1,310,311,0.32
February 29 2020,Owyhee,ID,Passenger,1,0,1,4,5,20
June 30 2022,Clinton,PA,Passenger,1,0,1,1,2,50
October 31 2017,Virginia Beach,VA,Passenger,2,1,3,652,655,0.46
April 30 2021,Asotin,WA,Passenger,19,14,33,12640,12673,0.26
September 30 2021,Kittitas,WA,Truck,0,0,0,14785,14785,0
May 31 2022,Yakima,WA,Truck,0,0,0,61391,61391,0
May 31 2020,Sedgwick,KS,Passenger,1,1,2,95,97,2.06
June 30 2021,San Francisco,CA,Passenger,0,1,1,100,101,0.99
June 30 2017,Charles,MD,Passenger,0,1,1,90,91,1.1
January 31 2022,Carson City,NV,Passenger,1,0,1,10,11,9.09
June 30 2022,Richmond,NY,Passenger,1,0,1,4,5,20
June 30 2021,Harris,TX,Passenger,1,1,2,236,238,0.84
October 31 2020,Franklin,WA,Passenger,73,77,150,61071,61221,0.25
April 30 2021,Suffolk,VA,Passenger,1,0,1,126,127,0.79
June 30 2019,Clay,FL,Passenger,0,1,1,89,90,1.11
June 30 2024,Currituck,NC,Passenger,1,0,1,15,16,6.25
July 31 2020,Santa Clara,CA,Passenger,9,2,11,301,312,3.53
August 31 2023,Harford,MD,Passenger,1,1,2,42,44,4.55
March 31 2019,El Paso,TX,Passenger,2,0,2,484,486,0.41
February 28 2022,Clallam,WA,Truck,1,0,1,22081,22082,0
November 30 2021,King,WA,Truck,6,1,7,183210,183217,0
July 31 2019,Montgomery,MD,Passenger,1,0,1,286,287,0.35
June 30 2023,Washtenaw,MI,Passenger,0,2,2,23,25,8
May 31 2022,Burlington,NJ,Passenger,0,2,2,106,108,1.85
May 31 2022,Kings,NY,Passenger,1,0,1,64,65,1.54
April 30 2020,Manassas,VA,Passenger,0,1,1,5,6,16.67
August 31 2023,Escambia,FL,Truck,1,0,1,25,26,3.85
December 31 2021,Whatcom,WA,Passenger,1643,673,2316,149824,152140,1.52
January 31 2018,Benton,WA,Passenger,175,179,354,130603,130957,0.27
December 31 2021,Grant,WA,Truck,0,0,0,27982,27982,0
March 31 2021,Stevens,WA,Passenger,39,43,82,30291,30373,0.27
April 30 2017,Jackson,MO,Passenger,1,0,1,70,71,1.41
April 30 2019,Douglas,WA,Passenger,55,34,89,27964,28053,0.32
September 30 2023,Whitman,WA,Passenger,177,86,263,21967,22230,1.18
March 31 2021,Kootenai,ID,Passenger,0,1,1,204,205,0.49
October 31 2021,Kittitas,WA,Truck,0,0,0,14776,14776,0
September 30 2023,Kings,CA,Passenger,5,2,7,276,283,2.47
May 31 2020,Kern,CA,Passenger,0,1,1,226,227,0.44
March 31 2024,Utah,UT,Passenger,1,0,1,72,73,1.37
June 30 2020,Nueces,TX,Passenger,1,0,1,83,84,1.19
May 31 2024,Rock Island,IL,Passenger,0,1,1,11,12,8.33
April 30 2023,Polk,OR,Passenger,1,1,2,18,20,10
August 31 2019,Powhatan,VA,Passenger,1,0,1,1,2,50
February 28 2019,Anne Arundel,MD,Passenger,0,1,1,444,445,0.22
March 31 2023,Meade,KY,Passenger,1,0,1,20,21,4.76
March 31 2022,Pacific,WA,Passenger,61,68,129,15981,16110,0.8
January 31 2021,Klamath,OR,Passenger,1,0,1,33,34,2.94
April 30 2021,Ventura,CA,Passenger,1,2,3,290,293,1.02
June 30 2018,Hamilton,IN,Passenger,1,0,1,46,47,2.13
February 28 2019,San Mateo,CA,Passenger,2,1,3,132,135,2.22
January 31 2024,Placer,CA,Passenger,1,0,1,62,63,1.59
November 30 2022,Wayne,MI,Passenger,0,1,1,37,38,2.63
September 30 2020,Larimer,CO,Passenger,1,0,1,46,47,2.13
December 31 2017,Kittitas,WA,Truck,0,0,0,13806,13806,0
December 31 2018,Bexar,TX,Passenger,3,4,7,718,725,0.97
May 31 2024,Bexar,TX,Passenger,2,3,5,319,324,1.54
July 31 2024,Klickitat,WA,Passenger,217,87,304,14781,15085,2.02
July 31 2022,Clark,WA,Truck,9,0,9,82464,82473,0.01
March 31 2017,Clallam,WA,Passenger,77,65,142,48076,48218,0.29
December 31 2023,Clallam,WA,Truck,29,0,29,21585,21614,0.13
July 31 2023,Washtenaw,MI,Passenger,0,2,2,22,24,8.33
November 30 2019,Fairbanks North Star,AK,Passenger,0,1,1,98,99,1.01
April 30 2018,Manatee,FL,Passenger,1,0,1,41,42,2.38
May 31 2023,Williamson,TX,Passenger,0,1,1,66,67,1.49
May 31 2021,Flathead,MT,Passenger,2,0,2,53,55,3.64
July 31 2018,Lumpkin,GA,Passenger,1,0,1,7,8,12.5
June 30 2024,Berkeley,SC,Passenger,2,1,3,71,74,4.05
January 31 2019,Lewis,WA,Passenger,95,84,179,58360,58539,0.31
July 31 2022,Benton,WA,Passenger,778,461,1239,135137,136376,0.91
February 28 2019,Jefferson,CO,Passenger,0,2,2,57,59,3.39
June 30 2020,Lincoln,WA,Passenger,5,12,17,7621,7638,0.22
May 31 2024,Washoe,NV,Passenger,2,0,2,42,44,4.55
September 30 2017,Kent,MI,Passenger,0,1,1,36,37,2.7
January 31 2020,Kern,CA,Passenger,0,1,1,226,227,0.44
April 30 2019,Jefferson,WA,Passenger,187,118,305,24894,25199,1.21
February 28 2018,Garfield,WA,Passenger,1,0,1,1323,1324,0.08
September 30 2022,King,WA,Passenger,43452,11773,55225,1341458,1396683,3.95
February 28 2022,San Mateo,CA,Passenger,2,0,2,91,93,2.15
March 31 2017,Riverside,CA,Passenger,1,1,2,838,840,0.24
March 31 2017,Howard,MD,Passenger,0,2,2,91,93,2.15
August 31 2020,Vigo,IN,Passenger,1,0,1,5,6,16.67
March 31 2022,Calvert,MD,Passenger,0,2,2,83,85,2.35
November 30 2020,Monterey,CA,Passenger,0,2,2,167,169,1.18
March 31 2022,Pennington,SD,Passenger,2,0,2,29,31,6.45
September 30 2023,Brown,WI,Passenger,1,0,1,5,6,16.67
December 31 2017,Orange,CA,Passenger,3,1,4,594,598,0.67
September 30 2017,Spokane,WA,Truck,1,0,1,91157,91158,0
March 31 2023,Island,WA,Truck,24,0,24,21013,21037,0.11
October 31 2020,Montgomery,TX,Passenger,1,0,1,51,52,1.92
April 30 2020,Yakima,WA,Truck,0,0,0,59504,59504,0
June 30 2019,Adams,WA,Passenger,5,6,11,12751,12762,0.09
March 31 2018,Wahkiakum,WA,Passenger,1,2,3,2872,2875,0.1
February 28 2022,St. Mary's,MD,Passenger,1,0,1,206,207,0.48
March 31 2024,Kings,CA,Passenger,5,1,6,255,261,2.3
February 28 2017,San Mateo,CA,Passenger,0,1,1,165,166,0.6
December 31 2021,Klamath,OR,Passenger,1,0,1,32,33,3.03
February 28 2018,Northampton,PA,Passenger,0,1,1,60,61,1.64
October 31 2020,Albemarle,VA,Passenger,1,0,1,22,23,4.35
June 30 2024,Gwinnett,GA,Passenger,1,0,1,38,39,2.56
January 31 2024,Atlantic,NJ,Passenger,1,0,1,10,11,9.09
June 30 2017,Twin Falls,ID,Passenger,0,1,1,25,26,3.85
July 31 2023,Boulder,CO,Passenger,2,0,2,35,37,5.41
December 31 2018,Lake,CA,Passenger,0,1,1,11,12,8.33
November 30 2022,Randolph,NC,Passenger,1,0,1,4,5,20
March 31 2021,Multnomah,OR,Passenger,4,5,9,686,695,1.29
August 31 2017,Salt Lake,UT,Passenger,1,0,1,254,255,0.39
April 30 2017,Lee,AL,Passenger,1,0,1,35,36,2.78
June 30 2018,Santa Clara,CA,Passenger,7,0,7,384,391,1.79
September 30 2017,Clark,NV,Passenger,2,3,5,786,791,0.63
January 31 2021,Collin,TX,Passenger,2,1,3,132,135,2.22
April 30 2024,Hillsborough,FL,Passenger,2,2,4,86,90,4.44
August 31 2020,Hillsborough,FL,Passenger,0,1,1,178,179,0.56
April 30 2019,Maui,HI,Passenger,2,0,2,49,51,3.92
February 28 2018,Fulton,GA,Passenger,1,0,1,108,109,0.92
August 31 2018,Essex,NJ,Passenger,1,0,1,13,14,7.14
January 31 2019,Adams,WA,Truck,0,0,0,5138,5138,0
May 31 2024,Ventura,CA,Passenger,3,3,6,189,195,3.08
November 30 2019,Walla Walla,WA,Passenger,64,61,125,36267,36392,0.34
February 29 2024,St. Mary's,MD,Passenger,2,0,2,169,171,1.17
November 30 2021,Prince George's,MD,Passenger,2,1,3,154,157,1.91
June 30 2018,Dakota,MN,Passenger,0,2,2,38,40,5
April 30 2022,Meade,KY,Passenger,1,0,1,25,26,3.85
September 30 2018,DeKalb,GA,Passenger,1,0,1,82,83,1.2
September 30 2023,Anchorage,AK,Passenger,1,0,1,97,98,1.02
March 31 2024,Churchill,NV,Passenger,0,1,1,32,33,3.03
May 31 2019,Volusia,FL,Passenger,0,1,1,41,42,2.38
January 31 2021,Montgomery,AL,Passenger,1,0,1,43,44,2.27
March 31 2019,Gwinnett,GA,Passenger,0,1,1,79,80,1.25
May 31 2018,Santa Fe,NM,Passenger,0,1,1,42,43,2.33
April 30 2020,Skagit,WA,Passenger,399,215,614,91446,92060,0.67
September 30 2022,Cowlitz,WA,Truck,3,0,3,28430,28433,0.01
October 31 2021,Ventura,CA,Passenger,2,3,5,273,278,1.8
February 28 2023,Lincoln,WA,Truck,0,0,0,4834,4834,0
June 30 2023,Virginia Beach,VA,Passenger,4,1,5,453,458,1.09
November 30 2019,DeKalb,GA,Passenger,1,0,1,86,87,1.15
March 31 2022,Washoe,NV,Passenger,1,0,1,81,82,1.22
August 31 2022,Kootenai,ID,Passenger,0,1,1,160,161,0.62
February 28 2023,Hamilton,OH,Passenger,1,0,1,34,35,2.86
October 31 2023,Newport News,VA,Passenger,1,0,1,104,105,0.95
May 31 2021,Shelby,OH,Passenger,0,1,1,3,4,25
July 31 2020,Mason,WA,Passenger,160,132,292,47357,47649,0.61
July 31 2024,Monterey,CA,Passenger,0,4,4,117,121,3.31
February 28 2021,Wahkiakum,WA,Passenger,8,6,14,3043,3057,0.46
March 31 2020,Pinellas,FL,Passenger,1,1,2,116,118,1.69
November 30 2022,Spokane,WA,Truck,18,0,18,101731,101749,0.02
December 31 2019,Benton,WA,Passenger,314,308,622,135187,135809,0.46
August 31 2018,Santa Fe,NM,Passenger,0,1,1,45,46,2.17
October 31 2020,Virginia Beach,VA,Passenger,1,0,1,650,651,0.15
November 30 2021,Lane,OR,Passenger,0,2,2,124,126,1.59
June 30 2021,St. Louis,MO,Passenger,1,0,1,87,88,1.14
February 29 2024,Denton,TX,Passenger,1,0,1,38,39,2.56
July 31 2022,Collier,FL,Passenger,1,0,1,15,16,6.25
January 31 2024,Williamsburg,VA,Passenger,0,1,1,4,5,20
March 31 2023,Rock Island,IL,Passenger,0,1,1,13,14,7.14
August 31 2022,Marin,CA,Passenger,1,1,2,34,36,5.56
May 31 2023,Jackson,OK,Passenger,0,1,1,37,38,2.63
October 31 2018,Kitsap,WA,Truck,1,0,1,53616,53617,0
April 30 2024,Pacific,WA,Truck,10,0,10,7777,7787,0.13
May 31 2017,Grays Harbor,WA,Passenger,31,30,61,44509,44570,0.14
January 31 2022,St. Louis,MO,Passenger,1,0,1,78,79,1.27
July 31 2018,Lewis,WA,Truck,0,0,0,25583,25583,0
October 31 2022,York,VA,Passenger,1,0,1,82,83,1.2
May 31 2020,Alexandria,VA,Passenger,2,0,2,139,141,1.42
August 31 2019,Camden,NJ,Passenger,0,1,1,24,25,4
January 31 2021,Snohomish,WA,Passenger,5173,1874,7047,538092,545139,1.29
November 30 2019,Harris,TX,Passenger,1,1,2,280,282,0.71
December 31 2021,Stevens,WA,Truck,0,0,0,18918,18918,0
June 30 2021,District of Columbia,DC,Passenger,4,1,5,181,186,2.69
March 31 2019,Kootenai,ID,Passenger,1,2,3,215,218,1.38
March 31 2022,Williamson,TX,Passenger,1,2,3,101,104,2.88
February 28 2017,Wayne,MI,Passenger,0,2,2,72,74,2.7
July 31 2021,San Mateo,CA,Passenger,1,0,1,110,111,0.9
December 31 2022,Hennepin,MN,Passenger,1,0,1,50,51,1.96
January 31 2022,District of Columbia,DC,Passenger,4,0,4,177,181,2.21
January 31 2021,Santa Clara,CA,Passenger,7,2,9,287,296,3.04
September 30 2021,Currituck,NC,Passenger,1,0,1,23,24,4.17
May 31 2022,Asotin,WA,Passenger,23,19,42,12698,12740,0.33
October 31 2020,Palm Beach,FL,Passenger,1,2,3,79,82,3.66
October 31 2020,Hillsborough,FL,Passenger,0,1,1,182,183,0.55
October 31 2022,Marion,OR,Passenger,1,0,1,90,91,1.1
November 30 2022,San Joaquin,CA,Passenger,1,0,1,91,92,1.09
May 31 2017,Essex,NJ,Passenger,1,0,1,17,18,5.56
August 31 2021,Wichita,TX,Passenger,1,0,1,44,45,2.22
April 30 2024,Shelby,AL,Passenger,2,0,2,3,5,40
December 31 2021,Asotin,WA,Passenger,22,17,39,12693,12732,0.31
October 31 2021,Portsmouth,VA,Passenger,0,1,1,77,78,1.28
April 30 2022,Columbia,WA,Truck,0,0,0,1587,1587,0
April 30 2017,San Juan,WA,Passenger,98,35,133,13478,13611,0.98
February 28 2023,Hennepin,MN,Passenger,1,0,1,46,47,2.13
March 31 2020,Riverside,CA,Passenger,3,1,4,660,664,0.6
July 31 2017,Nueces,TX,Passenger,0,1,1,95,96,1.04
July 31 2020,Prince William,VA,Passenger,2,4,6,226,232,2.59
August 31 2018,Carroll,NH,Passenger,0,1,1,1,2,50
April 30 2018,Essex,NJ,Passenger,1,0,1,13,14,7.14
August 31 2019,Alexandria,VA,Passenger,1,0,1,146,147,0.68
October 31 2017,Morris,NJ,Passenger,1,0,1,22,23,4.35
March 31 2019,Boulder,CO,Passenger,1,0,1,49,50,2
November 30 2023,Doña Ana,NM,Passenger,1,0,1,14,15,6.67
October 31 2023,St. Louis,MN,Passenger,0,1,1,4,5,20
November 30 2023,Ray,MO,Passenger,0,1,1,0,1,100
October 31 2021,Harnett,NC,Passenger,1,1,2,169,171,1.17
August 31 2021,Sacramento,CA,Passenger,2,1,3,246,249,1.2
March 31 2023,Grant,WA,Passenger,255,113,368,66874,67242,0.55
May 31 2024,Douglas,WA,Truck,14,0,14,12941,12955,0.11
January 31 2017,Utah,UT,Passenger,0,1,1,203,204,0.49
July 31 2021,Denver,CO,Passenger,1,0,1,122,123,0.81
December 31 2019,DeKalb,GA,Passenger,1,0,1,86,87,1.15
February 28 2017,Lee,AL,Passenger,1,0,1,36,37,2.7
September 30 2022,Santa Cruz,CA,Passenger,1,0,1,24,25,4
November 30 2022,Maui,HI,Passenger,1,0,1,26,27,3.7
February 28 2019,Monroe,IL,Passenger,1,0,1,3,4,25
August 31 2023,Norfolk,VA,Passenger,1,2,3,283,286,1.05
October 31 2022,Grays Harbor,WA,Truck,2,0,2,21068,21070,0.01
May 31 2018,El Paso,CO,Passenger,2,2,4,759,763,0.52
June 30 2021,Sacramento,CA,Passenger,2,1,3,247,250,1.2
April 30 2024,Orange,CA,Passenger,6,2,8,264,272,2.94
October 31 2022,Chelan,WA,Truck,8,0,8,23057,23065,0.03
May 31 2022,Montgomery,MD,Passenger,4,2,6,217,223,2.69
April 30 2017,Douglas,OR,Passenger,0,1,1,75,76,1.32
December 31 2018,DeKalb,GA,Passenger,1,0,1,81,82,1.22
March 31 2023,Arlington,VA,Passenger,1,0,1,122,123,0.81
March 31 2021,Montgomery,AL,Passenger,1,0,1,41,42,2.38
October 31 2022,Montgomery,PA,Passenger,1,0,1,23,24,4.17
March 31 2020,Lewis,WA,Passenger,105,110,215,59193,59408,0.36
September 30 2018,Skamania,WA,Truck,0,0,0,3970,3970,0
May 31 2018,Norfolk,VA,Passenger,1,2,3,329,332,0.9
January 31 2019,Cowlitz,WA,Passenger,79,96,175,72544,72719,0.24
February 29 2024,Snohomish,WA,Truck,307,0,307,120023,120330,0.26
July 31 2020,Cascade,MT,Passenger,0,1,1,58,59,1.69
December 31 2020,Douglas,NE,Passenger,0,1,1,57,58,1.72
September 30 2021,Leavenworth,KS,Passenger,0,1,1,110,111,0.9
February 28 2023,Eau Claire,WI,Passenger,1,0,1,1,2,50
December 31 2022,Columbia,WA,Passenger,7,1,8,2435,2443,0.33
February 29 2020,Skagit,WA,Truck,1,0,1,32553,32554,0
July 31 2018,Lewis,WA,Passenger,83,61,144,57816,57960,0.25
March 31 2022,Walla Walla,WA,Truck,0,0,0,14025,14025,0
June 30 2023,Maricopa,AZ,Passenger,15,6,21,781,802,2.62
March 31 2017,Cobb,GA,Passenger,0,1,1,81,82,1.22
April 30 2018,Kent,MI,Passenger,0,1,1,33,34,2.94
October 31 2018,Riverside,CA,Passenger,2,2,4,693,697,0.57
April 30 2018,Fairfax,VA,Passenger,3,1,4,830,834,0.48
February 29 2024,Arapahoe,CO,Passenger,2,1,3,64,67,4.48
August 31 2021,Moore,NC,Passenger,0,1,1,122,123,0.81
December 31 2023,Sacramento,CA,Truck,1,0,1,30,31,3.23
June 30 2021,Fairbanks North Star,AK,Passenger,0,1,1,91,92,1.09
August 31 2023,Douglas,WA,Truck,7,0,7,13064,13071,0.05
July 31 2024,Stevens,WA,Truck,5,0,5,18173,18178,0.03
February 28 2022,Benton,WA,Passenger,662,450,1112,135690,136802,0.81
July 31 2024,Santa Barbara,CA,Passenger,1,0,1,51,52,1.92
April 30 2021,Prince William,VA,Passenger,1,2,3,220,223,1.35
December 31 2020,Dallas,TX,Passenger,1,0,1,190,191,0.52
February 28 2018,Latah,ID,Passenger,0,1,1,79,80,1.25
April 30 2018,Volusia,FL,Passenger,0,1,1,35,36,2.78
March 31 2024,Otero,NM,Passenger,0,1,1,23,24,4.17
July 31 2020,Solano,CA,Passenger,1,0,1,214,215,0.47
June 30 2022,Virginia Beach,VA,Passenger,2,0,2,522,524,0.38
July 31 2024,Cowlitz,WA,Passenger,715,289,1004,67639,68643,1.46
June 30 2017,Jefferson,WA,Truck,0,0,0,9421,9421,0
April 30 2022,Riverside,CA,Passenger,7,1,8,522,530,1.51
November 30 2022,Ventura,CA,Passenger,3,3,6,248,254,2.36
May 31 2022,Alexandria,VA,Passenger,4,0,4,113,117,3.42
July 31 2018,Utah,UT,Passenger,0,1,1,144,145,0.69
August 31 2022,Hamilton,OH,Passenger,1,0,1,37,38,2.63
June 30 2024,Meade,KY,Passenger,1,0,1,17,18,5.56
August 31 2018,Morris,NJ,Passenger,1,0,1,16,17,5.88
July 31 2024,Madison,IL,Passenger,2,0,2,12,14,14.29
July 31 2019,Douglas,WA,Truck,0,0,0,12219,12219,0
August 31 2020,Bexar,TX,Passenger,3,5,8,617,625,1.28
February 29 2020,Asotin,WA,Passenger,16,11,27,12665,12692,0.21
November 30 2018,Cumberland,NC,Passenger,1,1,2,535,537,0.37
December 31 2023,San Joaquin,CA,Passenger,1,0,1,68,69,1.45
December 31 2022,Harford,MD,Passenger,1,1,2,42,44,4.55
July 31 2020,Klickitat,WA,Passenger,56,43,99,15107,15206,0.65
March 31 2024,Lewis,WA,Passenger,432,338,770,58623,59393,1.3
November 30 2017,Arlington,VA,Passenger,1,2,3,178,181,1.66
December 31 2020,Montgomery,TX,Passenger,1,0,1,50,51,1.96
May 31 2020,Alameda,CA,Passenger,2,1,3,284,287,1.05
December 31 2017,Essex,NJ,Passenger,1,0,1,12,13,7.69
June 30 2017,Northampton,PA,Passenger,1,0,1,146,147,0.68
November 30 2017,DeKalb,GA,Passenger,1,0,1,88,89,1.12
September 30 2022,New Haven,CT,Passenger,0,2,2,31,33,6.06
May 31 2022,Greene,MO,Passenger,0,1,1,31,32,3.12
March 31 2021,Gwinnett,GA,Passenger,1,0,1,69,70,1.43
October 31 2021,Dallas,IA,Passenger,0,1,1,9,10,10
May 31 2020,Sumter,FL,Passenger,0,1,1,10,11,9.09
October 31 2021,Spokane,WA,Passenger,1217,727,1944,326122,328066,0.59
November 30 2021,Hennepin,MN,Passenger,3,0,3,74,77,3.9
January 31 2021,Broward,FL,Passenger,2,1,3,112,115,2.61
February 28 2021,Newport,RI,Passenger,0,1,1,79,80,1.25
February 28 2021,Camden,NJ,Passenger,0,1,1,17,18,5.56
July 31 2019,Sangamon,IL,Passenger,1,0,1,6,7,14.29
August 31 2020,Wilson,TX,Passenger,0,1,1,6,7,14.29
October 31 2019,Spokane,WA,Truck,1,0,1,96053,96054,0
September 30 2023,Chesapeake,VA,Passenger,2,0,2,305,307,0.65
July 31 2020,Portsmouth,VA,Passenger,0,1,1,70,71,1.41
December 31 2021,Kings,CA,Passenger,2,1,3,336,339,0.88
July 31 2024,Skagit,WA,Passenger,1537,548,2085,85908,87993,2.37
January 31 2021,San Joaquin,CA,Passenger,1,0,1,115,116,0.86
March 31 2023,Alexandria,VA,Passenger,3,0,3,101,104,2.88
May 31 2024,Rockingham,NH,Passenger,1,0,1,8,9,11.11
March 31 2023,St. Mary's,MD,Passenger,2,0,2,185,187,1.07
February 28 2023,Contra Costa,CA,Passenger,0,2,2,194,196,1.02
September 30 2022,Prince George's,MD,Passenger,3,1,4,132,136,2.94
March 31 2020,Clark,WA,Passenger,1983,1061,3044,320170,323214,0.94
September 30 2020,Yakima,WA,Truck,0,0,0,60559,60559,0
November 30 2018,Duval,FL,Passenger,1,2,3,383,386,0.78
August 31 2023,Honolulu,HI,Passenger,4,3,7,293,300,2.33
June 30 2017,Pend Oreille,WA,Truck,0,0,0,5574,5574,0
February 28 2018,Asotin,WA,Truck,0,0,0,6578,6578,0
April 30 2022,Douglas,WA,Truck,0,0,0,12738,12738,0
May 31 2017,Asotin,WA,Truck,0,0,0,6489,6489,0
February 28 2018,Skamania,WA,Passenger,11,8,19,8621,8640,0.22
May 31 2018,Los Angeles,CA,Passenger,5,4,9,1185,1194,0.75
May 31 2020,Williamson,TX,Passenger,0,2,2,148,150,1.33
July 31 2021,Pinellas,FL,Passenger,0,1,1,102,103,0.97
January 31 2024,Lexington,SC,Passenger,1,0,1,19,20,5
February 28 2017,Hamilton,IN,Passenger,1,0,1,67,68,1.47
March 31 2018,Benton,WA,Truck,0,0,0,40793,40793,0
May 31 2018,Columbia,WA,Truck,0,0,0,1526,1526,0
September 30 2020,Pend Oreille,WA,Passenger,8,4,12,9181,9193,0.13
November 30 2018,Lewis,WA,Truck,0,0,0,25625,25625,0
October 31 2018,,,Passenger,3,2,5,424,429,1.17
February 29 2024,San Bernardino,CA,Passenger,2,1,3,275,278,1.08
June 30 2022,Fort Bend,TX,Passenger,1,0,1,28,29,3.45
July 31 2021,Montgomery,PA,Passenger,1,0,1,24,25,4
March 31 2024,Fairfax,VA,Truck,1,0,1,80,81,1.23
September 30 2021,Allen,IN,Passenger,1,0,1,20,21,4.76
December 31 2020,Eagle,CO,Passenger,1,0,1,7,8,12.5
October 31 2021,Kitsap,WA,Passenger,2041,915,2956,180303,183259,1.61
September 30 2017,Kittitas,WA,Passenger,34,21,55,27979,28034,0.2
July 31 2017,Jefferson,NY,Passenger,1,1,2,248,250,0.8
November 30 2021,Nassau,NY,Passenger,3,0,3,32,35,8.57
December 31 2018,Arlington,VA,Passenger,1,1,2,170,172,1.16
June 30 2022,Clark,NV,Passenger,9,3,12,572,584,2.05
February 28 2022,Douglas,CO,Passenger,0,1,1,90,91,1.1
January 31 2024,Pend Oreille,WA,Truck,3,0,3,5585,5588,0.05
November 30 2023,Muscogee,GA,Passenger,1,2,3,93,96,3.12
March 31 2021,Douglas,NE,Passenger,1,1,2,55,57,3.51
September 30 2022,Lane,OR,Passenger,0,2,2,98,100,2
August 31 2021,Montgomery,PA,Passenger,2,0,2,22,24,8.33
February 28 2023,Fredericksburg,VA,Passenger,1,0,1,6,7,14.29
September 30 2021,RÃ­o Grande,PR,Passenger,1,0,1,0,1,100
June 30 2019,Wayne,MI,Passenger,0,1,1,67,68,1.47
November 30 2017,Ventura,CA,Passenger,0,1,1,340,341,0.29
May 31 2018,Garfield,WA,Truck,0,0,0,954,954,0
December 31 2021,Oldham,KY,Passenger,0,1,1,4,5,20
December 31 2021,Pacific,WA,Passenger,51,64,115,16052,16167,0.71
July 31 2019,Hawaii,HI,Passenger,1,0,1,65,66,1.52
October 31 2022,Anchorage,AK,Passenger,1,0,1,132,133,0.75
March 31 2019,St. Mary's,MD,Passenger,1,0,1,207,208,0.48
May 31 2021,Collier,FL,Passenger,1,0,1,20,21,4.76
March 31 2020,Shasta,CA,Passenger,1,0,1,40,41,2.44
June 30 2020,Oldham,KY,Passenger,0,1,1,4,5,20
February 28 2022,Ada,ID,Passenger,1,0,1,199,200,0.5
January 31 2023,Albemarle,VA,Passenger,2,0,2,16,18,11.11
January 31 2022,Coryell,TX,Passenger,1,0,1,107,108,0.93
December 31 2022,Richmond,NY,Passenger,1,0,1,4,5,20
December 31 2018,Skagit,WA,Passenger,260,187,447,91180,91627,0.49
February 28 2023,Okanogan,WA,Passenger,106,56,162,26102,26264,0.62
September 30 2020,King,WA,Truck,5,1,6,183613,183619,0
May 31 2020,Jefferson,WA,Truck,0,0,0,9506,9506,0
February 28 2023,Kitsap,WA,Truck,48,0,48,52699,52747,0.09
September 30 2019,Flathead,MT,Passenger,1,0,1,71,72,1.39
November 30 2017,Kent,MI,Passenger,0,1,1,34,35,2.86
October 31 2020,Pinellas,FL,Passenger,1,1,2,109,111,1.8
January 31 2019,Volusia,FL,Passenger,0,1,1,40,41,2.44
June 30 2020,Randolph,NC,Passenger,1,0,1,7,8,12.5
August 31 2020,Botetourt,VA,Passenger,1,0,1,1,2,50
October 31 2019,Benton,WA,Passenger,307,302,609,134891,135500,0.45
December 31 2020,Snohomish,WA,Truck,0,0,0,125667,125667,0
February 28 2018,Whitman,WA,Truck,0,0,0,8456,8456,0
September 30 2020,Lewis,WA,Truck,0,0,0,26448,26448,0
June 30 2019,Fairfax,VA,Passenger,4,1,5,779,784,0.64
February 28 2021,Sarasota,FL,Passenger,2,0,2,36,38,5.26
September 30 2023,Gwinnett,GA,Passenger,1,0,1,49,50,2
May 31 2017,Franklin,OH,Passenger,0,1,1,125,126,0.79
September 30 2021,Polk,FL,Passenger,1,0,1,72,73,1.37
January 31 2018,Sangamon,IL,Passenger,1,0,1,11,12,8.33
May 31 2021,Skagit,WA,Truck,1,0,1,33033,33034,0
October 31 2022,Virginia Beach,VA,Passenger,2,1,3,503,506,0.59
December 31 2022,Clark,NV,Passenger,9,3,12,505,517,2.32
December 31 2022,Douglas,WA,Truck,3,0,3,12813,12816,0.02
February 28 2023,Los Angeles,CA,Passenger,5,5,10,754,764,1.31
August 31 2022,Travis,TX,Passenger,2,1,3,117,120,2.5
June 30 2021,Kootenai,ID,Passenger,0,1,1,198,199,0.5
September 30 2018,Charles,MD,Passenger,0,1,1,86,87,1.15
March 31 2021,Howard,MD,Passenger,0,1,1,74,75,1.33
May 31 2019,Hennepin,MN,Passenger,2,0,2,106,108,1.85
September 30 2021,Palm Beach,FL,Passenger,1,1,2,71,73,2.74
June 30 2019,Chelan,WA,Passenger,157,68,225,54350,54575,0.41
December 31 2017,Polk,FL,Passenger,1,0,1,65,66,1.52
October 31 2022,Portsmouth,VA,Passenger,0,1,1,74,75,1.33
January 31 2022,Walla Walla,WA,Truck,0,0,0,14098,14098,0
July 31 2019,El Paso,TX,Passenger,3,0,3,475,478,0.63
August 31 2022,Norfolk,VA,Passenger,2,3,5,293,298,1.68
July 31 2023,Newport,RI,Passenger,0,1,1,60,61,1.64
April 30 2019,Washtenaw,MI,Passenger,1,0,1,36,37,2.7
January 31 2022,Columbia,WA,Passenger,6,2,8,2447,2455,0.33
February 28 2021,Milwaukee,WI,Passenger,1,0,1,47,48,2.08
May 31 2022,Sacramento,CA,Passenger,1,1,2,233,235,0.85
September 30 2022,Marion,IA,Passenger,1,0,1,0,1,100
September 30 2022,Clark,WA,Passenger,4473,1885,6358,315032,321390,1.98
February 28 2018,Maricopa,AZ,Passenger,1,1,2,1671,1673,0.12
December 31 2019,Wahkiakum,WA,Passenger,4,3,7,3042,3049,0.23
March 31 2024,Multnomah,OR,Passenger,2,1,3,356,359,0.84
September 30 2019,Snohomish,WA,Truck,0,0,0,122942,122942,0
December 31 2021,Greene,MO,Passenger,0,1,1,30,31,3.23
July 31 2021,Harrison,MS,Passenger,2,0,2,56,58,3.45
August 31 2017,Missoula,MT,Passenger,1,0,1,69,70,1.43
July 31 2024,Salt Lake,UT,Passenger,4,0,4,76,80,5
November 30 2023,Skamania,WA,Passenger,136,53,189,8033,8222,2.3
May 31 2017,Dallas,TX,Passenger,0,1,1,191,192,0.52
March 31 2023,Grays Harbor,WA,Passenger,279,179,458,48423,48881,0.94
March 31 2019,Riverside,CA,Passenger,2,2,4,677,681,0.59
January 31 2024,Douglas,NE,Passenger,0,1,1,26,27,3.7
March 31 2024,Benton,WA,Truck,38,0,38,42789,42827,0.09
January 31 2021,Camden,NJ,Passenger,0,1,1,19,20,5
October 31 2022,Garfield,WA,Truck,0,0,0,973,973,0
June 30 2020,Osceola,FL,Passenger,1,0,1,42,43,2.33
May 31 2022,Lake,IN,Passenger,0,1,1,10,11,9.09
July 31 2022,Williams,ND,Passenger,0,1,1,6,7,14.29
July 31 2021,,,Passenger,4,2,6,347,353,1.7
March 31 2021,Deschutes,OR,Passenger,2,0,2,138,140,1.43
November 30 2022,Sedgwick,KS,Passenger,0,1,1,71,72,1.39
February 28 2019,Oldham,KY,Passenger,0,1,1,5,6,16.67
April 30 2021,Asotin,WA,Truck,0,0,0,6763,6763,0
October 31 2019,Stafford,VA,Passenger,1,1,2,102,104,1.92
October 31 2018,Broward,FL,Passenger,2,1,3,138,141,2.13
July 31 2022,Monterey,CA,Passenger,0,3,3,152,155,1.94
June 30 2018,Franklin,WA,Truck,0,0,0,18659,18659,0
April 30 2022,Middlesex,NJ,Passenger,1,0,1,22,23,4.35
July 31 2024,Orange,NC,Passenger,0,1,1,3,4,25
June 30 2022,Mason,WA,Passenger,310,175,485,47284,47769,1.02
December 31 2022,Collin,TX,Passenger,4,0,4,71,75,5.33
April 30 2022,Adams,CO,Passenger,1,0,1,41,42,2.38
October 31 2022,Mercer,NJ,Passenger,0,1,1,13,14,7.14
May 31 2021,Henrico,VA,Passenger,0,1,1,17,18,5.56
September 30 2023,Isle of Wight,VA,Passenger,0,1,1,17,18,5.56
March 31 2019,Skamania,WA,Truck,0,0,0,4018,4018,0
March 31 2020,Orange,CA,Passenger,7,2,9,524,533,1.69
July 31 2024,DuPage,IL,Passenger,2,1,3,22,25,12
January 31 2017,Morris,NJ,Passenger,1,0,1,23,24,4.17
December 31 2018,Tulsa,OK,Passenger,1,1,2,55,57,3.51
February 28 2023,Yellowstone,MT,Passenger,0,1,1,15,16,6.25
October 31 2022,Placer,CA,Passenger,2,0,2,71,73,2.74
May 31 2019,Walla Walla,WA,Truck,0,0,0,13610,13610,0
February 28 2021,Columbia,WA,Truck,0,0,0,1542,1542,0
February 28 2019,Tulsa,OK,Passenger,1,1,2,57,59,3.39
September 30 2022,Island,WA,Passenger,872,380,1252,61424,62676,2
May 31 2023,Grays Harbor,WA,Passenger,291,182,473,48307,48780,0.97
March 31 2018,Contra Costa,CA,Passenger,0,1,1,460,461,0.22
September 30 2020,Pend Oreille,WA,Truck,0,0,0,5725,5725,0
February 28 2021,Grays Harbor,WA,Truck,0,0,0,21242,21242,0
January 31 2017,Yavapai,AZ,Passenger,1,0,1,89,90,1.11
February 29 2020,DeKalb,IN,Passenger,1,0,1,1,2,50
December 31 2022,Skagit,WA,Passenger,921,356,1277,89285,90562,1.41
November 30 2019,Whatcom,WA,Passenger,965,470,1435,151517,152952,0.94
May 31 2022,San Diego,CA,Passenger,17,7,24,2460,2484,0.97
April 30 2022,Fairfax,VA,Passenger,7,2,9,661,670,1.34
December 31 2022,Hardin,KY,Passenger,1,0,1,60,61,1.64
May 31 2021,Queens,NY,Passenger,2,0,2,52,54,3.7
April 30 2020,Botetourt,VA,Passenger,1,0,1,1,2,50
February 28 2019,Island,WA,Passenger,294,232,526,63133,63659,0.83
November 30 2023,San Diego,CA,Passenger,20,9,29,2018,2047,1.42
February 28 2022,Contra Costa,CA,Passenger,1,3,4,248,252,1.59
March 31 2021,Goochland,VA,Passenger,4,3,7,261,268,2.61
September 30 2023,Cumberland,NC,Passenger,2,3,5,319,324,1.54
January 31 2023,Montgomery,PA,Passenger,1,0,1,22,23,4.35
December 31 2021,Solano,CA,Passenger,1,0,1,182,183,0.55
April 30 2022,San Francisco,CA,Passenger,1,0,1,95,96,1.04
July 31 2018,Allegheny,PA,Passenger,1,0,1,85,86,1.16
March 31 2020,Osceola,FL,Passenger,1,0,1,44,45,2.22
January 31 2023,Garfield,WA,Passenger,1,3,4,1309,1313,0.3
July 31 2021,Cumberland,NC,Passenger,1,4,5,435,440,1.14
August 31 2022,Sacramento,CA,Passenger,2,1,3,228,231,1.3
November 30 2018,Shasta,CA,Passenger,1,0,1,43,44,2.27
February 29 2024,El Dorado,CA,Passenger,1,0,1,16,17,5.88
July 31 2023,Lexington,SC,Passenger,1,0,1,20,21,4.76
December 31 2022,Yakima,WA,Passenger,425,218,643,166245,166888,0.39
October 31 2022,Pacific,WA,Truck,1,0,1,7858,7859,0.01
June 30 2018,Cowlitz,WA,Truck,0,0,0,28457,28457,0
May 31 2022,Cook,IL,Passenger,2,0,2,211,213,0.94
November 30 2023,San Bernardino,CA,Passenger,3,1,4,296,300,1.33
March 31 2020,Spartanburg,SC,Passenger,0,1,1,52,53,1.89
February 28 2023,Meade,KY,Passenger,1,0,1,20,21,4.76
November 30 2020,Suffolk,VA,Passenger,1,0,1,125,126,0.79
March 31 2024,Spotsylvania,VA,Passenger,0,1,1,21,22,4.55
February 28 2023,Ray,MO,Passenger,0,1,1,0,1,100
July 31 2019,District of Columbia,DC,Passenger,1,1,2,200,202,0.99
January 31 2020,Adams,WA,Passenger,7,7,14,12904,12918,0.11
February 28 2018,El Paso,CO,Passenger,2,1,3,769,772,0.39
October 31 2021,San Francisco,CA,Passenger,0,1,1,104,105,0.95
July 31 2019,Orange,CA,Passenger,6,1,7,539,546,1.28
November 30 2018,King,WA,Passenger,15783,6396,22179,1376625,1398804,1.59
March 31 2021,Montgomery,TX,Passenger,1,1,2,51,53,3.77
August 31 2017,Whitman,WA,Truck,0,0,0,8452,8452,0
August 31 2019,Juneau,AK,Passenger,0,2,2,34,36,5.56
April 30 2022,Fairbanks North Star,AK,Passenger,0,1,1,82,83,1.2
October 31 2023,Yuba,CA,Passenger,1,0,1,52,53,1.89
September 30 2020,Leavenworth,KS,Passenger,0,1,1,112,113,0.88
February 29 2024,Lee,AL,Passenger,1,0,1,13,14,7.14
September 30 2021,Hamilton,IN,Passenger,2,0,2,35,37,5.41
September 30 2019,Stevens,WA,Passenger,28,28,56,31650,31706,0.18
December 31 2022,Douglas,WA,Passenger,168,58,226,28479,28705,0.79
February 28 2023,Garfield,WA,Passenger,1,3,4,1306,1310,0.31
September 30 2022,Norfolk,VA,Passenger,2,3,5,294,299,1.67
February 28 2022,Plaquemines,LA,Passenger,0,1,1,19,20,5
January 31 2017,Whitman,WA,Truck,0,0,0,8402,8402,0
February 28 2017,Douglas,OR,Passenger,0,1,1,80,81,1.23
August 31 2022,Portsmouth,VA,Passenger,0,1,1,76,77,1.3
December 31 2018,Lumpkin,GA,Passenger,1,0,1,7,8,12.5
May 31 2020,Snohomish,WA,Truck,0,0,0,123339,123339,0
February 29 2024,Thurston,WA,Truck,106,0,106,53264,53370,0.2
October 31 2021,Montgomery,TX,Passenger,1,1,2,45,47,4.26
October 31 2022,Manassas,VA,Passenger,0,1,1,7,8,12.5
January 31 2022,Montgomery,AL,Passenger,1,0,1,38,39,2.56
March 31 2017,Jackson,MO,Passenger,1,0,1,70,71,1.41
January 31 2019,Klamath,OR,Passenger,1,0,1,39,40,2.5
May 31 2021,Portsmouth,VA,Passenger,0,1,1,77,78,1.28
December 31 2017,Multnomah,OR,Passenger,3,3,6,885,891,0.67
April 30 2020,DuPage,IL,Passenger,4,0,4,62,66,6.06
September 30 2023,Hawaii,HI,Passenger,1,0,1,30,31,3.23
January 31 2023,Whatcom,WA,Truck,37,0,37,42956,42993,0.09
June 30 2023,Island,WA,Truck,32,0,32,21005,21037,0.15
August 31 2017,Skamania,WA,Passenger,10,7,17,8568,8585,0.2
October 31 2017,Lane,OR,Passenger,0,1,1,216,217,0.46
October 31 2018,St. Clair,IL,Passenger,0,1,1,164,165,0.61
November 30 2022,Middlesex,NJ,Passenger,1,0,1,21,22,4.55
November 30 2021,Sonoma,CA,Passenger,0,1,1,94,95,1.05
March 31 2017,Los Angeles,CA,Passenger,2,1,3,1390,1393,0.22
August 31 2020,Whatcom,WA,Truck,3,0,3,43270,43273,0.01
March 31 2018,Columbia,WA,Truck,0,0,0,1532,1532,0
August 31 2017,Hamilton,TN,Passenger,1,0,1,22,23,4.35
February 29 2024,Orange,FL,Passenger,2,0,2,44,46,4.35
September 30 2023,Skagit,WA,Truck,27,0,27,31767,31794,0.08
November 30 2021,Orange,CA,Passenger,6,2,8,426,434,1.84
January 31 2023,Newport,RI,Passenger,0,1,1,66,67,1.49
March 31 2022,Collin,TX,Passenger,4,0,4,114,118,3.39
May 31 2022,Bartow,GA,Passenger,0,1,1,4,5,20
May 31 2021,Ferry,WA,Passenger,9,3,12,4375,4387,0.27
April 30 2018,Santa Clara,CA,Passenger,6,1,7,390,397,1.76
December 31 2017,Jefferson,WA,Truck,0,0,0,9467,9467,0
March 31 2020,Douglas,WA,Truck,0,0,0,12330,12330,0
October 31 2021,Milwaukee,WI,Passenger,1,0,1,43,44,2.27
November 30 2023,Caddo,LA,Passenger,2,0,2,13,15,13.33
December 31 2023,Ferry,WA,Passenger,24,3,27,4293,4320,0.62
December 31 2019,Hennepin,MN,Passenger,3,1,4,106,110,3.64
February 28 2021,Portsmouth,VA,Passenger,0,1,1,75,76,1.32
March 31 2021,Clallam,WA,Truck,1,0,1,21942,21943,0
September 30 2023,Burlington,NJ,Passenger,2,2,4,83,87,4.6
July 31 2022,Pacific,WA,Truck,0,0,0,7868,7868,0
December 31 2020,Nassau,FL,Passenger,1,0,1,36,37,2.7
January 31 2022,Hennepin,MN,Passenger,3,0,3,72,75,4
June 30 2024,Wichita,TX,Passenger,1,0,1,29,30,3.33
July 31 2020,Pacific,WA,Passenger,33,33,66,15756,15822,0.42
January 31 2021,Fairbanks North Star,AK,Passenger,0,1,1,92,93,1.08
August 31 2021,Island,WA,Truck,0,0,0,21544,21544,0
September 30 2023,Grays Harbor,WA,Truck,9,0,9,20825,20834,0.04
March 31 2024,Tooele,UT,Passenger,2,0,2,8,10,20
September 30 2019,Franklin,MA,Passenger,0,1,1,2,3,33.33
July 31 2024,San Juan,WA,Passenger,742,213,955,13271,14226,6.71
June 30 2023,Solano,CA,Passenger,5,0,5,145,150,3.33
July 31 2017,Orleans,LA,Passenger,0,1,1,47,48,2.08
August 31 2020,Adams,WA,Truck,0,0,0,5301,5301,0
February 28 2022,Wood,OH,Passenger,0,1,1,7,8,12.5
March 31 2021,Eagle,CO,Passenger,1,0,1,7,8,12.5
February 28 2022,King,WA,Passenger,37192,10517,47709,1352702,1400411,3.41
September 30 2018,Spokane,WA,Passenger,359,344,703,305048,305751,0.23
May 31 2018,San Diego,CA,Passenger,7,2,9,2588,2597,0.35
January 31 2021,Franklin,WA,Passenger,89,84,173,61469,61642,0.28
March 31 2021,Arapahoe,CO,Passenger,1,0,1,129,130,0.77
August 31 2023,San Francisco,CA,Passenger,2,0,2,63,65,3.08
August 31 2021,Palm Beach,FL,Passenger,1,1,2,71,73,2.74
March 31 2020,Henrico,VA,Passenger,0,1,1,20,21,4.76
December 31 2018,Spokane,WA,Passenger,438,373,811,307078,307889,0.26
October 31 2021,Adams,WA,Passenger,16,14,30,13018,13048,0.23
May 31 2018,Stevens,WA,Truck,0,0,0,18583,18583,0
January 31 2021,New London,CT,Passenger,1,2,3,229,232,1.29
March 31 2020,Wahkiakum,WA,Truck,0,0,0,1759,1759,0
July 31 2024,Jefferson,KY,Passenger,1,0,1,29,30,3.33
January 31 2018,Lee,AL,Passenger,1,0,1,35,36,2.78
April 30 2022,Henrico,VA,Passenger,0,1,1,15,16,6.25
September 30 2017,Whitman,WA,Passenger,12,22,34,22193,22227,0.15
June 30 2019,Kootenai,ID,Passenger,1,2,3,224,227,1.32
November 30 2017,Missoula,MT,Passenger,1,0,1,68,69,1.45
November 30 2018,Lincoln,WA,Passenger,2,6,8,7769,7777,0.1
July 31 2021,Frederick,MD,Passenger,1,1,2,65,67,2.99
October 31 2022,Wahkiakum,WA,Truck,1,0,1,1798,1799,0.06
April 30 2022,Boulder,CO,Passenger,2,0,2,47,49,4.08
April 30 2021,Bucks,PA,Passenger,1,0,1,22,23,4.35
January 31 2018,Douglas,WA,Truck,0,0,0,11788,11788,0
October 31 2021,Nassau,NY,Passenger,3,0,3,33,36,8.33
December 31 2023,Chesapeake,VA,Passenger,2,0,2,290,292,0.68
November 30 2017,Pend Oreille,WA,Truck,0,0,0,5595,5595,0
January 31 2022,Klickitat,WA,Passenger,90,54,144,15294,15438,0.93
May 31 2024,Monterey,CA,Passenger,0,4,4,122,126,3.17
February 28 2021,Alexandria,VA,Passenger,3,0,3,136,139,2.16
July 31 2022,Saratoga,NY,Passenger,1,0,1,43,44,2.27
December 31 2022,Champaign,IL,Passenger,1,0,1,10,11,9.09
January 31 2023,Coryell,TX,Passenger,1,0,1,87,88,1.14
September 30 2020,Montgomery,AL,Passenger,1,1,2,42,44,4.55
December 31 2022,Pinal,AZ,Passenger,0,1,1,113,114,0.88
January 31 2023,Lexington,SC,Passenger,1,0,1,23,24,4.17
July 31 2024,Kittitas,WA,Passenger,539,139,678,28573,29251,2.32
December 31 2022,Mason,WA,Truck,6,0,6,20823,20829,0.03
June 30 2022,Kern,CA,Passenger,0,1,1,195,196,0.51
May 31 2024,Onslow,NC,Passenger,0,1,1,116,117,0.85
February 29 2024,Essex,NJ,Passenger,2,1,3,6,9,33.33
June 30 2021,Mercer,NJ,Passenger,0,1,1,10,11,9.09
May 31 2023,Eau Claire,WI,Passenger,1,0,1,1,2,50
April 30 2024,Spokane,WA,Passenger,3192,1565,4757,320060,324817,1.46
July 31 2022,Camden,NJ,Passenger,0,1,1,13,14,7.14
May 31 2023,Norfolk,VA,Passenger,2,2,4,289,293,1.37
April 30 2024,Washoe,NV,Passenger,2,0,2,43,45,4.44
November 30 2018,Howard,MD,Passenger,0,1,1,93,94,1.06
October 31 2022,Madison,IL,Passenger,1,0,1,16,17,5.88
July 31 2019,Cascade,MT,Passenger,0,1,1,66,67,1.49
September 30 2022,Fredericksburg,VA,Passenger,1,0,1,7,8,12.5
October 31 2022,Whatcom,WA,Passenger,1993,784,2777,148491,151268,1.84
April 30 2020,Thurston,WA,Truck,0,0,0,55479,55479,0
October 31 2023,Lewis,WA,Truck,8,0,8,25766,25774,0.03
May 31 2021,Charles,MD,Passenger,1,1,2,73,75,2.67
December 31 2020,Allegheny,PA,Passenger,2,1,3,80,83,3.61
November 30 2019,Tulsa,OK,Passenger,1,1,2,58,60,3.33
September 30 2021,Montgomery,PA,Passenger,2,0,2,22,24,8.33
September 30 2022,Moore,NC,Passenger,0,1,1,109,110,0.91
September 30 2018,Caddo,LA,Passenger,0,1,1,25,26,3.85
June 30 2023,Oldham,KY,Passenger,0,1,1,3,4,25
August 31 2023,Allen,IN,Passenger,1,0,1,11,12,8.33
May 31 2021,New Haven,CT,Passenger,0,2,2,33,35,5.71
June 30 2021,Cowlitz,WA,Passenger,224,142,366,72312,72678,0.5
October 31 2020,Kitsap,WA,Truck,0,0,0,54202,54202,0
January 31 2022,Richland,SC,Passenger,0,2,2,137,139,1.44
February 28 2019,Lincoln,WA,Truck,0,0,0,4666,4666,0
May 31 2024,Allen,IN,Passenger,1,1,2,7,9,22.22
January 31 2022,Kittitas,WA,Passenger,215,72,287,29798,30085,0.95
February 28 2019,Carroll,NH,Passenger,0,1,1,2,3,33.33
April 30 2021,Skagit,WA,Truck,1,0,1,33005,33006,0
October 31 2018,Kent,MI,Passenger,0,1,1,27,28,3.57
July 31 2018,Grays Harbor,WA,Truck,0,0,0,20219,20219,0
March 31 2023,El Paso,TX,Passenger,4,1,5,314,319,1.57
June 30 2021,Carroll,MD,Passenger,0,1,1,17,18,5.56
May 31 2024,Doña Ana,NM,Passenger,1,0,1,10,11,9.09
May 31 2020,Williams,ND,Passenger,0,1,1,11,12,8.33
July 31 2019,Saratoga,NY,Passenger,1,0,1,51,52,1.92
July 31 2017,Mason,WA,Truck,0,0,0,19251,19251,0
May 31 2020,Lewis,WA,Truck,0,0,0,26001,26001,0
April 30 2018,Walla Walla,WA,Truck,0,0,0,13332,13332,0
April 30 2024,Gwinnett,GA,Passenger,1,0,1,39,40,2.5
October 31 2021,Mohave,AZ,Passenger,1,0,1,58,59,1.69
June 30 2023,Napa,CA,Passenger,0,1,1,12,13,7.69
January 31 2024,Island,WA,Passenger,1343,491,1834,60960,62794,2.92
May 31 2021,District of Columbia,DC,Passenger,4,1,5,177,182,2.75
February 29 2020,Hudson,NJ,Passenger,1,0,1,40,41,2.44
December 31 2021,Kern,CA,Passenger,0,1,1,202,203,0.49
October 31 2019,Douglas,WA,Truck,0,0,0,12291,12291,0
December 31 2018,Thurston,WA,Truck,0,0,0,54856,54856,0
August 31 2020,Benton,WA,Truck,0,0,0,43011,43011,0
May 31 2020,Suffolk,VA,Passenger,1,0,1,123,124,0.81
May 31 2019,Jefferson,WA,Truck,0,0,0,9664,9664,0
July 31 2020,Jefferson,WA,Truck,0,0,0,9539,9539,0
January 31 2018,Albemarle,VA,Passenger,0,1,1,30,31,3.23
May 31 2021,King,WA,Passenger,30034,8920,38954,1367544,1406498,2.77
April 30 2021,Kern,CA,Passenger,0,1,1,215,216,0.46
April 30 2023,Sacramento,CA,Passenger,3,1,4,186,190,2.11
March 31 2022,Yakima,WA,Truck,0,0,0,61560,61560,0
April 30 2019,Ferry,WA,Truck,0,0,0,3592,3592,0
August 31 2023,York,VA,Passenger,1,0,1,69,70,1.43
March 31 2023,Larimer,CO,Passenger,1,0,1,33,34,2.94
March 31 2020,Albemarle,VA,Passenger,1,0,1,22,23,4.35
June 30 2024,Wahkiakum,WA,Passenger,37,23,60,3024,3084,1.95
January 31 2021,Duval,FL,Passenger,0,2,2,365,367,0.54
March 31 2023,District of Columbia,DC,Passenger,2,0,2,146,148,1.35
February 29 2020,Norfolk,VA,Passenger,2,2,4,349,353,1.13
January 31 2021,El Dorado,CA,Passenger,1,0,1,36,37,2.7
March 31 2024,Marion,OR,Passenger,1,0,1,44,45,2.22
October 31 2021,Louisa,VA,Passenger,0,1,1,1,2,50
May 31 2020,Clark,WA,Passenger,2005,1055,3060,317370,320430,0.95
February 28 2021,Kittitas,WA,Passenger,141,53,194,29818,30012,0.65
June 30 2020,Honolulu,HI,Passenger,4,2,6,472,478,1.26
March 31 2017,Fulton,GA,Passenger,1,1,2,122,124,1.61
January 31 2022,Goochland,VA,Passenger,3,2,5,203,208,2.4
March 31 2023,Muscogee,GA,Passenger,1,2,3,110,113,2.65
August 31 2020,Travis,TX,Passenger,3,1,4,191,195,2.05
April 30 2020,Monroe,IL,Passenger,1,0,1,3,4,25
October 31 2023,Orange,CA,Passenger,8,3,11,315,326,3.37
January 31 2024,Mason,WA,Truck,19,0,19,20430,20449,0.09
May 31 2023,Newport News,VA,Passenger,1,0,1,113,114,0.88
July 31 2022,Coryell,TX,Passenger,1,0,1,97,98,1.02
March 31 2019,Vigo,IN,Passenger,1,0,1,5,6,16.67
February 29 2024,King,WA,Passenger,73688,17858,91546,1308935,1400481,6.54
June 30 2021,Montgomery,TX,Passenger,1,1,2,47,49,4.08
July 31 2021,Bucks,PA,Passenger,1,0,1,20,21,4.76
July 31 2023,San Juan,WA,Passenger,627,174,801,13783,14584,5.49
January 31 2021,Moore,NC,Passenger,0,1,1,140,141,0.71
February 28 2022,San Juan,WA,Truck,1,0,1,6016,6017,0.02
December 31 2023,Ada,ID,Passenger,2,0,2,99,101,1.98
May 31 2024,Mercer,NJ,Passenger,0,1,1,6,7,14.29
September 30 2018,Collin,TX,Passenger,1,1,2,170,172,1.16
August 31 2020,St. Louis,MO,Passenger,1,0,1,101,102,0.98
May 31 2021,Howard,IN,Passenger,0,1,1,3,4,25
February 28 2021,Vigo,IN,Passenger,1,0,1,5,6,16.67
October 31 2019,Alameda,CA,Passenger,4,1,5,309,314,1.59
July 31 2017,Santa Clara,CA,Passenger,5,2,7,408,415,1.69
May 31 2023,Allegheny,PA,Passenger,1,0,1,61,62,1.61
June 30 2017,Columbia,WA,Passenger,1,1,2,2353,2355,0.08
July 31 2023,Whatcom,WA,Truck,63,0,63,42683,42746,0.15
May 31 2021,Yamhill,OR,Passenger,1,0,1,43,44,2.27
April 30 2021,Meade,KY,Passenger,1,0,1,29,30,3.33
July 31 2019,Oldham,KY,Passenger,0,1,1,5,6,16.67
July 31 2020,Owyhee,ID,Passenger,1,0,1,4,5,20
August 31 2021,Klickitat,WA,Passenger,82,51,133,15346,15479,0.86
November 30 2018,Orange,CA,Passenger,5,2,7,562,569,1.23
March 31 2019,Wahkiakum,WA,Truck,0,0,0,1725,1725,0
November 30 2022,Mohave,AZ,Passenger,1,0,1,45,46,2.17
April 30 2020,Whatcom,WA,Passenger,1059,490,1549,150051,151600,1.02
February 28 2018,Stevens,WA,Passenger,10,21,31,31516,31547,0.1
December 31 2017,San Diego,CA,Passenger,6,2,8,2571,2579,0.31
June 30 2018,Asotin,WA,Truck,0,0,0,6613,6613,0
December 31 2021,Palm Beach,FL,Passenger,1,1,2,63,65,3.08
June 30 2020,Garfield,WA,Passenger,0,1,1,1350,1351,0.07
July 31 2022,Wahkiakum,WA,Passenger,24,12,36,3069,3105,1.16
June 30 2020,Skagit,WA,Passenger,409,221,630,91115,91745,0.69
December 31 2021,Harford,MD,Passenger,1,1,2,52,54,3.7
May 31 2022,Contra Costa,CA,Passenger,0,3,3,242,245,1.22
October 31 2022,Alameda,CA,Passenger,7,2,9,193,202,4.46
September 30 2017,Orange,FL,Passenger,1,1,2,145,147,1.36
February 28 2023,Pacific,WA,Truck,2,0,2,7812,7814,0.03
July 31 2018,Prince George's,MD,Passenger,1,1,2,187,189,1.06
August 31 2023,Hardin,KY,Passenger,1,0,1,58,59,1.69
March 31 2024,Cache,UT,Passenger,1,0,1,7,8,12.5
March 31 2024,Clallam,WA,Truck,30,0,30,21396,21426,0.14
July 31 2017,Dallas,TX,Passenger,0,1,1,186,187,0.53
April 30 2020,Pinellas,FL,Passenger,1,1,2,116,118,1.69
May 31 2022,New York,NY,Passenger,2,0,2,43,45,4.44
January 31 2024,Whitman,WA,Truck,9,0,9,8642,8651,0.1
October 31 2020,Larimer,CO,Passenger,1,0,1,45,46,2.17
January 31 2018,Sumter,FL,Passenger,0,1,1,11,12,8.33
December 31 2022,Rock Island,IL,Passenger,0,1,1,14,15,6.67
January 31 2018,Snohomish,WA,Passenger,2072,1093,3165,517968,521133,0.61
January 31 2021,Grays Harbor,WA,Truck,0,0,0,21235,21235,0
May 31 2018,Whitman,WA,Passenger,19,27,46,22576,22622,0.2
May 31 2018,Okanogan,WA,Passenger,8,19,27,25868,25895,0.1
April 30 2018,Pacific,WA,Passenger,14,19,33,15478,15511,0.21
September 30 2018,St. Clair,IL,Passenger,0,1,1,161,162,0.62
June 30 2024,Adams,CO,Passenger,1,0,1,19,20,5
February 28 2022,Adams,WA,Truck,0,0,0,5459,5459,0
June 30 2017,Mason,WA,Passenger,56,66,122,43448,43570,0.28
January 31 2018,Asotin,WA,Passenger,8,5,13,12541,12554,0.1
November 30 2020,Whatcom,WA,Truck,3,0,3,43474,43477,0.01
January 31 2022,Broward,FL,Passenger,2,0,2,102,104,1.92
May 31 2020,New Haven,CT,Passenger,0,2,2,38,40,5
June 30 2021,Manassas,VA,Passenger,0,1,1,6,7,14.29
October 31 2021,Howard,IN,Passenger,0,1,1,6,7,14.29
August 31 2021,Vigo,IN,Passenger,1,0,1,5,6,16.67
December 31 2018,Allegheny,PA,Passenger,1,0,1,90,91,1.1
March 31 2023,Pacific,WA,Passenger,74,84,158,15609,15767,1
September 30 2020,Salt Lake,UT,Passenger,1,1,2,191,193,1.04
May 31 2022,Garfield,WA,Truck,0,0,0,977,977,0
November 30 2018,Frederick,MD,Passenger,0,1,1,79,80,1.25
February 28 2017,New Haven,CT,Passenger,0,1,1,61,62,1.61
January 31 2018,Sedgwick,KS,Passenger,0,1,1,108,109,0.92
January 31 2021,Marion,IA,Passenger,1,0,1,1,2,50
July 31 2017,Juneau,AK,Passenger,0,1,1,47,48,2.08
November 30 2023,Adams,WA,Passenger,29,15,44,13111,13155,0.33
July 31 2018,Ada,ID,Passenger,0,2,2,332,334,0.6
February 28 2023,Stevens,WA,Truck,2,0,2,18737,18739,0.01
February 28 2019,Lewis,WA,Truck,0,0,0,25696,25696,0
August 31 2020,Newport,RI,Passenger,0,1,1,81,82,1.22
August 31 2019,Charleston,SC,Passenger,1,0,1,118,119,0.84
August 31 2022,Pulaski,MO,Passenger,2,0,2,115,117,1.71
September 30 2018,Collier,FL,Passenger,1,0,1,23,24,4.17
December 31 2018,New London,CT,Passenger,0,1,1,246,247,0.4
February 28 2023,Island,WA,Truck,20,0,20,21046,21066,0.09
March 31 2018,Riverside,CA,Passenger,2,2,4,717,721,0.55
June 30 2019,Skagit,WA,Truck,1,0,1,32435,32436,0
June 30 2024,Plaquemines,LA,Passenger,1,1,2,15,17,11.76
September 30 2020,Whatcom,WA,Passenger,1140,525,1665,149308,150973,1.1
May 31 2020,St. Louis,MO,Passenger,1,0,1,101,102,0.98
July 31 2017,Grays Harbor,WA,Truck,0,0,0,19889,19889,0
September 30 2022,Onslow,NC,Passenger,0,1,1,166,167,0.6
July 31 2021,Sumter,SC,Passenger,0,1,1,35,36,2.78
May 31 2019,Adams,WA,Truck,0,0,0,5123,5123,0
January 31 2024,Snohomish,WA,Truck,292,0,292,120264,120556,0.24
January 31 2022,Clinton,PA,Passenger,1,0,1,0,1,100
March 31 2019,Alexandria,VA,Passenger,1,0,1,156,157,0.64
January 31 2020,District of Columbia,DC,Passenger,1,1,2,199,201,1
October 31 2019,Middlesex,MA,Passenger,1,0,1,108,109,0.92
April 30 2017,Wahkiakum,WA,Truck,0,0,0,1631,1631,0
October 31 2020,Carroll,MD,Passenger,0,1,1,18,19,5.26
September 30 2019,Putnam,TN,Passenger,0,1,1,3,4,25
December 31 2021,Sevier,AR,Passenger,0,1,1,0,1,100
April 30 2022,Tom Green,TX,Passenger,0,1,1,25,26,3.85
March 31 2022,Fairbanks North Star,AK,Passenger,0,1,1,81,82,1.22
February 28 2022,Rock Island,IL,Passenger,0,1,1,15,16,6.25
April 30 2024,Lake,IN,Passenger,0,1,1,4,5,20
May 31 2022,Thurston,WA,Truck,4,0,4,55335,55339,0.01
August 31 2018,Klickitat,WA,Truck,0,0,0,8151,8151,0
June 30 2019,Jefferson,WA,Truck,0,0,0,9662,9662,0
April 30 2017,Island,WA,Truck,0,0,0,20519,20519,0
December 31 2020,Bucks,PA,Passenger,1,0,1,23,24,4.17
November 30 2018,Kittitas,WA,Passenger,62,34,96,29282,29378,0.33
March 31 2020,Adams,WA,Passenger,7,7,14,12882,12896,0.11
April 30 2018,Los Angeles,CA,Passenger,4,4,8,1203,1211,0.66
August 31 2022,Wilson,TX,Passenger,0,1,1,3,4,25
November 30 2019,Franklin,MA,Passenger,0,1,1,2,3,33.33
February 28 2019,King,WA,Passenger,17528,6760,24288,1379226,1403514,1.73
March 31 2022,Williamsburg,VA,Passenger,0,1,1,6,7,14.29
December 31 2021,Eagle,CO,Passenger,1,0,1,7,8,12.5
January 31 2023,Stevens,WA,Passenger,96,56,152,29873,30025,0.51
December 31 2020,Harris,TX,Passenger,1,1,2,255,257,0.78
May 31 2024,Harford,MD,Passenger,2,1,3,41,44,6.82
October 31 2022,Williamsburg,VA,Passenger,0,1,1,7,8,12.5
December 31 2023,St. Lawrence,NY,Passenger,1,0,1,4,5,20
April 30 2018,Skamania,WA,Passenger,12,8,20,8701,8721,0.23
March 31 2018,Kittitas,WA,Passenger,41,30,71,28739,28810,0.25
June 30 2020,Pacific,WA,Passenger,33,33,66,15744,15810,0.42
January 31 2019,Stevens,WA,Truck,0,0,0,18762,18762,0
May 31 2019,Santa Clara,CA,Passenger,7,1,8,378,386,2.07
December 31 2020,Benton,WA,Truck,0,0,0,43195,43195,0
January 31 2023,San Joaquin,CA,Passenger,1,1,2,89,91,2.2
October 31 2017,Santa Rosa,FL,Passenger,1,0,1,110,111,0.9
October 31 2017,Grays Harbor,WA,Truck,0,0,0,20003,20003,0
December 31 2017,Moore,NC,Passenger,0,1,1,194,195,0.51
May 31 2020,Prince George's,MD,Passenger,1,1,2,165,167,1.2
June 30 2018,Sacramento,CA,Passenger,1,1,2,314,316,0.63
January 31 2021,Pinellas,FL,Passenger,1,1,2,106,108,1.85
August 31 2021,Prince William,VA,Passenger,1,3,4,214,218,1.83
August 31 2021,Orange,NC,Passenger,0,1,1,13,14,7.14
September 30 2019,Nassau,NY,Passenger,4,0,4,43,47,8.51
May 31 2018,Beaufort,SC,Passenger,1,0,1,41,42,2.38
April 30 2020,Pierce,WA,Passenger,2346,1680,4026,548509,552535,0.73
June 30 2024,New London,CT,Passenger,3,4,7,146,153,4.58
December 31 2019,Lee,FL,Passenger,1,0,1,53,54,1.85
October 31 2021,Carroll,NH,Passenger,0,1,1,4,5,20
June 30 2017,Ferry,WA,Truck,0,0,0,3539,3539,0
November 30 2021,Suffolk,MA,Passenger,0,2,2,29,31,6.45
March 31 2024,Spokane,WA,Passenger,3101,1509,4610,320039,324649,1.42
December 31 2019,Grant,WA,Truck,0,0,0,26992,26992,0
April 30 2019,Salt Lake,UT,Passenger,1,0,1,217,218,0.46
April 30 2023,Frederick,MD,Passenger,1,0,1,55,56,1.79
March 31 2018,DuPage,IL,Passenger,1,0,1,69,70,1.43
October 31 2022,Pierce,WA,Passenger,5734,2440,8174,539488,547662,1.49
November 30 2023,Spokane,WA,Passenger,2789,1346,4135,322661,326796,1.27
February 29 2024,Pitt,NC,Passenger,0,1,1,6,7,14.29
February 28 2018,Multnomah,OR,Passenger,3,4,7,841,848,0.83
July 31 2023,Franklin,WA,Truck,6,0,6,20898,20904,0.03
February 28 2017,Adams,WA,Truck,0,0,0,5070,5070,0
September 30 2018,Mecklenburg,NC,Passenger,1,0,1,84,85,1.18
May 31 2020,Botetourt,VA,Passenger,1,0,1,1,2,50
February 28 2023,Grays Harbor,WA,Passenger,272,171,443,48562,49005,0.9
April 30 2019,Klickitat,WA,Passenger,33,33,66,15502,15568,0.42
March 31 2019,Prince George's,MD,Passenger,1,1,2,185,187,1.07
October 31 2018,Williamson,TX,Passenger,0,1,1,169,170,0.59
November 30 2017,Lane,OR,Passenger,0,1,1,209,210,0.48
March 31 2024,Adams,WA,Truck,4,0,4,5379,5383,0.07
December 31 2017,Pierce,WA,Passenger,1071,963,2034,526318,528352,0.38
July 31 2022,Garfield,WA,Passenger,1,3,4,1319,1323,0.3
October 31 2023,Alexandria,VA,Passenger,3,0,3,92,95,3.16
July 31 2024,Fresno,CA,Passenger,0,1,1,115,116,0.86
August 31 2018,DeKalb,IN,Passenger,1,0,1,1,2,50
April 30 2024,Garfield,WA,Truck,0,0,0,997,997,0
February 28 2023,Geary,KS,Passenger,1,0,1,75,76,1.32
March 31 2023,Geary,KS,Passenger,1,0,1,74,75,1.33
December 31 2022,York,VA,Passenger,1,0,1,78,79,1.27
February 29 2020,Jefferson,WA,Passenger,230,139,369,25163,25532,1.45
October 31 2023,Los Angeles,CA,Passenger,10,4,14,621,635,2.2
November 30 2019,El Paso,TX,Passenger,3,0,3,455,458,0.66
June 30 2018,Cumberland,NC,Passenger,1,0,1,551,552,0.18
January 31 2021,Grant,WA,Truck,0,0,0,27583,27583,0
October 31 2022,Harford,MD,Passenger,1,1,2,42,44,4.55
February 28 2022,Howard,IN,Passenger,0,1,1,6,7,14.29
September 30 2021,Vigo,IN,Passenger,1,0,1,5,6,16.67
September 30 2020,Snohomish,WA,Passenger,4692,1806,6498,536983,543481,1.2
April 30 2022,St. Clair,IL,Passenger,1,0,1,132,133,0.75
February 28 2018,Riverside,CA,Passenger,2,2,4,733,737,0.54
January 31 2024,District of Columbia,DC,Passenger,2,0,2,131,133,1.5
May 31 2020,Eagle,CO,Passenger,1,0,1,8,9,11.11
October 31 2020,Okanogan,WA,Truck,0,0,0,16564,16564,0
August 31 2020,Suffolk,VA,Passenger,1,0,1,125,126,0.79
January 31 2022,Tarrant,TX,Passenger,3,0,3,148,151,1.99
July 31 2020,Flathead,MT,Passenger,1,0,1,62,63,1.59
September 30 2023,Fairfax,VA,Passenger,8,2,10,566,576,1.74
June 30 2021,Prince George's,MD,Passenger,2,1,3,150,153,1.96
August 31 2022,Hawaii,HI,Passenger,1,0,1,40,41,2.44
November 30 2021,Ferry,WA,Passenger,13,3,16,4459,4475,0.36
July 31 2021,Eagle,CO,Passenger,1,0,1,8,9,11.11
November 30 2020,Orange,NC,Passenger,0,1,1,13,14,7.14
October 31 2023,Garfield,WA,Passenger,0,4,4,1298,1302,0.31
December 31 2021,Ulster,NY,Passenger,1,0,1,14,15,6.67
November 30 2018,Hennepin,MN,Passenger,2,0,2,111,113,1.77
August 31 2023,St. Lawrence,NY,Passenger,1,0,1,4,5,20
February 29 2024,St. Lawrence,NY,Passenger,1,0,1,3,4,25
June 30 2024,Asotin,WA,Passenger,51,24,75,12153,12228,0.61
June 30 2024,San Diego,CA,Passenger,20,8,28,1711,1739,1.61
October 31 2023,Whatcom,WA,Truck,77,0,77,42559,42636,0.18
May 31 2019,Okanogan,WA,Truck,0,0,0,16504,16504,0
June 30 2021,San Joaquin,CA,Passenger,1,0,1,114,115,0.87
May 31 2017,Kent,MI,Passenger,0,1,1,35,36,2.78
November 30 2022,DuPage,IL,Passenger,2,1,3,43,46,6.52
November 30 2018,Asotin,WA,Truck,0,0,0,6617,6617,0
October 31 2019,Cochise,AZ,Passenger,0,1,1,105,106,0.94
December 31 2021,Larimer,CO,Passenger,1,0,1,46,47,2.13
August 31 2018,Allegheny,PA,Passenger,1,0,1,86,87,1.15
January 31 2022,Louisa,VA,Passenger,0,1,1,1,2,50
March 31 2020,Owyhee,ID,Passenger,1,0,1,4,5,20
April 30 2018,Franklin,MA,Passenger,0,1,1,3,4,25
November 30 2023,Pulaski,MO,Passenger,2,0,2,96,98,2.04
August 31 2018,Lincoln,WA,Passenger,3,6,9,7746,7755,0.12
July 31 2018,Riverside,CA,Passenger,2,2,4,707,711,0.56
June 30 2018,Sedgwick,KS,Passenger,0,1,1,100,101,0.99
April 30 2020,Cochise,AZ,Passenger,0,1,1,102,103,0.97
October 31 2021,Providence,RI,Passenger,1,0,1,24,25,4
January 31 2024,Grays Harbor,WA,Passenger,384,223,607,48002,48609,1.25
April 30 2024,Cowlitz,WA,Passenger,680,276,956,69218,70174,1.36
September 30 2023,Autauga,AL,Passenger,2,0,2,11,13,15.38
February 28 2019,Snohomish,WA,Truck,1,0,1,121855,121856,0
August 31 2018,Chelan,WA,Passenger,114,55,169,53717,53886,0.31
February 28 2023,Charles,MD,Passenger,1,1,2,57,59,3.39
March 31 2020,Carroll,NH,Passenger,0,1,1,4,5,20
January 31 2018,Montgomery,TX,Passenger,1,0,1,62,63,1.59
April 30 2024,New Castle,DE,Passenger,1,0,1,16,17,5.88
May 31 2021,Pierce,WA,Passenger,3380,1938,5318,559363,564681,0.94
December 31 2018,Jefferson,WA,Passenger,168,106,274,24833,25107,1.09
January 31 2022,Lewis,WA,Passenger,211,167,378,59459,59837,0.63
June 30 2020,Cascade,MT,Passenger,0,1,1,58,59,1.69
December 31 2018,Fairfax,VA,Passenger,4,1,5,811,816,0.61
April 30 2020,Ferry,WA,Passenger,5,3,8,4334,4342,0.18
March 31 2019,St. Clair,IL,Passenger,0,1,1,164,165,0.61
November 30 2018,Whatcom,WA,Truck,2,0,2,42651,42653,0
March 31 2020,Mason,WA,Truck,0,0,0,20569,20569,0
March 31 2024,Chesterfield,VA,Passenger,1,0,1,32,33,3.03
April 30 2021,Nassau,FL,Passenger,1,0,1,35,36,2.78
January 31 2021,Hamilton,IN,Passenger,2,0,2,40,42,4.76
February 28 2021,Dakota,MN,Passenger,0,1,1,27,28,3.57
May 31 2019,Berkshire,MA,Passenger,0,1,1,4,5,20
May 31 2019,King,WA,Passenger,18614,6946,25560,1386652,1412212,1.81
December 31 2022,Bexar,TX,Passenger,4,3,7,439,446,1.57
May 31 2023,Orange,CA,Passenger,9,3,12,349,361,3.32
June 30 2018,Columbia,WA,Passenger,2,2,4,2423,2427,0.16
January 31 2024,Sacramento,CA,Passenger,1,1,2,145,147,1.36
August 31 2022,Harnett,NC,Passenger,2,0,2,159,161,1.24
November 30 2020,Suffolk,MA,Passenger,0,2,2,38,40,5
March 31 2022,Goochland,VA,Passenger,4,2,6,185,191,3.14
July 31 2022,DuPage,IL,Passenger,2,1,3,49,52,5.77
August 31 2018,Ramsey,MN,Passenger,1,0,1,43,44,2.27
July 31 2017,Wayne,MI,Passenger,0,1,1,72,73,1.37
May 31 2019,Jefferson,NY,Passenger,0,1,1,219,220,0.45
July 31 2023,Columbia,WA,Truck,0,0,0,1545,1545,0
April 30 2018,Northampton,PA,Passenger,0,1,1,63,64,1.56
February 29 2020,Vigo,IN,Passenger,1,0,1,5,6,16.67
November 30 2021,Hanover,VA,Passenger,1,0,1,1,2,50
September 30 2022,Oldham,KY,Passenger,0,1,1,4,5,20
April 30 2019,Pierce,WA,Truck,0,0,0,139300,139300,0
January 31 2020,Chelan,WA,Passenger,213,77,290,54608,54898,0.53
April 30 2017,Okanogan,WA,Passenger,3,16,19,25588,25607,0.07
June 30 2019,Ferry,WA,Passenger,5,2,7,4392,4399,0.16
June 30 2021,Orange,FL,Passenger,1,0,1,121,122,0.82
May 31 2021,Carroll,MD,Passenger,0,1,1,17,18,5.56
November 30 2023,Ulster,NY,Passenger,1,0,1,7,8,12.5
October 31 2019,Thurston,WA,Truck,0,0,0,55626,55626,0
October 31 2019,Placer,CA,Passenger,1,0,1,104,105,0.95
June 30 2024,Placer,CA,Passenger,1,0,1,57,58,1.72
September 30 2022,New London,CT,Passenger,3,3,6,192,198,3.03
October 31 2022,Currituck,NC,Passenger,1,0,1,19,20,5
January 31 2024,Leavenworth,KS,Passenger,0,1,1,76,77,1.3
January 31 2018,Clark,WA,Truck,0,0,0,78553,78553,0
January 31 2022,Asotin,WA,Truck,0,0,0,6727,6727,0
September 30 2020,Mason,WA,Truck,0,0,0,20790,20790,0
August 31 2018,Douglas,WA,Passenger,45,31,76,27787,27863,0.27
January 31 2020,Carroll,NH,Passenger,0,1,1,4,5,20
June 30 2021,Bucks,PA,Passenger,1,0,1,20,21,4.76
October 31 2019,RÃ­o Grande,PR,Passenger,1,0,1,1,2,50
November 30 2023,Thurston,WA,Truck,81,0,81,53598,53679,0.15
November 30 2017,Clark,WA,Truck,0,0,0,78221,78221,0
August 31 2022,Nassau,NY,Passenger,3,0,3,32,35,8.57
February 28 2019,Travis,TX,Passenger,4,1,5,215,220,2.27
November 30 2023,Berkeley,SC,Passenger,2,1,3,92,95,3.16
August 31 2019,Cook,IL,Passenger,1,0,1,251,252,0.4
June 30 2022,Columbia,WA,Truck,0,0,0,1579,1579,0
March 31 2020,Arapahoe,CO,Passenger,1,0,1,147,148,0.68
October 31 2021,Wilson,NC,Passenger,1,0,1,0,1,100
June 30 2021,Maricopa,AZ,Passenger,8,6,14,1320,1334,1.05
March 31 2022,Anchorage,AK,Passenger,2,0,2,142,144,1.39
February 28 2022,Fairbanks North Star,AK,Passenger,0,1,1,81,82,1.22
March 31 2023,Hamilton,OH,Passenger,1,0,1,34,35,2.86
August 31 2023,Columbia,WA,Passenger,12,1,13,2428,2441,0.53
November 30 2021,Stevens,WA,Passenger,55,43,98,30275,30373,0.32
April 30 2019,Charleston,SC,Passenger,1,0,1,121,122,0.82
April 30 2019,Honolulu,HI,Passenger,2,3,5,517,522,0.96
February 28 2023,Wayne,MI,Passenger,0,1,1,36,37,2.7
November 30 2019,Spokane,WA,Passenger,630,469,1099,314504,315603,0.35
May 31 2021,Walla Walla,WA,Truck,0,0,0,14036,14036,0
May 31 2024,Pend Oreille,WA,Truck,3,0,3,5548,5551,0.05
November 30 2021,Deschutes,OR,Passenger,2,0,2,121,123,1.63
November 30 2021,Orange,NC,Passenger,0,1,1,12,13,7.69
July 31 2019,Vigo,IN,Passenger,1,0,1,6,7,14.29
October 31 2017,Eagle,CO,Passenger,1,0,1,7,8,12.5
May 31 2022,Adams,WA,Passenger,16,10,26,12926,12952,0.2
August 31 2019,Pend Oreille,WA,Passenger,5,6,11,9490,9501,0.12
April 30 2022,Clark,WA,Truck,3,0,3,83163,83166,0
August 31 2017,Pierce,WA,Truck,0,0,0,137192,137192,0
December 31 2023,El Paso,CO,Passenger,5,2,7,465,472,1.48
August 31 2023,Yavapai,AZ,Passenger,0,1,1,21,22,4.55
September 30 2018,New Haven,CT,Passenger,0,1,1,47,48,2.08
January 31 2019,Kootenai,ID,Passenger,1,2,3,217,220,1.36
February 28 2023,Norfolk,VA,Passenger,2,3,5,294,299,1.67
April 30 2024,Grant,WA,Passenger,417,182,599,67415,68014,0.88
September 30 2021,Montgomery,TX,Passenger,1,1,2,44,46,4.35
October 31 2020,Manassas,VA,Passenger,0,1,1,5,6,16.67
February 28 2022,Currituck,NC,Passenger,1,0,1,22,23,4.35
February 28 2018,Sangamon,IL,Passenger,1,0,1,11,12,8.33
February 28 2019,Lee,AL,Passenger,1,0,1,35,36,2.78
January 31 2020,Lincoln,WA,Passenger,1,11,12,7785,7797,0.15
July 31 2019,Clallam,WA,Truck,1,0,1,21805,21806,0
December 31 2023,Kings,CA,Passenger,5,2,7,266,273,2.56
April 30 2023,District of Columbia,DC,Passenger,2,0,2,144,146,1.37
October 31 2018,Montgomery,AL,Passenger,1,0,1,50,51,1.96
August 31 2021,Gwinnett,GA,Passenger,1,0,1,64,65,1.54
December 31 2023,Marion,OR,Passenger,1,0,1,49,50,2
May 31 2023,Kitsap,WA,Truck,69,0,69,52341,52410,0.13
January 31 2023,Cowlitz,WA,Truck,7,0,7,28320,28327,0.02
August 31 2022,Kings,CA,Passenger,2,1,3,311,314,0.96
January 31 2020,Newport,RI,Passenger,0,1,1,86,87,1.15
November 30 2023,Norfolk,VA,Passenger,1,1,2,267,269,0.74
July 31 2023,Doña Ana,NM,Passenger,1,0,1,13,14,7.14
January 31 2024,Douglas,WA,Passenger,259,86,345,28895,29240,1.18
January 31 2023,El Paso,TX,Passenger,4,0,4,324,328,1.22
August 31 2020,Santa Cruz,CA,Passenger,1,0,1,34,35,2.86
March 31 2017,Kitsap,WA,Passenger,572,289,861,172462,173323,0.5
April 30 2018,Skagit,WA,Passenger,183,155,338,90021,90359,0.37
March 31 2018,Asotin,WA,Passenger,8,5,13,12619,12632,0.1
March 31 2024,Saratoga,NY,Passenger,1,1,2,26,28,7.14
May 31 2019,Island,WA,Truck,0,0,0,21234,21234,0
July 31 2018,Skamania,WA,Truck,0,0,0,3963,3963,0
March 31 2020,Sarasota,FL,Passenger,2,0,2,38,40,5
August 31 2023,New Haven,CT,Passenger,0,2,2,26,28,7.14
October 31 2019,Walla Walla,WA,Passenger,62,62,124,36313,36437,0.34
May 31 2021,Mason,WA,Passenger,207,134,341,48089,48430,0.7
February 29 2024,Kittitas,WA,Passenger,487,123,610,29440,30050,2.03
January 31 2024,Harris,TX,Passenger,2,1,3,123,126,2.38
January 31 2018,Allegheny,PA,Passenger,1,0,1,88,89,1.12
September 30 2022,Ada,ID,Passenger,1,0,1,167,168,0.6
August 31 2021,Louisa,VA,Passenger,0,1,1,1,2,50
January 31 2021,Ferry,WA,Truck,0,0,0,3609,3609,0
March 31 2021,Spokane,WA,Truck,0,0,0,101371,101371,0
June 30 2018,Okanogan,WA,Truck,0,0,0,16432,16432,0
March 31 2017,Douglas,WA,Truck,0,0,0,11440,11440,0
June 30 2021,Sedgwick,KS,Passenger,0,1,1,86,87,1.15
March 31 2024,Harris,TX,Passenger,2,2,4,114,118,3.39
August 31 2019,Salt Lake,UT,Passenger,1,0,1,212,213,0.47
October 31 2018,Larimer,CO,Passenger,1,0,1,59,60,1.67
May 31 2023,Polk,OR,Passenger,1,1,2,20,22,9.09
September 30 2023,Fulton,GA,Passenger,1,1,2,57,59,3.39
December 31 2017,Dakota,MN,Passenger,0,2,2,39,41,4.88
October 31 2019,St. Mary's,MD,Passenger,1,0,1,211,212,0.47
November 30 2021,San Mateo,CA,Passenger,2,0,2,94,96,2.08
October 31 2021,Harris,TX,Passenger,1,1,2,211,213,0.94
October 31 2018,New Haven,CT,Passenger,0,1,1,45,46,2.17
March 31 2017,Douglas,OR,Passenger,0,1,1,76,77,1.3
June 30 2020,Skamania,WA,Truck,0,0,0,4010,4010,0
April 30 2017,Nassau,NY,Passenger,0,1,1,41,42,2.38
May 31 2019,Snohomish,WA,Passenger,3372,1572,4944,530157,535101,0.92
October 31 2022,Mason,WA,Passenger,348,185,533,46896,47429,1.12
April 30 2018,Ferry,WA,Truck,0,0,0,3499,3499,0
April 30 2017,Harnett,NC,Passenger,1,0,1,259,260,0.38
October 31 2019,New London,CT,Passenger,0,1,1,240,241,0.41
February 28 2017,Allegheny,PA,Passenger,1,0,1,92,93,1.08
March 31 2024,Bay,FL,Passenger,1,0,1,17,18,5.56
July 31 2024,Travis,TX,Passenger,1,0,1,50,51,1.96
September 30 2022,Ventura,CA,Passenger,3,3,6,248,254,2.36
May 31 2023,Pulaski,AR,Passenger,3,0,3,24,27,11.11
February 28 2017,Prince William,VA,Passenger,0,4,4,277,281,1.42
January 31 2019,Charles,MD,Passenger,0,1,1,79,80,1.25
April 30 2024,Fresno,CA,Passenger,0,1,1,121,122,0.82
November 30 2019,Placer,CA,Passenger,1,0,1,105,106,0.94
June 30 2020,Arlington,VA,Passenger,0,2,2,154,156,1.28
May 31 2023,Skamania,WA,Truck,1,0,1,3846,3847,0.03
October 31 2017,Jefferson,WA,Passenger,116,68,184,24070,24254,0.76
October 31 2020,Prince George's,MD,Passenger,2,1,3,159,162,1.85
October 31 2023,Sacramento,CA,Passenger,3,1,4,154,158,2.53
October 31 2020,Douglas,CO,Passenger,0,1,1,84,85,1.18
May 31 2018,Grant,WA,Truck,0,0,0,25858,25858,0
August 31 2017,Pacific,WA,Truck,0,0,0,7510,7510,0
February 29 2020,Wahkiakum,WA,Truck,0,0,0,1761,1761,0
October 31 2019,Lincoln,WA,Passenger,2,11,13,7829,7842,0.17
January 31 2019,Klickitat,WA,Truck,0,0,0,8222,8222,0
September 30 2021,Snohomish,WA,Truck,1,0,1,125886,125887,0
July 31 2017,Palm Beach,FL,Passenger,0,2,2,96,98,2.04
May 31 2023,Yakima,WA,Passenger,484,248,732,165845,166577,0.44
September 30 2021,Island,WA,Passenger,662,328,990,63023,64013,1.55
June 30 2023,Norfolk,VA,Passenger,2,2,4,287,291,1.37
June 30 2024,Okanogan,WA,Passenger,184,86,270,25591,25861,1.04
October 31 2019,Greene,MO,Passenger,0,1,1,33,34,2.94
May 31 2024,Champaign,IL,Passenger,1,0,1,4,5,20
June 30 2021,Skagit,WA,Passenger,591,274,865,91890,92755,0.93
May 31 2022,Whitman,WA,Passenger,84,58,142,21977,22119,0.64
November 30 2021,Los Angeles,CA,Passenger,8,7,15,910,925,1.62
April 30 2021,Pierce,WA,Truck,0,0,0,145836,145836,0
May 31 2024,Whatcom,WA,Truck,107,0,107,42064,42171,0.25
August 31 2023,Jefferson,WA,Truck,12,0,12,9329,9341,0.13
March 31 2019,Norfolk,VA,Passenger,2,2,4,351,355,1.13
August 31 2021,Lincoln,WA,Truck,0,0,0,4771,4771,0
July 31 2017,Norfolk,MA,Passenger,1,0,1,39,40,2.5
February 28 2022,Marin,CA,Passenger,1,1,2,37,39,5.13
October 31 2021,Kauai,HI,Passenger,1,0,1,20,21,4.76
July 31 2021,Asotin,WA,Passenger,21,17,38,12687,12725,0.3
November 30 2022,Los Angeles,CA,Passenger,4,6,10,804,814,1.23
January 31 2020,Pima,AZ,Passenger,3,1,4,397,401,1
November 30 2019,Osceola,FL,Passenger,1,0,1,46,47,2.13
October 31 2020,Juneau,AK,Passenger,0,1,1,30,31,3.23
September 30 2023,Allegheny,PA,Passenger,2,0,2,58,60,3.33
July 31 2023,Broward,FL,Passenger,1,0,1,64,65,1.54
June 30 2022,Pierce,WA,Truck,6,0,6,141657,141663,0
January 31 2020,Cumberland,NC,Passenger,1,2,3,499,502,0.6
July 31 2020,Kern,CA,Passenger,0,1,1,222,223,0.45
April 30 2023,Napa,CA,Passenger,0,1,1,14,15,6.67
November 30 2022,Williams,ND,Passenger,0,1,1,6,7,14.29
February 28 2017,Norfolk,MA,Passenger,1,0,1,38,39,2.56
July 31 2024,Howard,MD,Passenger,0,2,2,47,49,4.08
January 31 2021,San Francisco,CA,Passenger,1,1,2,102,104,1.92
January 31 2022,Baltimore,MD,Passenger,1,0,1,95,96,1.04
May 31 2024,Garfield,WA,Passenger,0,3,3,1306,1309,0.23
September 30 2022,Gwinnett,GA,Passenger,1,0,1,62,63,1.59
May 31 2017,Santa Fe,NM,Passenger,0,1,1,46,47,2.13
April 30 2020,Collin,TX,Passenger,2,1,3,139,142,2.11
October 31 2019,Solano,CA,Passenger,1,0,1,211,212,0.47
July 31 2020,El Paso,TX,Passenger,3,0,3,415,418,0.72
December 31 2023,New York,NY,Passenger,2,0,2,34,36,5.56
June 30 2024,DeKalb,GA,Passenger,1,0,1,29,30,3.33
April 30 2024,Mohave,AZ,Passenger,1,0,1,25,26,3.85
August 31 2017,Clark,WA,Passenger,794,528,1322,300733,302055,0.44
September 30 2018,Jefferson,WA,Passenger,153,99,252,24688,24940,1.01
October 31 2022,Chesapeake,VA,Passenger,3,1,4,343,347,1.15
March 31 2023,Dallas,TX,Passenger,1,0,1,98,99,1.01
September 30 2019,Virginia Beach,VA,Passenger,1,0,1,698,699,0.14
October 31 2023,Sedgwick,KS,Passenger,0,1,1,50,51,1.96
December 31 2017,Santa Fe,NM,Passenger,0,1,1,43,44,2.27
October 31 2022,Ulster,NY,Passenger,1,0,1,10,11,9.09
April 30 2020,Snohomish,WA,Passenger,4399,1750,6149,534976,541125,1.14
February 28 2022,Cumberland,NC,Passenger,2,4,6,404,410,1.46
August 31 2019,Shelby,TN,Passenger,0,1,1,97,98,1.02
March 31 2018,District of Columbia,DC,Passenger,0,3,3,191,194,1.55
June 30 2023,Marin,CA,Passenger,1,1,2,33,35,5.71
November 30 2020,Chesapeake,VA,Passenger,0,2,2,423,425,0.47
May 31 2024,Ada,ID,Passenger,2,0,2,83,85,2.35
October 31 2019,Nassau,NY,Passenger,4,0,4,44,48,8.33
April 30 2023,Fairfax,VA,Truck,1,0,1,91,92,1.09
June 30 2024,Mason,WA,Truck,24,0,24,20128,20152,0.12
May 31 2023,Pima,AZ,Passenger,1,0,1,221,222,0.45
May 31 2017,Fulton,GA,Passenger,1,0,1,117,118,0.85
March 31 2021,Kern,CA,Passenger,0,1,1,215,216,0.46
February 28 2021,Polk,FL,Passenger,1,0,1,69,70,1.43
April 30 2018,Alameda,CA,Passenger,0,1,1,360,361,0.28
February 29 2020,Kootenai,ID,Passenger,1,2,3,231,234,1.28
July 31 2024,Lexington,SC,Passenger,1,0,1,15,16,6.25
January 31 2024,Providence,RI,Passenger,1,0,1,18,19,5.26
July 31 2017,Grant,WA,Passenger,19,30,49,61002,61051,0.08
April 30 2018,Maricopa,AZ,Passenger,1,2,3,1645,1648,0.18
November 30 2022,Ferry,WA,Passenger,24,4,28,4361,4389,0.64
December 31 2019,Anne Arundel,MD,Passenger,1,1,2,429,431,0.46
May 31 2021,Milwaukee,WI,Passenger,1,0,1,45,46,2.17
December 31 2021,Sarpy,NE,Passenger,1,0,1,72,73,1.37
September 30 2022,Okanogan,WA,Truck,1,0,1,16501,16502,0.01
December 31 2018,Orange,FL,Passenger,2,0,2,168,170,1.18
October 31 2021,Jefferson,NY,Passenger,1,0,1,217,218,0.46
January 31 2024,Utah,UT,Passenger,1,0,1,79,80,1.25
August 31 2020,Cowlitz,WA,Truck,0,0,0,28899,28899,0
July 31 2021,Hamilton,IN,Passenger,2,0,2,38,40,5
March 31 2024,Lewis,WA,Truck,13,0,13,25595,25608,0.05
March 31 2021,Twin Falls,ID,Passenger,0,1,1,24,25,4
February 28 2023,El Paso,CO,Passenger,3,3,6,563,569,1.05
January 31 2021,El Paso,TX,Passenger,3,0,3,398,401,0.75
October 31 2017,Franklin,OH,Passenger,0,1,1,113,114,0.88
January 31 2022,Onslow,NC,Passenger,0,1,1,168,169,0.59
November 30 2022,Lincoln,WA,Truck,0,0,0,4850,4850,0
November 30 2022,Loudoun,VA,Passenger,3,1,4,64,68,5.88
June 30 2022,Ada,ID,Passenger,1,0,1,188,189,0.53
December 31 2020,Queens,NY,Passenger,1,0,1,54,55,1.82
November 30 2023,Contra Costa,CA,Passenger,1,1,2,155,157,1.27
December 31 2018,Mercer,NJ,Passenger,0,1,1,17,18,5.56
September 30 2023,Platte,MO,Passenger,2,0,2,21,23,8.7
October 31 2019,Asotin,WA,Passenger,12,8,20,12639,12659,0.16
July 31 2020,Hamilton,IN,Passenger,1,0,1,43,44,2.27
December 31 2022,Wahkiakum,WA,Passenger,26,13,39,3031,3070,1.27
August 31 2023,Wahkiakum,WA,Passenger,26,18,44,3024,3068,1.43
March 31 2022,Columbia,WA,Passenger,6,0,6,2443,2449,0.24
April 30 2018,Riverside,CA,Passenger,2,2,4,718,722,0.55
June 30 2018,Nantucket,MA,Passenger,1,0,1,4,5,20
August 31 2018,Prince George's,MD,Passenger,1,1,2,183,185,1.08
August 31 2017,Sacramento,CA,Passenger,1,1,2,356,358,0.56
April 30 2024,Essex,MA,Passenger,1,0,1,9,10,10
October 31 2017,,,Passenger,3,0,3,441,444,0.68
May 31 2021,Jefferson,WA,Truck,0,0,0,9610,9610,0
February 28 2021,Mohave,AZ,Passenger,1,0,1,66,67,1.49
January 31 2019,Sumter,FL,Passenger,0,1,1,11,12,8.33
June 30 2024,Fredericksburg,VA,Passenger,1,0,1,4,5,20
November 30 2017,Alameda,CA,Passenger,0,1,1,359,360,0.28
August 31 2022,Stafford,VA,Passenger,2,1,3,90,93,3.23
May 31 2019,Asotin,WA,Passenger,12,8,20,12670,12690,0.16
March 31 2017,Virginia Beach,VA,Passenger,2,1,3,649,652,0.46
October 31 2019,DeKalb,GA,Passenger,1,0,1,85,86,1.16
October 31 2020,Plaquemines,LA,Passenger,0,1,1,13,14,7.14
May 31 2023,Larimer,CO,Passenger,1,0,1,31,32,3.12
October 31 2017,King,WA,Passenger,10937,4479,15416,1371695,1387111,1.11
August 31 2018,Island,WA,Passenger,216,205,421,62682,63103,0.67
January 31 2017,Spokane,WA,Passenger,221,196,417,295968,296385,0.14
February 29 2020,San Juan,WA,Passenger,279,82,361,14323,14684,2.46
September 30 2018,Dallas,TX,Passenger,0,1,1,208,209,0.48
December 31 2021,Contra Costa,CA,Passenger,1,3,4,250,254,1.57
July 31 2024,Lincoln,WA,Truck,1,0,1,4670,4671,0.02
March 31 2017,Nassau,NY,Passenger,0,1,1,41,42,2.38
June 30 2017,Riverside,CA,Passenger,1,1,2,820,822,0.24
July 31 2019,Mecklenburg,NC,Passenger,1,0,1,92,93,1.08
November 30 2019,Harford,MD,Passenger,0,1,1,62,63,1.59
August 31 2020,Lake,FL,Passenger,1,0,1,25,26,3.85
June 30 2024,Madison,AL,Passenger,1,0,1,27,28,3.57
October 31 2017,Contra Costa,CA,Passenger,0,1,1,482,483,0.21
February 28 2022,El Paso,TX,Passenger,3,0,3,372,375,0.8
July 31 2018,Jefferson,CO,Passenger,0,1,1,61,62,1.61
December 31 2020,Harrison,MS,Passenger,2,0,2,53,55,3.64
August 31 2023,Middlesex,NJ,Passenger,1,0,1,18,19,5.26
March 31 2024,Skagit,WA,Passenger,1423,513,1936,88214,90150,2.15
May 31 2024,Maricopa,AZ,Passenger,10,3,13,552,565,2.3
November 30 2019,Moore,NC,Passenger,0,1,1,170,171,0.58
May 31 2023,Sarpy,NE,Passenger,1,0,1,61,62,1.61
May 31 2024,Cowlitz,WA,Passenger,703,281,984,69010,69994,1.41
February 28 2023,Wichita,TX,Passenger,1,0,1,39,40,2.5
March 31 2022,Sevier,AR,Passenger,0,1,1,0,1,100
September 30 2019,King,WA,Passenger,20418,7280,27698,1394198,1421896,1.95
June 30 2018,Jefferson,WA,Truck,0,0,0,9538,9538,0
January 31 2017,Dane,WI,Passenger,1,0,1,194,195,0.51
June 30 2024,Polk,OR,Passenger,1,1,2,12,14,14.29
June 30 2018,Moore,NC,Passenger,0,1,1,190,191,0.52
June 30 2024,Escambia,FL,Passenger,0,1,1,106,107,0.93
April 30 2021,Utah,UT,Passenger,0,1,1,134,135,0.74
May 31 2017,Franklin,MA,Passenger,0,1,1,4,5,20
March 31 2023,Madison,IL,Passenger,2,0,2,17,19,10.53
February 29 2024,Clark,WA,Passenger,7561,2761,10322,313086,323408,3.19
June 30 2017,Cowlitz,WA,Passenger,50,60,110,69643,69753,0.16
September 30 2017,Jefferson,WA,Passenger,114,65,179,24006,24185,0.74
January 31 2017,Montgomery,MD,Passenger,1,0,1,317,318,0.31
August 31 2017,Benton,WA,Truck,0,0,0,40167,40167,0
September 30 2023,Whatcom,WA,Truck,67,0,67,42610,42677,0.16
April 30 2022,Spokane,WA,Passenger,1506,809,2315,325171,327486,0.71
February 29 2024,Harnett,NC,Passenger,4,1,5,127,132,3.79
September 30 2021,Queens,NY,Passenger,2,0,2,49,51,3.92
September 30 2021,Greene,MO,Passenger,0,1,1,33,34,2.94
October 31 2017,Franklin,MA,Passenger,0,1,1,5,6,16.67
July 31 2022,Jefferson,WA,Passenger,443,220,663,24513,25176,2.63
April 30 2021,El Paso,CO,Passenger,3,1,4,705,709,0.56
May 31 2023,Henrico,VA,Passenger,0,1,1,8,9,11.11
October 31 2020,Bartow,GA,Passenger,0,1,1,5,6,16.67
August 31 2020,Owyhee,ID,Passenger,1,0,1,4,5,20
March 31 2022,El Paso,TX,Passenger,4,0,4,373,377,1.06
November 30 2021,Geary,KS,Passenger,1,0,1,99,100,1
June 30 2024,Spokane,WA,Passenger,3343,1630,4973,317502,322475,1.54
April 30 2023,Galveston,TX,Passenger,0,1,1,16,17,5.88
April 30 2019,Tarrant,TX,Passenger,3,0,3,205,208,1.44
June 30 2019,Camden,NJ,Passenger,0,1,1,24,25,4
August 31 2022,DuPage,IL,Passenger,2,1,3,47,50,6
October 31 2018,Fulton,GA,Passenger,1,3,4,109,113,3.54
January 31 2023,Kauai,HI,Passenger,1,1,2,15,17,11.76
December 31 2019,Stevens,WA,Truck,0,0,0,18756,18756,0
March 31 2019,Grant,WA,Truck,0,0,0,26329,26329,0
October 31 2020,Charleston,SC,Passenger,2,0,2,96,98,2.04
September 30 2018,Queens,NY,Passenger,1,0,1,62,63,1.59
December 31 2021,Kings,NY,Passenger,1,0,1,71,72,1.39
January 31 2019,Nueces,TX,Passenger,1,1,2,90,92,2.17
May 31 2023,Hudson,NJ,Passenger,2,0,2,19,21,9.52
April 30 2021,Richland,SC,Passenger,0,1,1,145,146,0.68
February 28 2023,Arlington,VA,Passenger,1,0,1,123,124,0.81
July 31 2019,Grant,WA,Passenger,43,61,104,65011,65115,0.16
May 31 2021,Island,WA,Truck,0,0,0,21567,21567,0
October 31 2022,Nueces,TX,Passenger,0,1,1,55,56,1.79
June 30 2024,Otero,NM,Passenger,0,1,1,19,20,5
December 31 2023,Leavenworth,KS,Passenger,0,1,1,78,79,1.27
December 31 2023,Escambia,FL,Passenger,0,1,1,123,124,0.81
September 30 2022,Anchorage,AK,Passenger,2,0,2,132,134,1.49
November 30 2021,Orange,FL,Passenger,2,0,2,115,117,1.71
January 31 2023,Rock Island,IL,Passenger,0,1,1,13,14,7.14
February 29 2020,Jones,GA,Passenger,1,0,1,1,2,50
February 28 2023,Marion,IA,Passenger,1,0,1,0,1,100
June 30 2017,Asotin,WA,Passenger,6,3,9,12420,12429,0.07
July 31 2020,Clark,NV,Passenger,3,3,6,707,713,0.84
May 31 2019,Clallam,WA,Truck,0,0,0,21741,21741,0
March 31 2018,Santa Rosa,FL,Passenger,1,0,1,102,103,0.97
February 29 2020,St. Mary's,MD,Passenger,1,0,1,207,208,0.48
February 29 2024,Yakima,WA,Passenger,685,310,995,166514,167509,0.59
October 31 2023,Hawaii,HI,Passenger,1,0,1,29,30,3.33
June 30 2021,Henrico,VA,Passenger,0,1,1,15,16,6.25
November 30 2023,Yakima,WA,Passenger,618,293,911,166510,167421,0.54
January 31 2020,Yakima,WA,Passenger,120,115,235,166204,166439,0.14
November 30 2020,Klickitat,WA,Passenger,62,42,104,14969,15073,0.69
July 31 2020,Travis,TX,Passenger,3,1,4,189,193,2.07
April 30 2017,Anne Arundel,MD,Passenger,0,1,1,500,501,0.2
November 30 2017,Sedgwick,KS,Passenger,0,1,1,107,108,0.93
June 30 2021,Harford,MD,Passenger,0,1,1,56,57,1.75
April 30 2020,St. Mary's,MD,Passenger,1,0,1,208,209,0.48
March 31 2024,Montgomery,OH,Passenger,0,1,1,37,38,2.63
March 31 2022,Greene,MO,Passenger,0,1,1,30,31,3.23
November 30 2021,Pierce,WA,Passenger,4127,2104,6231,556505,562736,1.11
July 31 2021,Cowlitz,WA,Truck,0,0,0,29100,29100,0
May 31 2018,Allegheny,PA,Passenger,1,0,1,81,82,1.22
September 30 2022,Garfield,WA,Truck,0,0,0,966,966,0
July 31 2020,Maui,HI,Passenger,2,0,2,36,38,5.26
June 30 2019,Vigo,IN,Passenger,1,0,1,6,7,14.29
December 31 2019,Loudoun,VA,Passenger,1,0,1,95,96,1.04
August 31 2020,Ventura,CA,Passenger,1,1,2,296,298,0.67
July 31 2021,Okaloosa,FL,Passenger,0,1,1,124,125,0.8
February 28 2023,Fairbanks North Star,AK,Passenger,0,1,1,66,67,1.49
December 31 2019,Santa Rosa,FL,Passenger,1,0,1,90,91,1.1
September 30 2017,Klickitat,WA,Truck,0,0,0,7980,7980,0
September 30 2023,Kittitas,WA,Truck,11,0,11,14615,14626,0.08
March 31 2022,Pinellas,FL,Passenger,0,1,1,92,93,1.08
April 30 2021,Spokane,WA,Passenger,1000,611,1611,324592,326203,0.49
May 31 2021,Collin,TX,Passenger,2,1,3,129,132,2.27
April 30 2023,Burlington,NJ,Passenger,2,2,4,92,96,4.17
November 30 2018,Cochise,AZ,Passenger,0,1,1,116,117,0.85
April 30 2018,Hamilton,IN,Passenger,1,0,1,47,48,2.08
June 30 2023,Mohave,AZ,Passenger,1,0,1,36,37,2.7
April 30 2020,Owyhee,ID,Passenger,1,0,1,4,5,20
December 31 2023,Larimer,CO,Passenger,1,0,1,20,21,4.76
July 31 2020,Bucks,PA,Passenger,1,0,1,24,25,4
January 31 2018,Pierce,WA,Truck,0,0,0,137104,137104,0
April 30 2023,Duval,FL,Passenger,1,0,1,274,275,0.36
February 28 2017,Fulton,GA,Passenger,1,1,2,127,129,1.55
November 30 2018,Walla Walla,WA,Truck,0,0,0,13518,13518,0
March 31 2017,Marion,OR,Passenger,1,0,1,200,201,0.5
April 30 2024,Albemarle,VA,Passenger,2,0,2,13,15,13.33
October 31 2021,Owyhee,ID,Passenger,1,0,1,3,4,25
March 31 2022,Clark,WA,Passenger,3742,1653,5395,317986,323381,1.67
January 31 2021,Loudoun,VA,Passenger,1,0,1,74,75,1.33
September 30 2023,Pulaski,AR,Passenger,2,0,2,19,21,9.52
July 31 2022,Multnomah,OR,Passenger,1,3,4,561,565,0.71
February 28 2022,Harnett,NC,Passenger,1,0,1,159,160,0.62
December 31 2020,Plaquemines,LA,Passenger,0,1,1,13,14,7.14
August 31 2018,Thurston,WA,Passenger,602,516,1118,194147,195265,0.57
August 31 2023,Skagit,WA,Truck,26,0,26,31819,31845,0.08
March 31 2018,Adams,WA,Truck,0,0,0,5149,5149,0
December 31 2019,Harrison,MS,Passenger,1,0,1,61,62,1.61
December 31 2019,Albemarle,VA,Passenger,1,0,1,26,27,3.7
March 31 2024,New Haven,CT,Passenger,0,2,2,20,22,9.09
November 30 2021,New York,NY,Passenger,2,0,2,45,47,4.26
May 31 2019,San Joaquin,CA,Passenger,1,0,1,140,141,0.71
June 30 2023,Newport,RI,Passenger,0,1,1,61,62,1.61
October 31 2017,Pinal,AZ,Passenger,2,0,2,225,227,0.88
October 31 2018,Hawaii,HI,Passenger,1,0,1,72,73,1.37
October 31 2019,Randolph,NC,Passenger,1,0,1,6,7,14.29
January 31 2017,Bexar,TX,Passenger,3,3,6,1264,1270,0.47
April 30 2020,Chelan,WA,Truck,0,0,0,22452,22452,0
February 29 2020,Klamath,OR,Passenger,1,0,1,39,40,2.5
July 31 2024,Jefferson,NY,Passenger,2,0,2,164,166,1.2
March 31 2023,Montgomery,AL,Passenger,1,0,1,36,37,2.7
March 31 2022,Douglas,CO,Passenger,0,1,1,88,89,1.12
June 30 2022,Sedgwick,KS,Passenger,0,1,1,77,78,1.28
March 31 2019,Santa Rosa,FL,Passenger,1,0,1,89,90,1.11
February 28 2023,Ulster,NY,Passenger,1,0,1,9,10,10
January 31 2020,Skagit,WA,Truck,1,0,1,32586,32587,0
August 31 2023,Harnett,NC,Passenger,4,1,5,134,139,3.6
July 31 2021,Dallas,TX,Passenger,1,0,1,167,168,0.6
June 30 2021,Eagle,CO,Passenger,1,0,1,8,9,11.11
May 31 2019,Oldham,KY,Passenger,0,1,1,5,6,16.67
October 31 2022,Cowlitz,WA,Truck,4,0,4,28421,28425,0.01
June 30 2021,Franklin,WA,Truck,0,0,0,20691,20691,0
May 31 2019,Camden,NJ,Passenger,0,1,1,23,24,4.17
June 30 2024,Columbia,GA,Passenger,1,0,1,70,71,1.41
January 31 2018,Frederick,MD,Passenger,0,1,1,89,90,1.11
March 31 2017,Nantucket,MA,Passenger,1,0,1,3,4,25
December 31 2020,Whatcom,WA,Truck,3,0,3,43533,43536,0.01
October 31 2021,Contra Costa,CA,Passenger,1,3,4,254,258,1.55
November 30 2018,Clay,FL,Passenger,0,1,1,90,91,1.1
February 28 2021,Douglas,NE,Passenger,1,1,2,56,58,3.45
August 31 2017,Lake,CA,Passenger,0,1,1,15,16,6.25
January 31 2023,Meade,KY,Passenger,1,0,1,20,21,4.76
January 31 2022,Williamsburg,VA,Passenger,0,1,1,6,7,14.29
April 30 2022,Sacramento,CA,Passenger,1,1,2,238,240,0.83
March 31 2022,Sumter,SC,Passenger,0,1,1,30,31,3.23
December 31 2022,Cass,MN,Passenger,0,1,1,2,3,33.33
June 30 2020,Jefferson,WA,Passenger,237,139,376,24784,25160,1.49
April 30 2019,Clallam,WA,Passenger,160,132,292,50457,50749,0.58
February 28 2018,Maui,HI,Passenger,1,0,1,66,67,1.49
April 30 2023,Virginia Beach,VA,Passenger,4,1,5,466,471,1.06
January 31 2023,Lincoln,WA,Truck,0,0,0,4839,4839,0
June 30 2024,Tom Green,TX,Passenger,0,1,1,18,19,5.26
January 31 2018,Wahkiakum,WA,Truck,0,0,0,1681,1681,0
April 30 2019,Kitsap,WA,Passenger,1007,575,1582,180139,181721,0.87
August 31 2020,Grays Harbor,WA,Truck,0,0,0,21025,21025,0
October 31 2020,Prince William,VA,Passenger,2,3,5,225,230,2.17
May 31 2022,Lake,IL,Passenger,3,0,3,154,157,1.91
July 31 2019,Dale,AL,Passenger,0,1,1,54,55,1.82
August 31 2022,Fort Bend,TX,Passenger,1,0,1,27,28,3.57
March 31 2021,Mason,WA,Passenger,185,135,320,47871,48191,0.66
March 31 2017,Adams,WA,Passenger,2,4,6,12106,12112,0.05
April 30 2017,Skamania,WA,Passenger,9,8,17,8518,8535,0.2
June 30 2022,St. Lawrence,NY,Passenger,1,0,1,5,6,16.67
February 28 2021,Asotin,WA,Truck,0,0,0,6691,6691,0
June 30 2017,Skagit,WA,Truck,1,0,1,31451,31452,0
April 30 2020,Montgomery,TX,Passenger,1,0,1,56,57,1.75
February 29 2020,Mercer,NJ,Passenger,0,1,1,16,17,5.88
September 30 2022,Garfield,WA,Passenger,1,3,4,1313,1317,0.3
May 31 2017,Skagit,WA,Truck,1,0,1,31383,31384,0
June 30 2022,Yavapai,AZ,Passenger,0,1,1,30,31,3.23
January 31 2023,Washington,MD,Passenger,2,0,2,14,16,12.5
November 30 2021,Solano,CA,Passenger,1,0,1,183,184,0.54
April 30 2017,Walla Walla,WA,Truck,0,0,0,13176,13176,0
November 30 2022,Onslow,NC,Passenger,0,1,1,163,164,0.61
October 31 2017,Montgomery,TN,Passenger,1,0,1,276,277,0.36
April 30 2022,Hamilton,IN,Passenger,1,0,1,29,30,3.33
December 31 2020,King,WA,Truck,6,1,7,184295,184302,0
February 29 2024,San Juan,WA,Truck,31,0,31,5883,5914,0.52
February 28 2021,Jefferson,WA,Passenger,296,168,464,24769,25233,1.84
January 31 2017,San Juan,WA,Passenger,84,31,115,13348,13463,0.85
August 31 2020,Broward,FL,Passenger,2,1,3,114,117,2.56
January 31 2024,Tooele,UT,Passenger,2,0,2,9,11,18.18
February 28 2017,Jefferson,WA,Passenger,89,55,144,23601,23745,0.61
May 31 2022,Pennington,SD,Passenger,2,0,2,27,29,6.9
October 31 2023,Onslow,NC,Passenger,0,1,1,135,136,0.74
June 30 2022,Cass,MN,Passenger,0,1,1,3,4,25
September 30 2018,Garfield,WA,Passenger,1,1,2,1320,1322,0.15
July 31 2023,Deschutes,OR,Passenger,2,0,2,76,78,2.56
September 30 2020,Collier,FL,Passenger,1,0,1,22,23,4.35
May 31 2022,Wood,OH,Passenger,0,1,1,6,7,14.29
March 31 2018,Volusia,FL,Passenger,0,1,1,35,36,2.78
June 30 2023,Randolph,NC,Passenger,1,0,1,2,3,33.33
July 31 2019,Clark,WA,Passenger,1588,945,2533,314826,317359,0.8
March 31 2018,Whitman,WA,Passenger,18,23,41,22489,22530,0.18
April 30 2023,San Juan,WA,Truck,12,0,12,5934,5946,0.2
December 31 2023,Yolo,CA,Passenger,2,0,2,22,24,8.33
May 31 2019,Pierce,WA,Passenger,1751,1519,3270,541802,545072,0.6
January 31 2024,Pacific,WA,Passenger,98,100,198,15551,15749,1.26
May 31 2021,Ventura,CA,Passenger,1,2,3,288,291,1.03
February 29 2020,Sacramento,CA,Passenger,1,1,2,296,298,0.67
May 31 2020,Fairfax,VA,Passenger,5,2,7,746,753,0.93
October 31 2022,Henrico,VA,Passenger,0,1,1,11,12,8.33
September 30 2019,Whatcom,WA,Passenger,923,460,1383,151267,152650,0.91
February 28 2023,Clark,NV,Passenger,10,3,13,491,504,2.58
November 30 2019,Ramsey,MN,Passenger,1,0,1,47,48,2.08
March 31 2020,Alexandria,VA,Passenger,1,0,1,141,142,0.7
October 31 2021,Sedgwick,KS,Passenger,0,1,1,82,83,1.2
October 31 2022,Lincoln,WA,Truck,0,0,0,4852,4852,0
September 30 2022,Hawaii,HI,Passenger,1,0,1,39,40,2.5
July 31 2023,Benton,WA,Passenger,1172,578,1750,135234,136984,1.28
November 30 2017,Bexar,TX,Passenger,1,1,2,832,834,0.24
May 31 2021,Clark,NV,Passenger,6,3,9,663,672,1.34
July 31 2023,Prince William,VA,Passenger,1,4,5,166,171,2.92
February 29 2024,Sonoma,CA,Passenger,2,1,3,61,64,4.69
March 31 2024,Skamania,WA,Passenger,143,56,199,7924,8123,2.45
September 30 2020,Solano,CA,Passenger,1,0,1,209,210,0.48
April 30 2017,San Mateo,CA,Passenger,0,1,1,158,159,0.63
January 31 2022,New York,NY,Passenger,2,0,2,44,46,4.35
July 31 2023,Sarpy,NE,Passenger,1,0,1,58,59,1.69
June 30 2020,Douglas,WA,Passenger,71,40,111,27993,28104,0.39
January 31 2022,Whitman,WA,Truck,0,0,0,8559,8559,0
November 30 2019,Ferry,WA,Truck,0,0,0,3582,3582,0
November 30 2019,Henrico,VA,Passenger,0,1,1,20,21,4.76
September 30 2019,San Juan,WA,Passenger,229,73,302,14426,14728,2.05
March 31 2019,Manatee,FL,Passenger,1,0,1,36,37,2.7
September 30 2018,Morris,NJ,Passenger,1,0,1,17,18,5.56
December 31 2019,Osceola,FL,Passenger,1,0,1,45,46,2.17
February 28 2023,Allen,IN,Passenger,1,0,1,18,19,5.26
June 30 2024,Lincoln,WA,Passenger,25,27,52,7452,7504,0.69
September 30 2023,Kern,CA,Passenger,1,1,2,168,170,1.18
April 30 2018,Stevens,WA,Truck,0,0,0,18504,18504,0
January 31 2019,Palm Beach,FL,Passenger,0,2,2,91,93,2.15
May 31 2018,Mercer,NJ,Passenger,0,1,1,18,19,5.26
November 30 2023,Essex,NJ,Passenger,2,0,2,8,10,20
November 30 2023,Mohave,AZ,Passenger,1,0,1,32,33,3.03
December 31 2020,Albemarle,VA,Passenger,1,0,1,22,23,4.35
June 30 2021,Wilson,TX,Passenger,0,1,1,4,5,20
August 31 2017,Douglas,WA,Passenger,35,27,62,26834,26896,0.23
August 31 2023,Lewis,WA,Truck,8,0,8,25881,25889,0.03
November 30 2017,Shelby,TN,Passenger,0,1,1,106,107,0.93
September 30 2021,Denton,TX,Passenger,1,0,1,80,81,1.23
January 31 2022,San Luis Obispo,CA,Passenger,1,0,1,64,65,1.54
May 31 2024,DeKalb,GA,Passenger,1,0,1,30,31,3.23
September 30 2020,RÃ­o Grande,PR,Passenger,1,0,1,1,2,50
November 30 2023,Thurston,WA,Passenger,3683,1367,5050,189683,194733,2.59
February 28 2019,El Paso,CO,Passenger,3,3,6,767,773,0.78
January 31 2023,Kern,CA,Passenger,1,1,2,204,206,0.97
April 30 2024,San Diego,CA,Truck,1,0,1,389,390,0.26
February 28 2023,Skamania,WA,Truck,1,0,1,3873,3874,0.03
May 31 2018,Clay,FL,Passenger,0,1,1,94,95,1.05
June 30 2024,Middlesex,NJ,Passenger,1,0,1,19,20,5
July 31 2024,Gwinnett,GA,Passenger,1,0,1,36,37,2.7
April 30 2022,Penobscot,ME,Passenger,0,1,1,6,7,14.29
April 30 2023,San Juan,WA,Passenger,600,175,775,13813,14588,5.31
July 31 2021,Riverside,CA,Passenger,5,1,6,573,579,1.04
January 31 2021,Utah,UT,Passenger,0,1,1,138,139,0.72
February 28 2019,Mecklenburg,NC,Passenger,1,0,1,82,83,1.2
February 29 2020,Adams,WA,Truck,0,0,0,5219,5219,0
October 31 2021,Santa Clara,CA,Passenger,9,2,11,271,282,3.9
February 29 2020,Benton,WA,Truck,0,0,0,42566,42566,0
May 31 2019,Pacific,WA,Truck,0,0,0,7654,7654,0
July 31 2021,Pend Oreille,WA,Truck,0,0,0,5743,5743,0
September 30 2019,Portsmouth,VA,Passenger,0,1,1,77,78,1.28
January 31 2023,Monterey,CA,Passenger,0,4,4,147,151,2.65
November 30 2018,Dale,AL,Passenger,0,1,1,54,55,1.82
November 30 2018,Jefferson,WA,Passenger,169,104,273,24791,25064,1.09
November 30 2020,Clark,NV,Passenger,4,3,7,693,700,1
May 31 2023,Placer,CA,Passenger,1,0,1,68,69,1.45
June 30 2024,Cumberland,NC,Passenger,3,2,5,268,273,1.83
May 31 2022,Flathead,MT,Passenger,1,0,1,38,39,2.56
January 31 2023,Grant,WA,Truck,5,0,5,28009,28014,0.02
August 31 2023,Whatcom,WA,Truck,66,0,66,42640,42706,0.15
June 30 2022,San Juan,WA,Passenger,513,157,670,14050,14720,4.55
June 30 2019,Wahkiakum,WA,Truck,0,0,0,1754,1754,0
November 30 2018,Ferry,WA,Passenger,3,2,5,4386,4391,0.11
April 30 2019,Harnett,NC,Passenger,1,1,2,218,220,0.91
December 31 2017,Ramsey,MN,Passenger,1,0,1,41,42,2.38
July 31 2018,Montgomery,PA,Passenger,2,0,2,33,35,5.71
September 30 2018,Marion,IN,Passenger,1,0,1,120,121,0.83
February 28 2023,Carroll,MD,Passenger,0,1,1,21,22,4.55
September 30 2017,Asotin,WA,Truck,0,0,0,6504,6504,0
May 31 2017,Clallam,WA,Truck,0,0,0,20957,20957,0
March 31 2021,Garfield,WA,Passenger,0,2,2,1360,1362,0.15
June 30 2018,Prince George's,MD,Passenger,1,1,2,186,188,1.06
October 31 2019,Lake,IL,Passenger,1,0,1,178,179,0.56
August 31 2023,Duval,FL,Passenger,1,0,1,250,251,0.4
January 31 2023,Pima,AZ,Passenger,1,0,1,238,239,0.42
August 31 2019,Nassau,NY,Passenger,4,0,4,44,48,8.33
July 31 2024,Pulaski,MO,Passenger,2,0,2,81,83,2.41
January 31 2022,Wilson,TX,Passenger,0,1,1,3,4,25
April 30 2021,Clinton,PA,Passenger,1,0,1,0,1,100
December 31 2018,Douglas,WA,Passenger,50,34,84,28002,28086,0.3
December 31 2022,Jefferson,WA,Truck,6,0,6,9356,9362,0.06
March 31 2021,Chesapeake,VA,Passenger,0,2,2,419,421,0.48
February 28 2022,Santa Cruz,CA,Passenger,1,0,1,28,29,3.45
December 31 2022,Arapahoe,CO,Passenger,0,1,1,89,90,1.11
November 30 2021,Collier,FL,Passenger,1,0,1,19,20,5
January 31 2019,Douglas,NE,Passenger,0,1,1,68,69,1.45
November 30 2020,Sumter,FL,Passenger,0,1,1,11,12,8.33
February 28 2021,RÃ­o Grande,PR,Passenger,1,0,1,1,2,50
September 30 2023,Whatcom,WA,Passenger,2735,965,3700,147932,151632,2.44
March 31 2023,Pend Oreille,WA,Passenger,28,13,41,8911,8952,0.46
June 30 2023,Deschutes,OR,Passenger,2,0,2,77,79,2.53
July 31 2021,Pacific,WA,Truck,0,0,0,7954,7954,0
October 31 2023,Galveston,TX,Passenger,0,1,1,14,15,6.67
October 31 2023,Kootenai,ID,Passenger,0,2,2,108,110,1.82
October 31 2022,Flathead,MT,Passenger,1,0,1,33,34,2.94
April 30 2017,Arlington,VA,Passenger,1,1,2,171,173,1.16
April 30 2018,Grant,WA,Passenger,31,42,73,62795,62868,0.12
June 30 2022,St. Louis,MO,Passenger,2,0,2,68,70,2.86
March 31 2021,Placer,CA,Passenger,2,0,2,86,88,2.27
March 31 2021,Hudson,NJ,Passenger,1,0,1,42,43,2.33
September 30 2019,Spartanburg,SC,Passenger,0,1,1,44,45,2.22
April 30 2020,Fairfax,VA,Passenger,5,2,7,752,759,0.92
June 30 2018,Pacific,WA,Truck,0,0,0,7595,7595,0
September 30 2017,Latah,ID,Passenger,0,1,1,94,95,1.05
May 31 2021,Grays Harbor,WA,Passenger,161,139,300,49335,49635,0.6
October 31 2018,Clay,FL,Passenger,0,1,1,93,94,1.06
March 31 2021,Adams,WA,Passenger,10,7,17,12986,13003,0.13
May 31 2023,Salt Lake,UT,Passenger,3,1,4,126,130,3.08
October 31 2018,Douglas,NE,Passenger,0,1,1,70,71,1.41
August 31 2019,Twin Falls,ID,Passenger,0,1,1,28,29,3.45
April 30 2023,Virginia Beach,VA,Truck,1,0,1,113,114,0.88
February 29 2020,Island,WA,Passenger,400,264,664,63376,64040,1.04
November 30 2019,Columbia,WA,Passenger,3,2,5,2443,2448,0.2
March 31 2022,New York,NY,Passenger,2,0,2,44,46,4.35
June 30 2019,Mecklenburg,NC,Passenger,1,0,1,90,91,1.1
May 31 2023,Bartow,GA,Passenger,0,1,1,4,5,20
August 31 2021,Frederick,MD,Passenger,1,1,2,66,68,2.94
September 30 2020,Montgomery,OH,Passenger,0,1,1,47,48,2.08
September 30 2023,Shelby,AL,Passenger,1,0,1,5,6,16.67
July 31 2019,King,WA,Truck,5,1,6,182216,182222,0
December 31 2021,Mason,WA,Passenger,265,156,421,47725,48146,0.87
September 30 2021,Honolulu,HI,Passenger,5,3,8,418,426,1.88
March 31 2019,Arlington,VA,Passenger,1,2,3,165,168,1.79
August 31 2022,Franklin,WA,Truck,2,0,2,20882,20884,0.01
August 31 2021,Skagit,WA,Truck,1,0,1,32947,32948,0
December 31 2023,Sonoma,CA,Passenger,2,1,3,62,65,4.62
February 28 2017,Bexar,TX,Passenger,1,2,3,1165,1168,0.26
May 31 2023,Garfield,WA,Passenger,1,3,4,1306,1310,0.31
April 30 2018,Marin,CA,Passenger,1,0,1,58,59,1.69
January 31 2023,Grays Harbor,WA,Truck,2,0,2,21038,21040,0.01
September 30 2023,Mercer,NJ,Passenger,0,1,1,10,11,9.09
March 31 2022,Kitsap,WA,Passenger,2273,1005,3278,178853,182131,1.8
June 30 2020,DuPage,IL,Passenger,4,0,4,62,66,6.06
September 30 2019,Garfield,WA,Passenger,0,1,1,1309,1310,0.08
February 28 2021,Loudoun,VA,Passenger,1,0,1,73,74,1.35
April 30 2017,Honolulu,HI,Passenger,4,2,6,614,620,0.97
July 31 2024,Currituck,NC,Passenger,1,0,1,15,16,6.25
May 31 2024,Lake,IN,Passenger,0,1,1,4,5,20
September 30 2020,Carroll,NH,Passenger,0,1,1,4,5,20
July 31 2021,Whitman,WA,Passenger,61,49,110,21907,22017,0.5
January 31 2017,,,Passenger,2,0,2,485,487,0.41
February 29 2020,Lincoln,WA,Passenger,1,12,13,7779,7792,0.17
July 31 2021,Lewis,WA,Passenger,165,146,311,59615,59926,0.52
March 31 2019,Pend Oreille,WA,Truck,0,0,0,5723,5723,0
June 30 2018,Orange,CA,Passenger,4,1,5,573,578,0.87
January 31 2024,Denton,TX,Passenger,1,0,1,39,40,2.5
September 30 2018,Hawaii,HI,Passenger,1,0,1,75,76,1.32
October 31 2022,Rockdale,GA,Passenger,1,0,1,7,8,12.5
October 31 2023,Grant,WA,Passenger,347,152,499,67358,67857,0.74
October 31 2023,Benton,WA,Passenger,1313,635,1948,135379,137327,1.42
August 31 2020,Grays Harbor,WA,Passenger,111,116,227,48339,48566,0.47
August 31 2017,Kitsap,WA,Truck,1,0,1,52569,52570,0
January 31 2018,Cook,IL,Passenger,1,0,1,287,288,0.35
December 31 2022,Fairfax,VA,Truck,1,0,1,103,104,0.96
September 30 2019,Columbia,WA,Truck,0,0,0,1536,1536,0
February 28 2023,Fairfax,VA,Passenger,8,2,10,616,626,1.6
October 31 2022,DeKalb,GA,Passenger,1,0,1,50,51,1.96
September 30 2019,Douglas,NE,Passenger,0,1,1,63,64,1.56
June 30 2019,Multnomah,OR,Passenger,5,5,10,758,768,1.3
February 28 2018,Nantucket,MA,Passenger,1,0,1,4,5,20
August 31 2017,Travis,TX,Passenger,1,1,2,200,202,0.99
April 30 2024,Garfield,OK,Passenger,1,0,1,14,15,6.67
July 31 2021,Ray,MO,Passenger,0,1,1,1,2,50
June 30 2023,King,WA,Truck,726,2,728,175414,176142,0.41
June 30 2021,Clallam,WA,Truck,1,0,1,22010,22011,0
April 30 2020,Lincoln,WA,Passenger,4,12,16,7673,7689,0.21
April 30 2024,Adams,WA,Passenger,34,16,50,13076,13126,0.38
January 31 2019,Cochise,AZ,Passenger,0,1,1,117,118,0.85
April 30 2019,Albemarle,VA,Passenger,1,0,1,26,27,3.7
August 31 2021,Montgomery,TX,Passenger,1,1,2,46,48,4.17
December 31 2019,Alexandria,VA,Passenger,1,0,1,147,148,0.68
June 30 2023,Harrison,MS,Passenger,1,0,1,33,34,2.94
June 30 2023,Stevens,WA,Passenger,113,66,179,29632,29811,0.6
September 30 2019,Kittitas,WA,Truck,0,0,0,14570,14570,0
April 30 2024,Lincoln,WA,Truck,1,0,1,4779,4780,0.02
August 31 2022,Riverside,CA,Passenger,7,1,8,487,495,1.62
July 31 2018,Monroe,IL,Passenger,1,0,1,4,5,20
August 31 2022,King,WA,Passenger,42900,11626,54526,1342653,1397179,3.9
February 29 2020,Klickitat,WA,Truck,0,0,0,8297,8297,0
June 30 2019,Columbia,WA,Truck,0,0,0,1532,1532,0
March 31 2024,Pima,AZ,Passenger,1,0,1,162,163,0.61
May 31 2022,Fulton,GA,Passenger,1,1,2,77,79,2.53
December 31 2022,Placer,CA,Passenger,2,0,2,70,72,2.78
December 31 2020,Walla Walla,WA,Passenger,98,67,165,36115,36280,0.45
September 30 2022,Mohave,AZ,Passenger,1,0,1,46,47,2.13
August 31 2021,Lee,FL,Passenger,1,0,1,37,38,2.63
May 31 2021,Sedgwick,KS,Passenger,0,1,1,89,90,1.11
July 31 2021,Pierce,WA,Passenger,3635,2012,5647,558925,564572,1
February 29 2024,Klickitat,WA,Passenger,192,77,269,15077,15346,1.75
November 30 2019,San Diego,CA,Passenger,10,4,14,2796,2810,0.5
July 31 2024,Bexar,TX,Passenger,2,1,3,287,290,1.03
April 30 2017,Marin,CA,Passenger,1,0,1,60,61,1.64
April 30 2024,Lake,IL,Passenger,6,0,6,111,117,5.13
February 28 2022,Harford,MD,Passenger,1,1,2,50,52,3.85
April 30 2020,Klickitat,WA,Passenger,53,41,94,15418,15512,0.61
November 30 2020,Ferry,WA,Truck,0,0,0,3600,3600,0
December 31 2018,Klamath,OR,Passenger,1,0,1,39,40,2.5
September 30 2023,Laramie,WY,Passenger,1,0,1,25,26,3.85
December 31 2022,Virginia Beach,VA,Truck,1,0,1,116,117,0.85
June 30 2017,Monterey,CA,Passenger,0,1,1,211,212,0.47
November 30 2020,Ventura,CA,Passenger,1,1,2,290,292,0.68
June 30 2023,Ventura,CA,Passenger,2,3,5,234,239,2.09
January 31 2021,St. Mary's,MD,Passenger,1,0,1,211,212,0.47
August 31 2021,Collin,TX,Passenger,3,1,4,122,126,3.17
September 30 2022,Plaquemines,LA,Passenger,1,1,2,19,21,9.52
May 31 2023,Franklin,WA,Truck,4,0,4,20845,20849,0.02
November 30 2021,Ferry,WA,Truck,0,0,0,3602,3602,0
November 30 2017,Clallam,WA,Passenger,98,86,184,48869,49053,0.38
July 31 2020,Lewis,WA,Passenger,107,117,224,58121,58345,0.38
December 31 2019,Duval,FL,Passenger,1,2,3,368,371,0.81
January 31 2017,Clackamas,OR,Passenger,1,2,3,427,430,0.7
July 31 2022,Lane,OR,Passenger,0,2,2,107,109,1.83
November 30 2022,Danville,VA,Passenger,1,0,1,0,1,100
October 31 2021,Shelby,OH,Passenger,0,1,1,4,5,20
July 31 2020,Deschutes,OR,Passenger,3,0,3,146,149,2.01
February 28 2018,Orleans,LA,Passenger,0,1,1,47,48,2.08
April 30 2022,Galveston,TX,Passenger,0,1,1,20,21,4.76
November 30 2023,Solano,CA,Passenger,5,0,5,132,137,3.65
July 31 2017,El Paso,CO,Passenger,2,1,3,793,796,0.38
November 30 2020,Charleston,SC,Passenger,2,0,2,96,98,2.04
July 31 2023,Maricopa,AZ,Passenger,13,6,19,764,783,2.43
May 31 2022,Kern,CA,Passenger,0,1,1,196,197,0.51
April 30 2023,Mohave,AZ,Passenger,1,0,1,40,41,2.44
March 31 2024,Madison,IL,Passenger,2,0,2,14,16,12.5
May 31 2020,Klickitat,WA,Passenger,53,40,93,15266,15359,0.61
June 30 2019,Dakota,MN,Passenger,0,1,1,35,36,2.78
July 31 2020,Clackamas,OR,Passenger,2,0,2,198,200,1
April 30 2018,Cook,IL,Passenger,1,0,1,275,276,0.36
August 31 2023,Whitman,WA,Passenger,171,81,252,21951,22203,1.13
October 31 2020,Douglas,WA,Passenger,81,43,124,28062,28186,0.44
January 31 2022,Pierce,WA,Truck,0,0,0,144280,144280,0
August 31 2018,Klamath,OR,Passenger,1,0,1,37,38,2.63
August 31 2021,Alexandria,VA,Passenger,3,0,3,127,130,2.31
November 30 2019,New Haven,CT,Passenger,0,2,2,46,48,4.17
December 31 2018,Deschutes,OR,Passenger,3,0,3,177,180,1.67
May 31 2018,Ada,ID,Passenger,0,2,2,344,346,0.58
May 31 2024,Galveston,TX,Passenger,0,1,1,14,15,6.67
August 31 2018,Kootenai,ID,Passenger,0,1,1,224,225,0.44
November 30 2021,Henrico,VA,Passenger,0,1,1,14,15,6.67
March 31 2017,Thurston,WA,Passenger,364,313,677,185358,186035,0.36
June 30 2022,Skamania,WA,Truck,0,0,0,3965,3965,0
November 30 2023,Hoke,NC,Passenger,1,0,1,61,62,1.61
January 31 2021,Douglas,WA,Passenger,85,46,131,28193,28324,0.46
May 31 2021,Kauai,HI,Passenger,1,0,1,19,20,5
October 31 2022,Lake,FL,Passenger,1,0,1,20,21,4.76
February 28 2023,Tom Green,TX,Passenger,0,1,1,19,20,5
May 31 2020,Twin Falls,ID,Passenger,0,1,1,29,30,3.33
June 30 2023,Geary,KS,Passenger,1,0,1,71,72,1.39
November 30 2018,Eagle,CO,Passenger,1,0,1,5,6,16.67
July 31 2019,Pacific,WA,Passenger,24,30,54,16023,16077,0.34
May 31 2017,Nueces,TX,Passenger,0,1,1,98,99,1.01
April 30 2022,Kern,CA,Passenger,0,1,1,198,199,0.5
January 31 2020,Santa Rosa,FL,Passenger,1,0,1,90,91,1.1
October 31 2022,Kootenai,ID,Passenger,0,1,1,155,156,0.64
January 31 2024,Lee,AL,Passenger,1,0,1,13,14,7.14
November 30 2021,Bartow,GA,Passenger,0,1,1,4,5,20
July 31 2022,Kittitas,WA,Passenger,277,86,363,29663,30026,1.21
October 31 2023,San Joaquin,CA,Passenger,1,1,2,70,72,2.78
June 30 2023,Philadelphia,PA,Passenger,0,1,1,42,43,2.33
October 31 2020,Suffolk,MA,Passenger,0,2,2,39,41,4.88
February 28 2021,Ulster,NY,Passenger,1,0,1,12,13,7.69
May 31 2020,Carson City,NV,Passenger,1,0,1,10,11,9.09
August 31 2019,Franklin,MA,Passenger,0,1,1,2,3,33.33
May 31 2024,Spokane,WA,Truck,103,0,103,100703,100806,0.1
July 31 2024,Okanogan,WA,Passenger,187,87,274,25164,25438,1.08
February 29 2020,Lewis,WA,Passenger,108,107,215,59563,59778,0.36
June 30 2023,Kootenai,ID,Passenger,0,2,2,123,125,1.6
August 31 2019,Santa Cruz,CA,Passenger,1,0,1,40,41,2.44
June 30 2020,Williamson,TX,Passenger,0,2,2,149,151,1.32
August 31 2022,Pulaski,AR,Passenger,1,0,1,30,31,3.23
June 30 2019,Sarasota,FL,Passenger,1,0,1,33,34,2.94
September 30 2023,Yellowstone,MT,Passenger,0,1,1,13,14,7.14
April 30 2018,Island,WA,Passenger,184,178,362,62239,62601,0.58
September 30 2017,Dallas,TX,Passenger,0,1,1,186,187,0.53
September 30 2021,Escambia,FL,Passenger,0,1,1,149,150,0.67
January 31 2021,District of Columbia,DC,Passenger,2,1,3,184,187,1.6
March 31 2017,Franklin,OH,Passenger,0,1,1,117,118,0.85
April 30 2022,Coryell,TX,Passenger,1,0,1,104,105,0.95
February 29 2024,Kings,NY,Passenger,2,0,2,32,34,5.88
May 31 2021,Suffolk,MA,Passenger,0,2,2,36,38,5.26
June 30 2017,Whatcom,WA,Truck,2,0,2,41615,41617,0
November 30 2023,El Paso,CO,Passenger,5,2,7,469,476,1.47
July 31 2022,Wahkiakum,WA,Truck,0,0,0,1799,1799,0
July 31 2022,Burlington,NJ,Passenger,0,2,2,100,102,1.96
January 31 2024,Otero,NM,Passenger,0,1,1,23,24,4.17
September 30 2023,Kootenai,ID,Truck,1,0,1,26,27,3.7
January 31 2021,Shelby,OH,Passenger,0,1,1,3,4,25
July 31 2022,Cass,MN,Passenger,0,1,1,3,4,25
May 31 2023,Clallam,WA,Truck,19,0,19,21748,21767,0.09
February 28 2017,Northampton,PA,Passenger,2,0,2,231,233,0.86
August 31 2017,Latah,ID,Passenger,0,1,1,95,96,1.04
May 31 2020,Putnam,TN,Passenger,0,1,1,3,4,25
January 31 2024,Wilson,TX,Passenger,0,1,1,3,4,25
June 30 2018,Douglas,WA,Passenger,43,31,74,27649,27723,0.27
November 30 2018,Ferry,WA,Truck,0,0,0,3581,3581,0
July 31 2024,Newport,RI,Passenger,0,2,2,47,49,4.08
August 31 2018,Brevard,FL,Passenger,0,1,1,94,95,1.05
July 31 2019,Garfield,WA,Truck,0,0,0,959,959,0
October 31 2020,Garfield,WA,Truck,0,0,0,989,989,0
March 31 2019,Skagit,WA,Passenger,282,189,471,91316,91787,0.51
September 30 2019,San Juan,WA,Truck,0,0,0,5915,5915,0
July 31 2019,Allegheny,PA,Passenger,2,0,2,87,89,2.25
July 31 2023,New London,CT,Passenger,2,3,5,174,179,2.79
February 28 2022,Queens,NY,Passenger,1,0,1,53,54,1.85
March 31 2018,Hawaii,HI,Passenger,1,0,1,83,84,1.19
May 31 2018,St. Lucie,FL,Passenger,1,0,1,26,27,3.7
August 31 2023,Bell,TX,Passenger,2,0,2,255,257,0.78
April 30 2019,King,WA,Passenger,18275,6869,25144,1383458,1408602,1.79
March 31 2020,Thurston,WA,Passenger,1129,727,1856,198434,200290,0.93
March 31 2019,Bergen,NJ,Passenger,1,0,1,25,26,3.85
September 30 2020,Monroe,IL,Passenger,1,0,1,2,3,33.33
October 31 2022,Riverside,CA,Passenger,7,0,7,480,487,1.44
April 30 2022,Salt Lake,UT,Passenger,2,1,3,161,164,1.83
December 31 2019,Powhatan,VA,Passenger,1,0,1,1,2,50
April 30 2022,Sumter,SC,Passenger,0,1,1,29,30,3.33
December 31 2023,York,VA,Passenger,1,0,1,65,66,1.52
October 31 2021,Onslow,NC,Passenger,0,1,1,167,168,0.6
January 31 2023,Lee,AL,Passenger,1,0,1,17,18,5.56
June 30 2018,Kitsap,WA,Passenger,796,460,1256,178493,179749,0.7
March 31 2022,Lewis,WA,Passenger,224,166,390,59420,59810,0.65
December 31 2019,Ventura,CA,Passenger,0,2,2,317,319,0.63
October 31 2018,Multnomah,OR,Passenger,3,4,7,774,781,0.9
March 31 2023,Okanogan,WA,Truck,3,0,3,16484,16487,0.02
May 31 2018,Lumpkin,GA,Passenger,1,0,1,7,8,12.5
February 29 2020,Lincoln,WA,Truck,0,0,0,4654,4654,0
December 31 2022,Alexandria,VA,Passenger,3,0,3,105,108,2.78
December 31 2020,Pinellas,FL,Passenger,1,1,2,107,109,1.83
March 31 2020,Kittitas,WA,Truck,0,0,0,14622,14622,0
July 31 2021,Allegheny,PA,Passenger,2,1,3,78,81,3.7
March 31 2020,Greene,MO,Passenger,0,1,1,33,34,2.94
January 31 2022,Juneau,AK,Passenger,0,1,1,33,34,2.94
October 31 2022,Spokane,WA,Passenger,1832,909,2741,323840,326581,0.84
January 31 2021,Charleston,SC,Passenger,2,0,2,90,92,2.17
January 31 2019,,,Passenger,3,2,5,423,428,1.17
November 30 2019,Larimer,CO,Passenger,1,0,1,53,54,1.85
January 31 2020,Skagit,WA,Passenger,380,215,595,92598,93193,0.64
May 31 2023,Whatcom,WA,Truck,57,0,57,42718,42775,0.13
January 31 2017,Alameda,CA,Passenger,6,1,7,403,410,1.71
August 31 2019,Hillsborough,FL,Passenger,0,1,1,208,209,0.48
February 28 2022,San Francisco,CA,Passenger,1,1,2,99,101,1.98
February 28 2022,Greene,MO,Passenger,0,1,1,30,31,3.23
March 31 2023,Randolph,NC,Passenger,1,0,1,2,3,33.33
September 30 2021,Garfield,WA,Passenger,0,3,3,1360,1363,0.22
August 31 2020,Grant,WA,Truck,0,0,0,27228,27228,0
November 30 2021,Thurston,WA,Passenger,1840,949,2789,196668,199457,1.4
September 30 2019,Carson City,NV,Passenger,1,0,1,10,11,9.09
July 31 2021,Prince William,VA,Passenger,1,3,4,210,214,1.87
June 30 2022,Mohave,AZ,Passenger,1,0,1,48,49,2.04
November 30 2018,Montgomery,PA,Passenger,2,0,2,34,36,5.56
March 31 2017,DeKalb,IN,Passenger,1,0,1,1,2,50
June 30 2022,Benton,WA,Passenger,749,460,1209,135184,136393,0.89
September 30 2019,Maricopa,AZ,Passenger,7,6,13,1623,1636,0.79
February 28 2018,Orange,CA,Passenger,3,1,4,591,595,0.67
September 30 2018,Clallam,WA,Truck,0,0,0,21491,21491,0
March 31 2022,Washtenaw,MI,Passenger,0,1,1,31,32,3.12
April 30 2021,Burlington,NJ,Passenger,0,1,1,129,130,0.77
January 31 2017,Fairfax,VA,Passenger,3,2,5,879,884,0.57
April 30 2021,Skagit,WA,Passenger,564,268,832,91898,92730,0.9
January 31 2023,Ferry,WA,Truck,0,0,0,3555,3555,0
September 30 2023,Middlesex,MA,Passenger,2,0,2,80,82,2.44
July 31 2023,Garfield,WA,Passenger,0,3,3,1301,1304,0.23
February 28 2017,Missoula,MT,Passenger,1,0,1,80,81,1.23
April 30 2017,Jefferson,WA,Truck,0,0,0,9439,9439,0
June 30 2023,Yavapai,AZ,Passenger,0,1,1,21,22,4.55
December 31 2018,Frederick,MD,Passenger,0,1,1,76,77,1.3
November 30 2019,Vigo,IN,Passenger,1,0,1,6,7,14.29
April 30 2019,Eagle,CO,Passenger,1,0,1,6,7,14.29
August 31 2022,Kauai,HI,Passenger,1,0,1,16,17,5.88
July 31 2022,El Paso,CO,Passenger,3,3,6,620,626,0.96
June 30 2019,Duval,FL,Passenger,1,2,3,378,381,0.79
June 30 2023,Klickitat,WA,Passenger,151,64,215,15121,15336,1.4
August 31 2020,Washtenaw,MI,Passenger,1,1,2,37,39,5.13
November 30 2017,Portsmouth,VA,Passenger,0,1,1,64,65,1.54
February 29 2020,Hawaii,HI,Passenger,1,0,1,65,66,1.52
April 30 2021,Morris,NJ,Passenger,1,0,1,15,16,6.25
March 31 2024,Snohomish,WA,Passenger,17516,3826,21342,524542,545884,3.91
January 31 2020,Franklin,WA,Truck,0,0,0,19846,19846,0
June 30 2024,Jefferson,KY,Passenger,1,0,1,30,31,3.23
May 31 2021,Louisa,VA,Passenger,0,1,1,1,2,50
February 28 2021,Carson City,NV,Passenger,1,0,1,12,13,7.69
December 31 2019,Whatcom,WA,Passenger,988,477,1465,151626,153091,0.96
January 31 2019,Prince William,VA,Passenger,0,5,5,254,259,1.93
January 31 2024,Pitt,NC,Passenger,0,1,1,6,7,14.29
November 30 2020,Columbia,WA,Passenger,4,3,7,2437,2444,0.29
November 30 2021,Moore,NC,Passenger,0,1,1,121,122,0.82
May 31 2020,San Joaquin,CA,Passenger,1,0,1,134,135,0.74
February 28 2019,Polk,FL,Passenger,1,0,1,71,72,1.39
August 31 2021,Manassas,VA,Passenger,0,1,1,6,7,14.29
July 31 2023,Portsmouth,VA,Passenger,0,1,1,62,63,1.59
August 31 2019,Yakima,WA,Truck,0,0,0,59377,59377,0
September 30 2021,Lee,FL,Passenger,1,0,1,39,40,2.5
May 31 2023,Randolph,NC,Passenger,1,0,1,2,3,33.33
April 30 2023,Richland,SC,Passenger,0,1,1,113,114,0.88
August 31 2019,Rogers,OK,Passenger,1,0,1,8,9,11.11
July 31 2018,San Juan,PR,Passenger,0,1,1,4,5,20
August 31 2022,Stevens,WA,Truck,1,0,1,18882,18883,0.01
January 31 2019,Thurston,WA,Truck,0,0,0,54906,54906,0
August 31 2023,Skagit,WA,Passenger,1190,434,1624,88659,90283,1.8
March 31 2024,Stevens,WA,Passenger,145,73,218,29523,29741,0.73
August 31 2020,Chelan,WA,Passenger,248,80,328,54166,54494,0.6
November 30 2019,Kittitas,WA,Truck,0,0,0,14621,14621,0
July 31 2021,Contra Costa,CA,Passenger,2,3,5,253,258,1.94
August 31 2019,Bucks,PA,Passenger,1,0,1,27,28,3.57
February 28 2022,Wilson,TX,Passenger,0,1,1,3,4,25
June 30 2022,Skagit,WA,Passenger,780,337,1117,90009,91126,1.23
November 30 2019,Arlington,VA,Passenger,0,2,2,158,160,1.25
February 28 2018,Okaloosa,FL,Passenger,1,0,1,180,181,0.55
May 31 2022,Mason,WA,Passenger,302,177,479,47275,47754,1
June 30 2019,El Paso,CO,Passenger,3,2,5,739,744,0.67
July 31 2024,Wahkiakum,WA,Passenger,40,25,65,3003,3068,2.12
November 30 2019,Columbia,WA,Truck,0,0,0,1535,1535,0
September 30 2021,Placer,CA,Passenger,2,0,2,76,78,2.56
March 31 2017,Alameda,CA,Passenger,3,1,4,386,390,1.03
September 30 2021,Middlesex,MA,Passenger,1,0,1,96,97,1.03
January 31 2021,Spartanburg,SC,Passenger,0,1,1,54,55,1.82
October 31 2017,Montgomery,TX,Passenger,1,0,1,62,63,1.59
January 31 2023,Montgomery,AL,Passenger,1,1,2,36,38,5.26
January 31 2021,RÃ­o Grande,PR,Passenger,1,0,1,1,2,50
February 28 2021,Snohomish,WA,Truck,1,0,1,125695,125696,0
November 30 2020,Clark,WA,Truck,0,0,0,83188,83188,0
July 31 2020,Clark,WA,Passenger,2099,1066,3165,317822,320987,0.99
April 30 2017,Missoula,MT,Passenger,1,0,1,76,77,1.3
April 30 2023,Salt Lake,UT,Passenger,3,1,4,128,132,3.03
December 31 2023,Loudoun,VA,Passenger,2,1,3,58,61,4.92
November 30 2020,Hamilton,IN,Passenger,2,0,2,38,40,5
June 30 2019,Eagle,CO,Passenger,1,0,1,6,7,14.29
January 31 2021,Kitsap,WA,Truck,0,0,0,54262,54262,0
January 31 2023,Onslow,NC,Passenger,0,1,1,153,154,0.65
May 31 2023,Broward,FL,Passenger,1,0,1,65,66,1.52
April 30 2018,Virginia Beach,VA,Passenger,2,1,3,680,683,0.44
February 29 2020,Penobscot,ME,Passenger,0,1,1,15,16,6.25
April 30 2023,Yakima,WA,Truck,11,0,11,61114,61125,0.02
September 30 2021,Whatcom,WA,Passenger,1540,641,2181,150397,152578,1.43
July 31 2019,Lincoln,WA,Passenger,2,10,12,7791,7803,0.15
July 31 2019,Camden,NJ,Passenger,0,1,1,25,26,3.85
August 31 2023,Orange,CA,Passenger,9,3,12,333,345,3.48
May 31 2023,Washtenaw,MI,Passenger,0,2,2,24,26,7.69
May 31 2023,Bell,TX,Passenger,1,0,1,279,280,0.36
December 31 2022,,,Passenger,4,0,4,302,306,1.31
November 30 2022,Kauai,HI,Passenger,1,1,2,15,17,11.76
May 31 2024,DeKalb,GA,Truck,1,0,1,0,1,100
October 31 2023,Suffolk,VA,Passenger,1,0,1,99,100,1
January 31 2018,Ferry,WA,Truck,0,0,0,3544,3544,0
August 31 2019,Norfolk,VA,Passenger,2,2,4,345,349,1.15
November 30 2022,New York,NY,Passenger,2,0,2,37,39,5.13
September 30 2019,Garfield,WA,Truck,0,0,0,968,968,0
December 31 2023,Albemarle,VA,Passenger,2,0,2,13,15,13.33
October 31 2018,Eagle,CO,Passenger,1,0,1,5,6,16.67
July 31 2020,Ferry,WA,Passenger,7,3,10,4333,4343,0.23
August 31 2022,Harris,TX,Passenger,1,0,1,170,171,0.58
January 31 2018,Eagle,CO,Passenger,1,0,1,6,7,14.29
February 28 2017,Grant,WA,Passenger,16,21,37,60186,60223,0.06
March 31 2024,Island,WA,Passenger,1385,513,1898,60776,62674,3.03
October 31 2019,DuPage,IL,Passenger,3,0,3,64,67,4.48
March 31 2023,Bexar,TX,Passenger,3,3,6,420,426,1.41
June 30 2021,Los Angeles,CA,Passenger,9,11,20,951,971,2.06
July 31 2024,Duval,FL,Passenger,1,0,1,175,176,0.57
June 30 2022,Providence,RI,Passenger,1,0,1,23,24,4.17
March 31 2022,Allegheny,PA,Passenger,2,1,3,69,72,4.17
July 31 2021,Kings,NY,Passenger,1,0,1,70,71,1.41
August 31 2018,Asotin,WA,Passenger,11,8,19,12657,12676,0.15
December 31 2018,Hennepin,MN,Passenger,2,0,2,107,109,1.83
January 31 2023,,,Passenger,4,0,4,295,299,1.34
July 31 2023,Marion,OR,Passenger,1,0,1,71,72,1.39
December 31 2021,Tarrant,TX,Passenger,3,0,3,149,152,1.97
February 28 2023,Ventura,CA,Passenger,3,3,6,243,249,2.41
September 30 2020,Hillsborough,FL,Passenger,0,1,1,181,182,0.55
August 31 2023,Yakima,WA,Truck,15,0,15,61029,61044,0.02
June 30 2022,Snohomish,WA,Truck,12,0,12,123800,123812,0.01
August 31 2020,Wahkiakum,WA,Truck,0,0,0,1745,1745,0
June 30 2024,Lewis,WA,Passenger,468,386,854,58621,59475,1.44
June 30 2021,Virginia Beach,VA,Passenger,2,0,2,626,628,0.32
October 31 2021,El Paso,CO,Passenger,2,1,3,681,684,0.44
December 31 2022,Randolph,NC,Passenger,1,0,1,4,5,20
May 31 2023,Cowlitz,WA,Truck,8,0,8,28244,28252,0.03
January 31 2022,Okaloosa,FL,Passenger,0,1,1,115,116,0.86
December 31 2022,Washoe,NV,Passenger,1,0,1,57,58,1.72
August 31 2021,Monterey,CA,Passenger,0,3,3,164,167,1.8
September 30 2022,Multnomah,OR,Passenger,2,3,5,541,546,0.92
January 31 2023,Charles,MD,Passenger,1,1,2,56,58,3.45
July 31 2018,DuPage,IL,Passenger,1,0,1,65,66,1.52
September 30 2022,Clark,NV,Passenger,9,3,12,535,547,2.19
October 31 2021,San Mateo,CA,Passenger,2,0,2,98,100,2
April 30 2023,Sarasota,FL,Passenger,1,0,1,29,30,3.33
January 31 2017,Wahkiakum,WA,Truck,0,0,0,1624,1624,0
December 31 2021,Columbia,OR,Passenger,1,0,1,25,26,3.85
February 29 2024,Laramie,WY,Passenger,1,0,1,25,26,3.85
October 31 2018,Franklin,MA,Passenger,0,1,1,2,3,33.33
March 31 2023,Chelan,WA,Passenger,580,150,730,54167,54897,1.33
April 30 2024,Asotin,WA,Passenger,46,24,70,12224,12294,0.57
July 31 2021,King,WA,Truck,5,1,6,184261,184267,0
July 31 2019,Lewis,WA,Passenger,100,98,198,59351,59549,0.33
June 30 2023,Riverside,CA,Passenger,7,0,7,412,419,1.67
April 30 2019,Polk,FL,Passenger,1,0,1,73,74,1.35
December 31 2023,Gwinnett,GA,Passenger,1,0,1,46,47,2.13
December 31 2021,Prince George's,MD,Passenger,2,1,3,153,156,1.92
August 31 2020,Ramsey,MN,Passenger,1,0,1,44,45,2.22
January 31 2024,Maui,HI,Passenger,1,0,1,21,22,4.55
July 31 2019,Harrison,MS,Passenger,1,0,1,64,65,1.54
April 30 2018,Stevens,WA,Passenger,10,24,34,31583,31617,0.11
July 31 2019,Chelan,WA,Truck,0,0,0,22344,22344,0
February 28 2018,Santa Fe,NM,Passenger,0,1,1,43,44,2.27
June 30 2017,Orleans,LA,Passenger,0,1,1,46,47,2.13
April 30 2024,Brevard,FL,Passenger,1,0,1,54,55,1.82
January 31 2023,Howard,MD,Passenger,0,2,2,60,62,3.23
January 31 2021,King,WA,Truck,6,1,7,184268,184275,0
August 31 2017,El Paso,CO,Passenger,2,1,3,782,785,0.38
July 31 2021,Yamhill,OR,Passenger,1,0,1,41,42,2.38
June 30 2020,Clay,FL,Passenger,0,1,1,86,87,1.15
December 31 2018,Skamania,WA,Truck,0,0,0,4009,4009,0
May 31 2020,DuPage,IL,Passenger,4,0,4,61,65,6.15
April 30 2022,Ferry,WA,Truck,0,0,0,3566,3566,0
March 31 2018,Douglas,WA,Truck,0,0,0,11854,11854,0
February 29 2020,Clay,FL,Passenger,0,1,1,87,88,1.14
October 31 2022,Lewis,WA,Truck,2,0,2,26336,26338,0.01
May 31 2024,Arapahoe,CO,Passenger,2,1,3,64,67,4.48
May 31 2022,Kootenai,ID,Passenger,0,1,1,168,169,0.59
March 31 2023,Essex,MA,Passenger,1,0,1,13,14,7.14
April 30 2023,Wahkiakum,WA,Truck,2,0,2,1792,1794,0.11
November 30 2019,Berkshire,MA,Passenger,0,1,1,5,6,16.67
October 31 2017,King,WA,Truck,7,1,8,185808,185816,0
July 31 2023,Lewis,WA,Passenger,339,222,561,59378,59939,0.94
December 31 2019,Norfolk,VA,Passenger,1,2,3,348,351,0.85
April 30 2019,El Paso,TX,Passenger,3,0,3,477,480,0.62
May 31 2017,Utah,UT,Passenger,0,1,1,171,172,0.58
October 31 2018,Pierce,WA,Truck,0,0,0,138727,138727,0
September 30 2021,Jefferson,WA,Passenger,357,187,544,24786,25330,2.15
December 31 2017,Fairfax,VA,Passenger,3,1,4,821,825,0.48
September 30 2017,Maui,HI,Passenger,1,0,1,71,72,1.39
December 31 2018,Manatee,FL,Passenger,1,0,1,41,42,2.38
June 30 2019,Charleston,SC,Passenger,1,0,1,118,119,0.84
August 31 2020,Montgomery,AL,Passenger,1,1,2,41,43,4.65
December 31 2020,Okanogan,WA,Passenger,54,36,90,26050,26140,0.34
June 30 2024,Sedgwick,KS,Passenger,0,1,1,41,42,2.38
February 29 2024,Bay,FL,Passenger,1,0,1,19,20,5
December 31 2018,Columbia,WA,Truck,0,0,0,1517,1517,0
January 31 2017,Gwinnett,GA,Passenger,0,1,1,97,98,1.02
August 31 2022,Lake,FL,Passenger,1,0,1,20,21,4.76
September 30 2019,Lake,CA,Passenger,0,1,1,10,11,9.09
March 31 2021,Kittitas,WA,Truck,0,0,0,14757,14757,0
October 31 2022,Stevens,WA,Passenger,84,56,140,29945,30085,0.47
March 31 2019,Columbia,WA,Passenger,2,2,4,2427,2431,0.16
April 30 2021,,,Passenger,4,2,6,355,361,1.66
February 28 2022,Klickitat,WA,Truck,0,0,0,8320,8320,0
December 31 2022,Deschutes,OR,Passenger,2,0,2,89,91,2.2
March 31 2018,Howard,MD,Passenger,0,1,1,91,92,1.09
September 30 2017,Prince George's,MD,Passenger,0,1,1,182,183,0.55
June 30 2019,Placer,CA,Passenger,1,0,1,112,113,0.88
October 31 2022,Hardin,KY,Passenger,1,0,1,63,64,1.56
September 30 2019,Ada,ID,Passenger,0,2,2,316,318,0.63
May 31 2022,Salt Lake,UT,Passenger,2,1,3,158,161,1.86
October 31 2022,Los Angeles,CA,Passenger,5,6,11,812,823,1.34
May 31 2019,Vigo,IN,Passenger,1,0,1,6,7,14.29
February 28 2023,Sarasota,FL,Passenger,1,0,1,30,31,3.23
January 31 2017,Essex,NJ,Passenger,1,0,1,18,19,5.26
April 30 2021,Harnett,NC,Passenger,1,1,2,189,191,1.05
March 31 2019,Jefferson,CO,Passenger,0,2,2,56,58,3.45
April 30 2018,Franklin,WA,Passenger,37,59,96,57389,57485,0.17
October 31 2021,Pinellas,FL,Passenger,0,1,1,100,101,0.99
January 31 2023,Maricopa,AZ,Passenger,15,5,20,888,908,2.2
September 30 2019,Lincoln,WA,Passenger,2,10,12,7804,7816,0.15
December 31 2020,Camden,NJ,Passenger,0,1,1,20,21,4.76
February 29 2024,Ferry,WA,Truck,0,0,0,3530,3530,0
November 30 2019,Volusia,FL,Passenger,0,1,1,44,45,2.22
September 30 2023,Yuba,CA,Passenger,1,0,1,53,54,1.85
December 31 2019,Alameda,CA,Passenger,4,1,5,305,310,1.61
November 30 2018,Orange,FL,Passenger,2,1,3,165,168,1.79
January 31 2023,Lincoln,OR,Passenger,0,1,1,19,20,5
December 31 2019,Randolph,NC,Passenger,1,0,1,7,8,12.5
September 30 2019,Pierce,WA,Truck,0,0,0,140409,140409,0
July 31 2020,Gwinnett,GA,Passenger,1,0,1,74,75,1.33
September 30 2022,Snohomish,WA,Truck,59,0,59,122936,122995,0.05
October 31 2021,Garfield,WA,Passenger,0,3,3,1349,1352,0.22
August 31 2023,El Paso,CO,Passenger,5,2,7,500,507,1.38
April 30 2024,Columbia,GA,Passenger,1,0,1,69,70,1.43
October 31 2020,Okanogan,WA,Passenger,46,36,82,25974,26056,0.31
September 30 2022,Franklin,WA,Passenger,231,112,343,61825,62168,0.55
March 31 2021,Prince William,VA,Passenger,1,2,3,219,222,1.35
January 31 2021,Pima,AZ,Passenger,2,1,3,350,353,0.85
November 30 2017,Orleans,LA,Passenger,0,1,1,46,47,2.13
October 31 2023,Hillsborough,FL,Passenger,2,2,4,105,109,3.67
April 30 2023,Rockdale,GA,Passenger,1,0,1,5,6,16.67
June 30 2019,Carson City,NV,Passenger,1,0,1,11,12,8.33
February 28 2017,Asotin,WA,Passenger,4,3,7,12320,12327,0.06
May 31 2023,Klickitat,WA,Passenger,144,64,208,15154,15362,1.35
December 31 2020,DeKalb,GA,Passenger,1,0,1,74,75,1.33
June 30 2021,San Bernardino,CA,Passenger,1,0,1,399,400,0.25
April 30 2019,Juneau,AK,Passenger,0,2,2,35,37,5.41
September 30 2018,Stevens,WA,Passenger,14,27,41,31693,31734,0.13
January 31 2018,Yakima,WA,Passenger,60,76,136,162487,162623,0.08
September 30 2019,Goochland,VA,Passenger,2,1,3,275,278,1.08
November 30 2022,Fairfax,VA,Passenger,7,2,9,636,645,1.4
February 28 2022,Lake,IL,Passenger,3,0,3,162,165,1.82
February 29 2024,Island,WA,Passenger,1355,499,1854,60918,62772,2.95
September 30 2017,Thurston,WA,Truck,0,0,0,53491,53491,0
November 30 2020,,,Passenger,5,1,6,369,375,1.6
March 31 2017,Hamilton,TN,Passenger,1,0,1,28,29,3.45
July 31 2018,Kent,MI,Passenger,0,1,1,28,29,3.45
March 31 2018,Prince William,VA,Passenger,0,5,5,264,269,1.86
December 31 2020,Morris,NJ,Passenger,1,0,1,15,16,6.25
November 30 2017,El Paso,CO,Passenger,2,1,3,769,772,0.39
October 31 2022,Adams,WA,Passenger,22,12,34,13004,13038,0.26
August 31 2018,Clallam,WA,Truck,0,0,0,21476,21476,0
March 31 2018,Ramsey,MN,Passenger,1,0,1,40,41,2.44
November 30 2023,Asotin,WA,Passenger,40,24,64,12303,12367,0.52
May 31 2021,Maricopa,AZ,Passenger,6,7,13,1343,1356,0.96
February 28 2023,Goochland,VA,Passenger,2,2,4,93,97,4.12
November 30 2020,Benton,WA,Truck,0,0,0,43100,43100,0
December 31 2021,Montgomery,TX,Passenger,1,1,2,43,45,4.44
February 28 2017,Muscogee,GA,Passenger,0,1,1,256,257,0.39
November 30 2019,Shelby,TN,Passenger,0,1,1,101,102,0.98
August 31 2017,Bergen,NJ,Passenger,0,2,2,30,32,6.25
January 31 2024,San Bernardino,CA,Passenger,2,1,3,282,285,1.05
August 31 2023,Berkeley,SC,Passenger,1,1,2,98,100,2
June 30 2024,Island,WA,Passenger,1472,537,2009,60216,62225,3.23
October 31 2017,Dallas,TX,Passenger,0,1,1,190,191,0.52
October 31 2020,Boulder,CO,Passenger,1,1,2,47,49,4.08
September 30 2020,Hudson,NJ,Passenger,1,0,1,40,41,2.44
April 30 2022,Monterey,CA,Passenger,0,3,3,153,156,1.92
January 31 2021,Lane,OR,Passenger,0,1,1,147,148,0.68
August 31 2018,Asotin,WA,Truck,0,0,0,6647,6647,0
January 31 2020,Asotin,WA,Passenger,17,11,28,12717,12745,0.22
April 30 2019,St. Mary's,MD,Passenger,1,0,1,205,206,0.49
October 31 2023,Jefferson,NY,Passenger,2,0,2,190,192,1.04
April 30 2018,Prince George's,MD,Passenger,1,1,2,187,189,1.06
January 31 2020,Garfield,WA,Truck,0,0,0,967,967,0
February 28 2023,Champaign,IL,Passenger,1,0,1,11,12,8.33
June 30 2022,Charles,MD,Passenger,1,1,2,61,63,3.17
May 31 2024,Harris,TX,Passenger,1,2,3,106,109,2.75
June 30 2021,Columbia,OR,Passenger,1,0,1,21,22,4.55
July 31 2018,Collier,FL,Passenger,1,0,1,24,25,4
October 31 2020,Williams,ND,Passenger,0,1,1,11,12,8.33
January 31 2023,Mason,WA,Passenger,379,190,569,46720,47289,1.2
February 28 2021,Virginia Beach,VA,Passenger,2,0,2,632,634,0.32
November 30 2023,Wichita,TX,Passenger,1,0,1,33,34,2.94
May 31 2017,Orleans,LA,Passenger,0,1,1,49,50,2
October 31 2023,Adams,CO,Passenger,1,0,1,22,23,4.35
May 31 2021,DeKalb,GA,Passenger,1,0,1,62,63,1.59
October 31 2017,Polk,FL,Passenger,1,0,1,67,68,1.47
February 28 2022,Dallas,TX,Passenger,1,0,1,146,147,0.68
September 30 2022,Coryell,TX,Passenger,1,0,1,91,92,1.09
April 30 2023,Meade,KY,Passenger,1,0,1,20,21,4.76
July 31 2017,Okanogan,WA,Truck,0,0,0,16221,16221,0
December 31 2017,Clark,WA,Passenger,851,573,1424,304226,305650,0.47
November 30 2020,Kauai,HI,Passenger,1,0,1,18,19,5.26
July 31 2018,Pierce,WA,Passenger,1262,1194,2456,533339,535795,0.46
December 31 2020,Orange,FL,Passenger,1,0,1,122,123,0.81
February 28 2023,Riverside,CA,Passenger,7,0,7,448,455,1.54
February 28 2018,Prince George,VA,Passenger,0,1,1,73,74,1.35
February 28 2022,San Luis Obispo,CA,Passenger,1,0,1,64,65,1.54
September 30 2022,Autauga,AL,Passenger,1,0,1,14,15,6.67
April 30 2021,Putnam,TN,Passenger,0,1,1,1,2,50
February 28 2021,Washington,OR,Passenger,1,0,1,425,426,0.23
February 29 2024,Salt Lake,UT,Passenger,5,1,6,95,101,5.94
January 31 2020,Queens,NY,Passenger,1,0,1,52,53,1.89
January 31 2024,Mobile,AL,Passenger,1,0,1,24,25,4
July 31 2017,DeKalb,IN,Passenger,1,0,1,1,2,50
March 31 2023,Garfield,WA,Passenger,1,3,4,1314,1318,0.3
April 30 2021,Frederick,MD,Passenger,1,1,2,66,68,2.94
May 31 2019,Honolulu,HI,Passenger,2,3,5,516,521,0.96
August 31 2019,DeKalb,GA,Passenger,1,0,1,83,84,1.19
December 31 2022,Rockdale,GA,Passenger,1,0,1,7,8,12.5
April 30 2024,Otero,NM,Passenger,0,1,1,23,24,4.17
January 31 2024,Benton,WA,Truck,37,0,37,42955,42992,0.09
April 30 2019,Klickitat,WA,Truck,0,0,0,8216,8216,0
December 31 2021,Maricopa,AZ,Passenger,13,5,18,1231,1249,1.44
November 30 2019,Owyhee,ID,Passenger,1,0,1,4,5,20
March 31 2017,Grant,WA,Passenger,17,21,38,60322,60360,0.06
June 30 2019,Klickitat,WA,Passenger,35,32,67,15552,15619,0.43
October 31 2021,Cook,IL,Passenger,2,0,2,220,222,0.9
December 31 2023,Mason,WA,Truck,19,0,19,20459,20478,0.09
November 30 2022,Ferry,WA,Truck,0,0,0,3578,3578,0
July 31 2017,Prince George's,MD,Passenger,0,1,1,186,187,0.53
May 31 2023,Chesterfield,VA,Passenger,1,0,1,37,38,2.63
January 31 2024,Loudoun,VA,Passenger,2,1,3,55,58,5.17
January 31 2022,Alameda,CA,Passenger,5,0,5,226,231,2.16
March 31 2020,Newport,RI,Passenger,0,1,1,81,82,1.22
October 31 2021,Ulster,NY,Passenger,1,0,1,14,15,6.67
July 31 2023,Whitman,WA,Passenger,160,79,239,21940,22179,1.08
July 31 2020,Lewis,WA,Truck,0,0,0,26288,26288,0
March 31 2020,King,WA,Truck,5,1,6,182369,182375,0
March 31 2020,Los Angeles,CA,Passenger,6,12,18,1081,1099,1.64
May 31 2017,Orange,CA,Passenger,3,1,4,655,659,0.61
January 31 2020,San Francisco,CA,Passenger,2,1,3,106,109,2.75
January 31 2022,Greene,MO,Passenger,0,1,1,30,31,3.23
December 31 2022,Skagit,WA,Truck,11,0,11,32102,32113,0.03
June 30 2024,Hamilton,OH,Passenger,2,0,2,24,26,7.69
June 30 2022,Penobscot,ME,Passenger,0,1,1,7,8,12.5
May 31 2024,Isle of Wight,VA,Passenger,0,1,1,16,17,5.88
February 28 2017,Grant,WA,Truck,0,0,0,24996,24996,0
January 31 2018,Pacific,WA,Passenger,15,13,28,15444,15472,0.18
March 31 2020,Santa Clara,CA,Passenger,8,2,10,340,350,2.86
February 28 2018,Travis,TX,Passenger,1,1,2,197,199,1.01
June 30 2024,Harford,MD,Passenger,2,1,3,41,44,6.82
September 30 2020,Adams,WA,Passenger,8,7,15,12908,12923,0.12
January 31 2021,Sarasota,FL,Passenger,2,0,2,36,38,5.26
March 31 2020,San Francisco,CA,Passenger,2,1,3,104,107,2.8
March 31 2018,Montgomery,TN,Passenger,1,0,1,272,273,0.37
June 30 2019,Fulton,GA,Passenger,1,3,4,108,112,3.57
November 30 2023,Wahkiakum,WA,Truck,4,0,4,1762,1766,0.23
April 30 2020,Snohomish,WA,Truck,0,0,0,123290,123290,0
August 31 2021,Jefferson,WA,Truck,0,0,0,9607,9607,0
March 31 2019,District of Columbia,DC,Passenger,1,1,2,197,199,1.01
November 30 2019,Riverside,CA,Passenger,4,1,5,654,659,0.76
April 30 2017,DeKalb,GA,Passenger,1,0,1,86,87,1.15
December 31 2022,Louisa,VA,Passenger,0,1,1,1,2,50
September 30 2022,Williamsburg,VA,Passenger,0,1,1,7,8,12.5
November 30 2021,Wahkiakum,WA,Passenger,17,10,27,3089,3116,0.87
February 29 2024,Frederick,MD,Passenger,1,1,2,44,46,4.35
August 31 2023,Palm Beach,FL,Passenger,2,1,3,51,54,5.56
January 31 2018,Clark,WA,Passenger,873,599,1472,305253,306725,0.48
June 30 2022,Spokane,WA,Passenger,1597,847,2444,324768,327212,0.75
August 31 2020,Thurston,WA,Truck,0,0,0,55943,55943,0
January 31 2022,Jefferson,WA,Truck,0,0,0,9571,9571,0
March 31 2018,San Juan,WA,Truck,0,0,0,5657,5657,0
January 31 2017,Collin,TX,Passenger,0,1,1,161,162,0.62
March 31 2017,Wayne,MI,Passenger,0,1,1,74,75,1.33
December 31 2017,Honolulu,HI,Passenger,2,2,4,574,578,0.69
May 31 2017,Dale,AL,Passenger,0,1,1,62,63,1.59
August 31 2018,Montgomery,TX,Passenger,2,0,2,65,67,2.99
July 31 2021,Island,WA,Truck,0,0,0,21527,21527,0
August 31 2023,Mason,WA,Truck,14,0,14,20593,20607,0.07
April 30 2023,Hardin,KY,Passenger,1,0,1,60,61,1.64
October 31 2020,Eagle,CO,Passenger,1,0,1,7,8,12.5
November 30 2020,Carroll,NH,Passenger,0,1,1,4,5,20
December 31 2021,Walla Walla,WA,Truck,0,0,0,14084,14084,0
February 29 2024,Tom Green,TX,Passenger,0,1,1,17,18,5.56
October 31 2021,Burlington,NJ,Passenger,0,1,1,115,116,0.86
July 31 2021,Lincoln,WA,Passenger,6,15,21,7716,7737,0.27
April 30 2022,Queens,NY,Passenger,1,0,1,49,50,2
October 31 2023,Madison,IL,Passenger,2,0,2,16,18,11.11
January 31 2022,Washington,MD,Passenger,2,0,2,12,14,14.29
July 31 2020,Benton,WA,Truck,0,0,0,42869,42869,0
November 30 2019,Pend Oreille,WA,Passenger,7,7,14,9510,9524,0.15
January 31 2023,Thurston,WA,Truck,42,0,42,54497,54539,0.08
August 31 2019,Benton,WA,Passenger,280,291,571,134292,134863,0.42
October 31 2019,Sedgwick,KS,Passenger,1,1,2,99,101,1.98
December 31 2019,Sarasota,FL,Passenger,2,0,2,35,37,5.41
September 30 2022,Clinton,PA,Passenger,1,0,1,1,2,50
November 30 2019,Mason,WA,Truck,0,0,0,20499,20499,0
June 30 2021,Island,WA,Truck,0,0,0,21578,21578,0
April 30 2021,Snohomish,WA,Passenger,5581,1965,7546,540123,547669,1.38
January 31 2022,Norfolk,MA,Passenger,1,0,1,28,29,3.45
June 30 2020,Tarrant,TX,Passenger,1,0,1,177,178,0.56
January 31 2024,Solano,CA,Passenger,5,0,5,135,140,3.57
January 31 2024,Washoe,NV,Passenger,2,0,2,46,48,4.17
December 31 2022,Okanogan,WA,Passenger,96,52,148,26139,26287,0.56
July 31 2021,Montgomery,MD,Passenger,3,1,4,225,229,1.75
February 29 2024,Harford,MD,Passenger,1,1,2,42,44,4.55
March 31 2022,Sonoma,CA,Passenger,0,1,1,89,90,1.11
July 31 2024,Jefferson,WA,Truck,28,0,28,8909,8937,0.31
February 28 2022,Philadelphia,PA,Passenger,1,0,1,45,46,2.17
February 28 2018,Lewis,WA,Truck,0,0,0,25273,25273,0
April 30 2018,Dale,AL,Passenger,0,1,1,61,62,1.61
May 31 2023,Adams,CO,Passenger,1,0,1,28,29,3.45
February 28 2022,RÃ­o Grande,PR,Passenger,1,0,1,0,1,100
May 31 2023,Pend Oreille,WA,Truck,0,0,0,5618,5618,0
June 30 2023,Essex,MA,Passenger,1,0,1,9,10,10
September 30 2022,Los Angeles,CA,Passenger,5,6,11,817,828,1.33
November 30 2023,Los Angeles,CA,Passenger,10,4,14,608,622,2.25
March 31 2019,Duval,FL,Passenger,1,2,3,388,391,0.77
August 31 2020,Queens,NY,Passenger,1,0,1,51,52,1.92
August 31 2023,Columbia,OR,Passenger,1,0,1,12,13,7.69
January 31 2021,Penobscot,ME,Passenger,0,1,1,9,10,10
March 31 2020,Loudoun,VA,Passenger,1,0,1,90,91,1.1
July 31 2021,Kauai,HI,Passenger,1,0,1,20,21,4.76
February 29 2024,Walla Walla,WA,Truck,9,0,9,13622,13631,0.07
April 30 2020,Douglas,WA,Truck,0,0,0,12266,12266,0
August 31 2022,Whatcom,WA,Truck,13,0,13,43108,43121,0.03
April 30 2022,Whatcom,WA,Passenger,1776,717,2493,148889,151382,1.65
August 31 2021,Cumberland,NC,Passenger,1,4,5,437,442,1.13
April 30 2018,Multnomah,OR,Passenger,4,4,8,823,831,0.96
May 31 2021,,,Passenger,4,2,6,347,353,1.7
February 29 2020,Charleston,SC,Passenger,1,0,1,110,111,0.9
April 30 2024,Lewis,WA,Passenger,447,368,815,58771,59586,1.37
June 30 2020,Skagit,WA,Truck,1,0,1,32460,32461,0
December 31 2022,Calvert,MD,Passenger,0,2,2,87,89,2.25
April 30 2024,Hamilton,OH,Passenger,2,0,2,25,27,7.41
January 31 2021,Thurston,WA,Passenger,1349,795,2144,197176,199320,1.08
April 30 2019,Calvert,MD,Passenger,0,2,2,86,88,2.27
May 31 2022,Lincoln,OR,Passenger,0,1,1,29,30,3.33
September 30 2018,Twin Falls,ID,Passenger,0,1,1,23,24,4.17
May 31 2021,Polk,FL,Passenger,1,0,1,70,71,1.41
April 30 2023,Camden,NJ,Passenger,0,1,1,13,14,7.14
June 30 2021,Wichita,TX,Passenger,1,0,1,43,44,2.27
February 28 2022,San Juan,WA,Passenger,485,152,637,14171,14808,4.3
July 31 2022,Whitman,WA,Passenger,88,60,148,21893,22041,0.67
July 31 2017,Lincoln,WA,Passenger,2,5,7,7516,7523,0.09
May 31 2018,Stevens,WA,Passenger,11,25,36,31563,31599,0.11
June 30 2018,Washtenaw,MI,Passenger,1,0,1,37,38,2.63
March 31 2022,Baltimore,MD,Passenger,1,0,1,92,93,1.08
May 31 2017,Norfolk,VA,Passenger,1,1,2,309,311,0.64
April 30 2019,Sacramento,CA,Passenger,0,1,1,303,304,0.33
May 31 2020,Lake,IL,Passenger,1,0,1,175,176,0.57
April 30 2021,Pierce,WA,Passenger,3270,1901,5171,559244,564415,0.92
July 31 2021,Alameda,CA,Passenger,5,0,5,249,254,1.97
July 31 2022,Marin,CA,Passenger,1,1,2,34,36,5.56
February 28 2019,Broward,FL,Passenger,2,1,3,128,131,2.29
June 30 2023,Marion,IA,Passenger,1,0,1,0,1,100
February 28 2022,Douglas,WA,Passenger,123,55,178,28547,28725,0.62
December 31 2019,Grays Harbor,WA,Truck,0,0,0,20765,20765,0
July 31 2020,Shelby,TN,Passenger,0,1,1,91,92,1.09
October 31 2022,St. Louis,MO,Passenger,2,0,2,64,66,3.03
November 30 2020,Howard,IN,Passenger,0,1,1,3,4,25
September 30 2021,Franklin,WA,Truck,0,0,0,20708,20708,0
January 31 2020,Sarasota,FL,Passenger,2,0,2,36,38,5.26
February 29 2024,Philadelphia,PA,Passenger,0,1,1,32,33,3.03
June 30 2018,Juneau,AK,Passenger,0,1,1,48,49,2.04
July 31 2021,Richmond,NY,Passenger,1,0,1,7,8,12.5
April 30 2020,Carson City,NV,Passenger,1,0,1,11,12,8.33
June 30 2019,Richland,SC,Passenger,0,1,1,162,163,0.61
March 31 2019,Washoe,NV,Passenger,2,0,2,111,113,1.77
February 28 2022,Skamania,WA,Truck,0,0,0,3996,3996,0
January 31 2021,Fulton,GA,Passenger,0,3,3,94,97,3.09
November 30 2023,Travis,TX,Passenger,1,1,2,82,84,2.38
November 30 2023,Douglas,NE,Passenger,1,1,2,27,29,6.9
July 31 2024,Orange,FL,Passenger,1,0,1,33,34,2.94
November 30 2022,Walla Walla,WA,Passenger,201,107,308,35652,35960,0.86
March 31 2018,Snohomish,WA,Truck,1,0,1,121222,121223,0
November 30 2019,Hudson,NJ,Passenger,1,0,1,39,40,2.5
March 31 2022,Harford,MD,Passenger,1,1,2,50,52,3.85
June 30 2017,Lumpkin,GA,Passenger,1,0,1,9,10,10
April 30 2020,Clay,FL,Passenger,0,1,1,83,84,1.19
May 31 2021,Franklin,WA,Truck,0,0,0,20648,20648,0
May 31 2024,Whatcom,WA,Passenger,3287,1186,4473,146420,150893,2.96
March 31 2024,Cowlitz,WA,Passenger,655,269,924,69289,70213,1.32
October 31 2018,Sedgwick,KS,Passenger,0,1,1,101,102,0.98
October 31 2017,Dale,AL,Passenger,0,1,1,59,60,1.67
February 29 2020,Clackamas,OR,Passenger,2,1,3,220,223,1.35
January 31 2024,Okanogan,WA,Truck,8,0,8,16372,16380,0.05
February 28 2021,Henrico,VA,Passenger,0,1,1,18,19,5.26
January 31 2023,Lee,FL,Passenger,1,0,1,33,34,2.94
October 31 2023,Grays Harbor,WA,Passenger,353,216,569,48076,48645,1.17
November 30 2021,DuPage,IL,Passenger,3,1,4,53,57,7.02
January 31 2023,Bartow,GA,Passenger,0,1,1,4,5,20
October 31 2023,Providence,RI,Passenger,1,0,1,20,21,4.76
August 31 2023,Atlantic,NJ,Passenger,1,0,1,12,13,7.69
March 31 2022,Boulder,CO,Passenger,2,0,2,48,50,4
September 30 2022,Owyhee,ID,Passenger,1,0,1,4,5,20
December 31 2022,Gwinnett,GA,Passenger,1,0,1,53,54,1.85
March 31 2019,Larimer,CO,Passenger,1,0,1,57,58,1.72
December 31 2018,Washtenaw,MI,Passenger,1,0,1,39,40,2.5
July 31 2023,Lincoln,OR,Passenger,0,1,1,18,19,5.26
March 31 2019,El Paso,CO,Passenger,3,3,6,761,767,0.78
November 30 2018,Santa Clara,CA,Passenger,8,1,9,383,392,2.3
January 31 2018,Twin Falls,ID,Passenger,0,1,1,25,26,3.85
March 31 2020,Boulder,CO,Passenger,1,1,2,51,53,3.77
July 31 2020,San Joaquin,CA,Passenger,1,0,1,133,134,0.75
December 31 2019,Washoe,NV,Passenger,1,0,1,116,117,0.85
May 31 2019,Skagit,WA,Truck,1,0,1,32411,32412,0
September 30 2020,Goochland,VA,Passenger,3,2,5,268,273,1.83
January 31 2022,Rockingham,NH,Passenger,1,0,1,18,19,5.26
April 30 2024,Allegheny,PA,Passenger,2,0,2,49,51,3.92
May 31 2019,San Juan,WA,Truck,0,0,0,5849,5849,0
July 31 2018,El Paso,TX,Passenger,1,0,1,501,502,0.2
December 31 2021,Henrico,VA,Passenger,0,1,1,14,15,6.67
August 31 2018,Yakima,WA,Passenger,67,92,159,164181,164340,0.1
July 31 2018,Snohomish,WA,Passenger,2403,1294,3697,522534,526231,0.7
May 31 2022,Suffolk,MA,Passenger,0,1,1,24,25,4
April 30 2023,Lincoln,WA,Truck,0,0,0,4829,4829,0
August 31 2018,Queens,NY,Passenger,1,0,1,62,63,1.59
September 30 2019,Benton,WA,Truck,0,0,0,42225,42225,0
September 30 2021,Spokane,WA,Truck,0,0,0,102482,102482,0
August 31 2017,Mercer,NJ,Passenger,0,1,1,16,17,5.88
December 31 2017,Chelan,WA,Passenger,86,38,124,53025,53149,0.23
August 31 2021,Pima,AZ,Passenger,1,1,2,303,305,0.66
July 31 2020,New Haven,CT,Passenger,0,2,2,35,37,5.41
March 31 2021,Solano,CA,Passenger,1,0,1,201,202,0.5
July 31 2021,Monterey,CA,Passenger,0,3,3,162,165,1.82
October 31 2018,Lincoln,WA,Truck,0,0,0,4607,4607,0
May 31 2022,Montgomery,TX,Passenger,1,0,1,40,41,2.44
June 30 2024,Madison,IL,Passenger,2,0,2,13,15,13.33
May 31 2017,King,WA,Truck,8,1,9,188229,188238,0
December 31 2020,Pend Oreille,WA,Passenger,12,4,16,9163,9179,0.17
January 31 2022,Pima,AZ,Passenger,1,1,2,290,292,0.68
July 31 2024,Kings,CA,Passenger,3,1,4,230,234,1.71
June 30 2020,Juneau,AK,Passenger,0,2,2,31,33,6.06
January 31 2022,Ulster,NY,Passenger,1,0,1,14,15,6.67
April 30 2019,Adams,WA,Passenger,5,6,11,12650,12661,0.09
September 30 2023,Lane,OR,Passenger,0,2,2,70,72,2.78
June 30 2024,Okanogan,WA,Truck,14,0,14,16081,16095,0.09
December 31 2023,Mohave,AZ,Passenger,1,0,1,31,32,3.12
September 30 2017,St. Lucie,FL,Passenger,1,0,1,26,27,3.7
November 30 2020,Larimer,CO,Passenger,1,0,1,47,48,2.08
May 31 2023,Island,WA,Passenger,1042,429,1471,60984,62455,2.36
February 28 2022,Washtenaw,MI,Passenger,0,1,1,32,33,3.03
June 30 2019,Snohomish,WA,Truck,0,0,0,122350,122350,0
March 31 2019,Cowlitz,WA,Truck,0,0,0,28774,28774,0
July 31 2018,Whitman,WA,Passenger,19,28,47,22655,22702,0.21
January 31 2021,Chesapeake,VA,Passenger,0,2,2,422,424,0.47
April 30 2023,Pinal,AZ,Passenger,0,1,1,100,101,0.99
November 30 2023,Cumberland,PA,Passenger,1,1,2,33,35,5.71
January 31 2024,Fredericksburg,VA,Passenger,1,0,1,6,7,14.29
September 30 2020,Okanogan,WA,Truck,0,0,0,16539,16539,0
July 31 2020,New York,NY,Passenger,1,0,1,63,64,1.56
October 31 2020,Island,WA,Truck,1,0,1,21283,21284,0
February 28 2023,DuPage,IL,Passenger,2,1,3,37,40,7.5
May 31 2023,Lake,IL,Passenger,3,0,3,130,133,2.26
January 31 2021,Kauai,HI,Passenger,1,0,1,17,18,5.56
March 31 2021,Plaquemines,LA,Passenger,0,1,1,15,16,6.25
August 31 2017,Stevens,WA,Truck,0,0,0,18215,18215,0
May 31 2018,Garfield,WA,Passenger,1,1,2,1326,1328,0.15
May 31 2017,Montgomery,PA,Passenger,1,0,1,38,39,2.56
February 28 2022,Lee,FL,Passenger,1,0,1,34,35,2.86
December 31 2020,Howard,MD,Passenger,0,1,1,75,76,1.32
November 30 2021,Ulster,NY,Passenger,1,0,1,14,15,6.67
February 28 2019,Carson City,NV,Passenger,1,0,1,14,15,6.67
November 30 2022,Lewis,WA,Passenger,258,181,439,59890,60329,0.73
August 31 2019,Franklin,WA,Passenger,50,71,121,60212,60333,0.2
December 31 2017,Madison,ID,Passenger,1,0,1,38,39,2.56
September 30 2017,Morris,NJ,Passenger,1,0,1,22,23,4.35
October 31 2021,Sumter,SC,Passenger,0,1,1,35,36,2.78
May 31 2023,Washington,MD,Passenger,2,0,2,14,16,12.5
February 28 2021,Adams,WA,Passenger,10,6,16,12966,12982,0.12
August 31 2021,Tom Green,TX,Passenger,0,1,1,22,23,4.35
June 30 2024,Palm Beach,FL,Passenger,1,0,1,38,39,2.56
September 30 2021,Richmond,NY,Passenger,1,0,1,6,7,14.29
June 30 2021,Collier,FL,Passenger,1,0,1,21,22,4.55
September 30 2017,Thurston,WA,Passenger,434,363,797,188174,188971,0.42
September 30 2018,Pend Oreille,WA,Passenger,5,5,10,9587,9597,0.1
January 31 2017,Snohomish,WA,Truck,1,0,1,122819,122820,0
March 31 2019,Santa Clara,CA,Passenger,8,1,9,374,383,2.35
December 31 2020,Gwinnett,GA,Passenger,1,0,1,70,71,1.41
August 31 2017,Charles,MD,Passenger,0,1,1,87,88,1.14
March 31 2023,Fredericksburg,VA,Passenger,1,0,1,6,7,14.29
November 30 2019,Jones,GA,Passenger,1,0,1,1,2,50
November 30 2022,Columbia,WA,Passenger,8,1,9,2426,2435,0.37
July 31 2018,Broward,FL,Passenger,1,1,2,132,134,1.49
February 28 2018,Salt Lake,UT,Passenger,1,0,1,239,240,0.42
November 30 2022,Camden,NJ,Passenger,0,1,1,13,14,7.14
April 30 2020,Portsmouth,VA,Passenger,0,1,1,74,75,1.33
January 31 2024,Multnomah,OR,Passenger,2,1,3,379,382,0.79
August 31 2022,Chelan,WA,Truck,5,0,5,23037,23042,0.02
April 30 2017,Whatcom,WA,Truck,2,0,2,41445,41447,0
April 30 2018,Cumberland,NC,Passenger,1,0,1,547,548,0.18
June 30 2017,Walla Walla,WA,Truck,0,0,0,13204,13204,0
March 31 2022,Jefferson,WA,Truck,0,0,0,9544,9544,0
August 31 2022,Wahkiakum,WA,Truck,1,0,1,1800,1801,0.06
November 30 2021,Klamath,OR,Passenger,1,0,1,32,33,3.03
March 31 2017,Collier,FL,Passenger,1,0,1,22,23,4.35
December 31 2017,Frederick,MD,Passenger,0,1,1,87,88,1.14
April 30 2018,Hardin,KY,Passenger,0,1,1,111,112,0.89
April 30 2017,Pinal,AZ,Passenger,2,0,2,256,258,0.78
July 31 2022,Norfolk,VA,Passenger,2,3,5,295,300,1.67
June 30 2023,Thurston,WA,Truck,60,0,60,53906,53966,0.11
April 30 2024,Okanogan,WA,Passenger,180,86,266,25960,26226,1.01
June 30 2021,Charles,MD,Passenger,1,1,2,74,76,2.63
May 31 2022,Charles,MD,Passenger,1,1,2,61,63,3.17
May 31 2017,Juneau,AK,Passenger,0,1,1,51,52,1.92
July 31 2024,Anchorage,AK,Passenger,1,0,1,81,82,1.22
February 28 2023,Larimer,CO,Passenger,1,0,1,33,34,2.94
May 31 2017,Sumter,FL,Passenger,0,1,1,11,12,8.33
February 28 2021,Wahkiakum,WA,Truck,0,0,0,1781,1781,0
November 30 2017,Whatcom,WA,Passenger,525,214,739,144613,145352,0.51
October 31 2019,Stevens,WA,Truck,0,0,0,18769,18769,0
June 30 2023,Collin,TX,Passenger,4,0,4,57,61,6.56
September 30 2017,Bexar,TX,Passenger,1,1,2,842,844,0.24
November 30 2022,El Paso,CO,Passenger,3,3,6,587,593,1.01
December 31 2021,Allegheny,PA,Passenger,2,1,3,71,74,4.05
February 29 2020,Dakota,MN,Passenger,0,1,1,30,31,3.23
December 31 2018,Mecklenburg,NC,Passenger,1,0,1,82,83,1.2
July 31 2022,Sumter,SC,Passenger,0,1,1,33,34,2.94
September 30 2022,Fairfax,VA,Truck,1,0,1,108,109,0.92
June 30 2017,Pinal,AZ,Passenger,2,0,2,245,247,0.81
September 30 2022,Sedgwick,KS,Passenger,0,1,1,70,71,1.41
October 31 2020,Spartanburg,SC,Passenger,0,1,1,53,54,1.85
October 31 2020,Jefferson,WA,Passenger,261,151,412,24707,25119,1.64
January 31 2017,Canyon,ID,Passenger,0,1,1,123,124,0.81
April 30 2022,Yavapai,AZ,Passenger,0,1,1,34,35,2.86
June 30 2017,Franklin,MA,Passenger,0,1,1,4,5,20
August 31 2021,Rockdale,GA,Passenger,1,0,1,7,8,12.5
April 30 2021,Stevens,WA,Passenger,41,43,84,30553,30637,0.27
August 31 2022,Walla Walla,WA,Passenger,179,103,282,35770,36052,0.78
April 30 2020,Maui,HI,Passenger,2,0,2,38,40,5
November 30 2021,Klickitat,WA,Truck,0,0,0,8322,8322,0
December 31 2023,Harris,TX,Passenger,2,1,3,129,132,2.27
April 30 2020,San Joaquin,CA,Passenger,1,0,1,137,138,0.72
July 31 2020,Contra Costa,CA,Passenger,4,3,7,301,308,2.27
December 31 2018,Prince George's,MD,Passenger,1,1,2,188,190,1.05
September 30 2019,Alexandria,VA,Passenger,1,0,1,146,147,0.68
May 31 2023,Hamilton,OH,Passenger,1,0,1,34,35,2.86
December 31 2021,Anchorage,AK,Passenger,2,0,2,143,145,1.38
January 31 2022,Boone,MO,Passenger,0,1,1,10,11,9.09
June 30 2020,Ferry,WA,Passenger,5,3,8,4333,4341,0.18
December 31 2021,Los Angeles,CA,Passenger,6,7,13,905,918,1.42
June 30 2021,Boone,MO,Passenger,0,1,1,10,11,9.09
December 31 2020,Henrico,VA,Passenger,0,1,1,18,19,5.26
June 30 2022,Williamsburg,VA,Passenger,0,1,1,7,8,12.5
October 31 2022,Cumberland,PA,Passenger,1,0,1,43,44,2.27
December 31 2019,Charleston,SC,Passenger,1,0,1,112,113,0.88
August 31 2018,Wahkiakum,WA,Passenger,1,1,2,2959,2961,0.07
June 30 2024,Benton,WA,Passenger,1602,728,2330,134490,136820,1.7
February 28 2017,Asotin,WA,Truck,0,0,0,6471,6471,0
August 31 2017,Lincoln,WA,Truck,0,0,0,4457,4457,0
March 31 2022,Bexar,TX,Passenger,3,4,7,510,517,1.35
January 31 2022,Charles,MD,Passenger,1,1,2,71,73,2.74
January 31 2023,Marion,OR,Passenger,1,0,1,86,87,1.15
October 31 2020,Pend Oreille,WA,Passenger,8,4,12,9150,9162,0.13
August 31 2017,King,WA,Passenger,10436,4263,14699,1371942,1386641,1.06
July 31 2023,Jefferson,WA,Truck,12,0,12,9312,9324,0.13
February 28 2018,Kittitas,WA,Truck,0,0,0,13949,13949,0
April 30 2019,Pacific,WA,Passenger,23,28,51,15914,15965,0.32
June 30 2023,Whitman,WA,Truck,4,0,4,8598,8602,0.05
March 31 2023,Escambia,FL,Passenger,0,1,1,141,142,0.7
December 31 2019,Carson City,NV,Passenger,1,0,1,10,11,9.09
July 31 2018,Prince George,VA,Passenger,0,1,1,74,75,1.33
September 30 2022,Platte,MO,Passenger,1,0,1,24,25,4
September 30 2022,Napa,CA,Passenger,0,1,1,14,15,6.67
October 31 2020,Adams,WA,Passenger,8,7,15,12926,12941,0.12
April 30 2021,St. Louis,MO,Passenger,1,0,1,94,95,1.05
May 31 2021,Skamania,WA,Truck,0,0,0,4028,4028,0
February 29 2024,Maricopa,AZ,Passenger,11,3,14,612,626,2.24
July 31 2019,Denver,CO,Passenger,1,0,1,131,132,0.76
May 31 2023,Pacific,WA,Truck,3,0,3,7840,7843,0.04
September 30 2020,Portsmouth,VA,Passenger,0,1,1,69,70,1.43
May 31 2018,Hawaii,HI,Passenger,1,0,1,79,80,1.25
May 31 2024,Hillsborough,FL,Passenger,2,2,4,81,85,4.71
November 30 2020,Kitsap,WA,Passenger,1521,736,2257,179633,181890,1.24
September 30 2020,Ada,ID,Passenger,0,1,1,269,270,0.37
August 31 2021,Garfield,WA,Truck,0,0,0,1001,1001,0
March 31 2021,Orange,CA,Passenger,5,3,8,471,479,1.67
April 30 2019,New London,CT,Passenger,0,1,1,244,245,0.41
December 31 2023,Coryell,TX,Passenger,1,0,1,66,67,1.49
February 28 2018,Contra Costa,CA,Passenger,0,1,1,462,463,0.22
March 31 2024,Santa Barbara,CA,Passenger,1,0,1,58,59,1.69
June 30 2021,El Dorado,CA,Passenger,1,0,1,35,36,2.78
March 31 2018,DeKalb,GA,Passenger,1,0,1,84,85,1.18
January 31 2022,Charleston,SC,Passenger,2,1,3,77,80,3.75
November 30 2023,Camden,NJ,Passenger,0,1,1,13,14,7.14
February 29 2024,Orange,NC,Passenger,0,1,1,3,4,25
June 30 2024,Snohomish,WA,Truck,384,0,384,117704,118088,0.33
November 30 2021,Kitsap,WA,Passenger,2082,940,3022,180128,183150,1.65
January 31 2020,Portsmouth,VA,Passenger,0,1,1,76,77,1.3
May 31 2020,San Mateo,CA,Passenger,0,1,1,126,127,0.79
August 31 2022,District of Columbia,DC,Passenger,2,0,2,156,158,1.27
February 28 2021,Palm Beach,FL,Passenger,1,2,3,80,83,3.61
June 30 2019,King,WA,Passenger,19077,7011,26088,1388535,1414623,1.84
January 31 2020,Sedgwick,KS,Passenger,1,1,2,98,100,2
March 31 2018,Walla Walla,WA,Truck,0,0,0,13311,13311,0
July 31 2021,Fairbanks North Star,AK,Passenger,0,1,1,88,89,1.12
September 30 2023,Washoe,NV,Passenger,2,0,2,51,53,3.77
March 31 2023,Pinal,AZ,Passenger,0,1,1,101,102,0.98
September 30 2023,Mobile,AL,Passenger,1,0,1,27,28,3.57
June 30 2023,Wahkiakum,WA,Passenger,26,17,43,3029,3072,1.4
December 31 2021,Franklin,WA,Passenger,162,104,266,62255,62521,0.43
September 30 2021,Orange,CA,Passenger,6,2,8,435,443,1.81
October 31 2021,Skamania,WA,Truck,0,0,0,4014,4014,0
July 31 2021,Clark,NV,Passenger,6,3,9,653,662,1.36
August 31 2021,Klickitat,WA,Truck,0,0,0,8316,8316,0
April 30 2019,San Joaquin,CA,Passenger,1,0,1,143,144,0.69
May 31 2023,Autauga,AL,Passenger,2,0,2,13,15,13.33
February 28 2018,Caddo,LA,Passenger,0,1,1,24,25,4
January 31 2024,Mercer,NJ,Passenger,0,1,1,6,7,14.29
November 30 2023,Whatcom,WA,Passenger,2899,1026,3925,147813,151738,2.59
June 30 2020,Island,WA,Truck,1,0,1,21192,21193,0
May 31 2024,St. Louis,MO,Passenger,1,0,1,43,44,2.27
April 30 2024,Sacramento,CA,Passenger,1,1,2,134,136,1.47
March 31 2017,Lincoln,WA,Passenger,2,4,6,7504,7510,0.08
August 31 2019,Garfield,WA,Truck,0,0,0,957,957,0
March 31 2023,Clallam,WA,Truck,17,0,17,21754,21771,0.08
May 31 2018,Palm Beach,FL,Passenger,0,2,2,84,86,2.33
August 31 2019,Oldham,KY,Passenger,0,1,1,5,6,16.67
May 31 2024,Solano,CA,Passenger,5,0,5,125,130,3.85
September 30 2023,San Juan,WA,Truck,17,0,17,5918,5935,0.29
February 29 2024,Walla Walla,WA,Passenger,275,143,418,35332,35750,1.17
September 30 2023,Stevens,WA,Truck,2,0,2,18696,18698,0.01
March 31 2019,Kern,CA,Passenger,0,1,1,226,227,0.44
May 31 2023,Douglas,WA,Truck,7,0,7,12963,12970,0.05
November 30 2023,Pierce,WA,Truck,224,0,224,135100,135324,0.17
April 30 2021,Whatcom,WA,Passenger,1355,582,1937,151037,152974,1.27
May 31 2019,Placer,CA,Passenger,1,0,1,113,114,0.88
May 31 2023,Essex,NJ,Passenger,2,0,2,8,10,20
January 31 2020,Hennepin,MN,Passenger,3,1,4,108,112,3.57
January 31 2020,Suffolk,MA,Passenger,0,1,1,39,40,2.5
April 30 2021,Alexandria,VA,Passenger,3,0,3,137,140,2.14
May 31 2024,Alameda,CA,Passenger,4,1,5,129,134,3.73
January 31 2021,Okaloosa,FL,Passenger,0,1,1,145,146,0.68
July 31 2018,Mercer,NJ,Passenger,0,1,1,18,19,5.26
November 30 2020,Queens,NY,Passenger,1,0,1,54,55,1.82
May 31 2017,Collier,FL,Passenger,1,0,1,23,24,4.17
April 30 2022,Okanogan,WA,Passenger,77,48,125,26434,26559,0.47
November 30 2019,Mason,WA,Passenger,140,128,268,47596,47864,0.56
May 31 2020,Island,WA,Passenger,409,271,680,62704,63384,1.07
December 31 2023,Stevens,WA,Passenger,139,74,213,29538,29751,0.72
September 30 2019,Grays Harbor,WA,Passenger,89,89,178,48081,48259,0.37
June 30 2020,Virginia Beach,VA,Passenger,1,0,1,667,668,0.15
December 31 2023,Calvert,MD,Passenger,1,1,2,73,75,2.67
April 30 2021,Flathead,MT,Passenger,2,0,2,52,54,3.7
February 28 2022,Charleston,SC,Passenger,2,1,3,76,79,3.8
July 31 2020,Skagit,WA,Passenger,425,223,648,91267,91915,0.7
July 31 2022,Walla Walla,WA,Truck,1,0,1,13909,13910,0.01
August 31 2019,Skagit,WA,Truck,1,0,1,32545,32546,0
May 31 2023,Adams,WA,Truck,2,0,2,5335,5337,0.04
September 30 2023,Yolo,CA,Passenger,2,0,2,23,25,8
July 31 2023,Hardin,KY,Passenger,1,0,1,59,60,1.67
January 31 2020,Berkshire,MA,Passenger,0,1,1,5,6,16.67
July 31 2022,Riverside,CA,Passenger,7,1,8,496,504,1.59
October 31 2023,Pierce,WA,Passenger,8940,3072,12012,527109,539121,2.23
June 30 2020,Lake,IL,Passenger,1,0,1,175,176,0.57
November 30 2018,Monterey,CA,Passenger,0,1,1,195,196,0.51
April 30 2021,Orange,CA,Passenger,5,3,8,464,472,1.69
July 31 2018,New Haven,CT,Passenger,0,1,1,48,49,2.04
November 30 2020,Arapahoe,CO,Passenger,1,0,1,134,135,0.74
March 31 2019,Penobscot,ME,Passenger,0,1,1,14,15,6.67
February 29 2020,Santa Clara,CA,Passenger,8,2,10,351,361,2.77
January 31 2021,Honolulu,HI,Passenger,5,2,7,460,467,1.5
August 31 2020,Placer,CA,Passenger,2,0,2,94,96,2.08
June 30 2023,Harford,MD,Passenger,1,1,2,42,44,4.55
February 28 2023,Williamsburg,VA,Passenger,0,1,1,7,8,12.5
March 31 2019,Dakota,MN,Passenger,0,2,2,34,36,5.56
July 31 2021,Randolph,NC,Passenger,1,0,1,6,7,14.29
September 30 2017,Spokane,WA,Passenger,276,229,505,298089,298594,0.17
June 30 2020,Portsmouth,VA,Passenger,0,1,1,71,72,1.39
November 30 2019,Whatcom,WA,Truck,2,0,2,43141,43143,0
September 30 2017,King,WA,Truck,7,1,8,186318,186326,0
February 28 2017,Clark,WA,Passenger,695,434,1129,297902,299031,0.38
February 28 2018,Jefferson,WA,Truck,0,0,0,9502,9502,0
June 30 2018,Franklin,WA,Passenger,39,66,105,57842,57947,0.18
December 31 2020,Whitman,WA,Passenger,51,44,95,21882,21977,0.43
October 31 2022,Clark,WA,Truck,31,0,31,82041,82072,0.04
March 31 2023,Arapahoe,CO,Passenger,1,1,2,90,92,2.17
May 31 2021,Arapahoe,CO,Passenger,1,0,1,128,129,0.78
July 31 2022,Lake,IL,Passenger,3,0,3,144,147,2.04
July 31 2023,Harford,MD,Passenger,1,1,2,41,43,4.65
September 30 2022,Ulster,NY,Passenger,1,0,1,12,13,7.69
November 30 2023,Collier,FL,Passenger,1,0,1,11,12,8.33
May 31 2021,Pennington,SD,Passenger,1,0,1,31,32,3.12
November 30 2023,Clark,WA,Truck,135,0,135,81006,81141,0.17
January 31 2024,Ferry,WA,Passenger,25,4,29,4292,4321,0.67
July 31 2022,Portsmouth,VA,Passenger,0,1,1,76,77,1.3
October 31 2017,Asotin,WA,Passenger,7,5,12,12470,12482,0.1
January 31 2020,Douglas,NE,Passenger,0,1,1,60,61,1.64
June 30 2020,New London,CT,Passenger,1,1,2,240,242,0.83
March 31 2018,Franklin,MA,Passenger,0,1,1,3,4,25
June 30 2022,Danville,VA,Passenger,1,0,1,0,1,100
April 30 2018,Skamania,WA,Truck,0,0,0,3923,3923,0
November 30 2017,Grays Harbor,WA,Passenger,42,41,83,45574,45657,0.18
July 31 2017,Fulton,GA,Passenger,1,0,1,114,115,0.87
May 31 2021,Sumter,SC,Passenger,0,1,1,37,38,2.63
October 31 2021,Baltimore,MD,Passenger,1,0,1,101,102,0.98
January 31 2023,Middlesex,MA,Passenger,2,0,2,86,88,2.27
July 31 2020,Washoe,NV,Passenger,1,0,1,108,109,0.92
November 30 2021,Leavenworth,KS,Passenger,0,1,1,106,107,0.93
March 31 2020,Stafford,VA,Passenger,1,1,2,98,100,2
July 31 2019,Norfolk,MA,Passenger,1,0,1,41,42,2.38
February 28 2021,Greene,MO,Passenger,0,1,1,36,37,2.7
November 30 2022,Lexington,SC,Passenger,1,0,1,24,25,4
October 31 2018,Lumpkin,GA,Passenger,1,0,1,7,8,12.5
March 31 2023,Kitsap,WA,Passenger,2960,1199,4159,176012,180171,2.31
January 31 2019,Lincoln,WA,Passenger,2,5,7,7753,7760,0.09
January 31 2019,Alameda,CA,Passenger,0,2,2,329,331,0.6
January 31 2020,Santa Clara,CA,Passenger,8,2,10,358,368,2.72
November 30 2018,Volusia,FL,Passenger,0,1,1,39,40,2.5
February 29 2020,Shelby,OH,Passenger,0,1,1,2,3,33.33
May 31 2022,Los Angeles,CA,Passenger,6,8,14,861,875,1.6
June 30 2018,Lincoln,WA,Passenger,2,6,8,7681,7689,0.1
November 30 2021,Kittitas,WA,Passenger,195,75,270,29828,30098,0.9
March 31 2018,Island,WA,Passenger,175,179,354,62017,62371,0.57
July 31 2022,Lewis,WA,Passenger,244,179,423,59602,60025,0.7
March 31 2023,Los Angeles,CA,Passenger,5,5,10,747,757,1.32
February 28 2023,Lewis,WA,Truck,4,0,4,26183,26187,0.02
July 31 2021,Milwaukee,WI,Passenger,1,0,1,46,47,2.13
February 28 2022,Kings,CA,Passenger,2,1,3,327,330,0.91
November 30 2022,Salt Lake,UT,Passenger,3,1,4,140,144,2.78
October 31 2023,Moore,NC,Passenger,0,1,1,101,102,0.98
July 31 2018,Morris,NJ,Passenger,1,0,1,16,17,5.88
September 30 2019,Sumter,FL,Passenger,0,1,1,10,11,9.09
February 28 2019,Valencia,NM,Passenger,1,0,1,11,12,8.33
January 31 2023,Brown,WI,Passenger,1,0,1,7,8,12.5
June 30 2023,Eagle,CO,Passenger,1,0,1,6,7,14.29
November 30 2021,Wilson,NC,Passenger,1,0,1,0,1,100
December 31 2017,El Paso,CO,Passenger,2,1,3,769,772,0.39
June 30 2020,Lewis,WA,Passenger,102,113,215,58158,58373,0.37
August 31 2017,Tarrant,TX,Passenger,1,0,1,233,234,0.43
July 31 2017,Ferry,WA,Truck,0,0,0,3528,3528,0
January 31 2022,Ferry,WA,Passenger,14,3,17,4438,4455,0.38
March 31 2022,Orange,CA,Passenger,6,3,9,410,419,2.15
September 30 2018,Whatcom,WA,Truck,2,0,2,42428,42430,0
October 31 2021,Kitsap,WA,Truck,0,0,0,54165,54165,0
March 31 2023,Clallam,WA,Passenger,508,276,784,49205,49989,1.57
November 30 2022,Franklin,WA,Passenger,246,117,363,61698,62061,0.58
November 30 2022,Douglas,WA,Passenger,162,58,220,28474,28694,0.77
January 31 2020,Virginia Beach,VA,Passenger,1,0,1,693,694,0.14
October 31 2017,Clay,FL,Passenger,0,1,1,112,113,0.88
November 30 2021,Stafford,VA,Passenger,2,1,3,106,109,2.75
March 31 2024,Maui,HI,Passenger,1,0,1,20,21,4.76
May 31 2019,San Diego,CA,Passenger,11,3,14,2668,2682,0.52
January 31 2018,Asotin,WA,Truck,0,0,0,6557,6557,0
December 31 2023,Wake,NC,Passenger,4,0,4,76,80,5
June 30 2017,Howard,MD,Passenger,0,2,2,95,97,2.06
January 31 2020,Lewis,WA,Truck,0,0,0,26097,26097,0
January 31 2021,Harris,TX,Passenger,1,1,2,250,252,0.79
February 28 2021,Douglas,WA,Passenger,87,46,133,28244,28377,0.47
March 31 2020,Skagit,WA,Truck,1,0,1,32544,32545,0
October 31 2021,Bernalillo,NM,Passenger,1,0,1,111,112,0.89
October 31 2019,Carroll,NH,Passenger,0,1,1,3,4,25
January 31 2019,Carson City,NV,Passenger,1,0,1,14,15,6.67
February 29 2024,Monterey,CA,Truck,1,0,1,27,28,3.57
January 31 2021,Wilson,TX,Passenger,0,1,1,6,7,14.29
July 31 2019,Prince William,VA,Passenger,1,4,5,246,251,1.99
December 31 2017,King,WA,Truck,8,1,9,185003,185012,0
August 31 2019,Pierce,WA,Truck,0,0,0,140273,140273,0
May 31 2019,Pend Oreille,WA,Truck,0,0,0,5743,5743,0
September 30 2018,Washington,OR,Passenger,0,1,1,480,481,0.21
April 30 2024,Fairfax,VA,Passenger,10,5,15,514,529,2.84
November 30 2023,Pulaski,AR,Passenger,2,0,2,19,21,9.52
April 30 2021,DuPage,IL,Passenger,4,1,5,59,64,7.81
January 31 2019,Frederick,MD,Passenger,0,1,1,77,78,1.28
March 31 2020,Clark,WA,Truck,0,0,0,82018,82018,0
September 30 2018,Ventura,CA,Passenger,0,2,2,325,327,0.61
June 30 2024,Chesapeake,VA,Passenger,2,0,2,246,248,0.81
May 31 2020,Multnomah,OR,Passenger,4,7,11,740,751,1.46
February 28 2019,Island,WA,Truck,0,0,0,21160,21160,0
August 31 2023,Bexar,TX,Passenger,1,3,4,384,388,1.03
May 31 2018,Moore,NC,Passenger,0,1,1,191,192,0.52
July 31 2022,Prince William,VA,Passenger,1,4,5,197,202,2.48
September 30 2019,Williamson,TX,Passenger,0,2,2,157,159,1.26
March 31 2024,Onslow,NC,Passenger,0,1,1,119,120,0.83
March 31 2024,Douglas,CO,Passenger,0,2,2,44,46,4.35
May 31 2022,Calvert,MD,Passenger,0,2,2,83,85,2.35
June 30 2024,Marion,IA,Passenger,1,0,1,0,1,100
June 30 2020,Clallam,WA,Passenger,228,168,396,50080,50476,0.78
June 30 2023,Portsmouth,VA,Passenger,0,1,1,61,62,1.61
January 31 2021,Cascade,MT,Passenger,0,1,1,59,60,1.67
December 31 2019,Boone,MO,Passenger,0,1,1,11,12,8.33
May 31 2021,Loudoun,VA,Passenger,1,0,1,75,76,1.32
September 30 2020,Ulster,NY,Passenger,1,0,1,13,14,7.14
April 30 2018,Adams,WA,Truck,0,0,0,5147,5147,0
April 30 2019,Norfolk,VA,Passenger,2,2,4,354,358,1.12
March 31 2020,Kitsap,WA,Passenger,1297,674,1971,181695,183666,1.07
January 31 2021,Pierce,WA,Passenger,2962,1789,4751,555183,559934,0.85
September 30 2020,Lewis,WA,Passenger,111,119,230,58294,58524,0.39
August 31 2021,Lewis,WA,Passenger,181,153,334,59603,59937,0.56
December 31 2017,Riverside,CA,Passenger,1,2,3,749,752,0.4
November 30 2021,Salt Lake,UT,Passenger,1,1,2,182,184,1.09
April 30 2020,Camden,NJ,Passenger,0,2,2,21,23,8.7
August 31 2022,Sumter,SC,Passenger,0,1,1,34,35,2.86
July 31 2021,Washtenaw,MI,Passenger,0,1,1,30,31,3.23
August 31 2023,Ulster,NY,Passenger,1,0,1,8,9,11.11
February 28 2023,El Paso,TX,Passenger,4,0,4,322,326,1.23
July 31 2018,Clark,WA,Passenger,1042,744,1786,308594,310380,0.58
March 31 2020,Stevens,WA,Truck,0,0,0,18695,18695,0
February 28 2018,Cowlitz,WA,Truck,0,0,0,28181,28181,0
June 30 2020,Kittitas,WA,Passenger,99,47,146,29797,29943,0.49
January 31 2024,Kittitas,WA,Truck,24,0,24,14597,14621,0.16
December 31 2021,Coryell,TX,Passenger,1,0,1,110,111,0.9
September 30 2023,Lake,IL,Passenger,4,0,4,123,127,3.15
February 28 2023,Kootenai,ID,Passenger,0,2,2,145,147,1.36
January 31 2021,Nassau,NY,Passenger,4,0,4,35,39,10.26
April 30 2023,Newport News,VA,Passenger,1,0,1,114,115,0.87
November 30 2022,Owyhee,ID,Passenger,1,0,1,4,5,20
June 30 2017,El Paso,CO,Passenger,2,1,3,809,812,0.37
January 31 2022,Stevens,WA,Passenger,59,47,106,30149,30255,0.35
September 30 2019,Bexar,TX,Passenger,0,5,5,669,674,0.74
January 31 2024,Doña Ana,NM,Passenger,1,0,1,12,13,7.69
June 30 2024,Hennepin,MN,Passenger,1,0,1,22,23,4.35
November 30 2023,Polk,OR,Passenger,1,1,2,16,18,11.11
September 30 2017,Lincoln,WA,Truck,0,0,0,4472,4472,0
July 31 2022,Douglas,WA,Passenger,139,60,199,28384,28583,0.7
August 31 2023,Garfield,WA,Truck,0,0,0,966,966,0
November 30 2022,Kootenai,ID,Passenger,0,1,1,150,151,0.66
September 30 2018,Moore,NC,Passenger,0,1,1,190,191,0.52
February 28 2022,Stafford,VA,Passenger,2,1,3,101,104,2.88
October 31 2022,Williamson,TX,Passenger,0,2,2,82,84,2.38
July 31 2023,Fairfax,VA,Truck,1,0,1,87,88,1.14
January 31 2021,Putnam,TN,Passenger,0,1,1,3,4,25
January 31 2022,Eagle,CO,Passenger,1,0,1,6,7,14.29
April 30 2018,Benton,WA,Passenger,178,188,366,130928,131294,0.28
January 31 2018,Jefferson,NY,Passenger,1,0,1,228,229,0.44
October 31 2017,Franklin,WA,Passenger,31,49,80,56500,56580,0.14
January 31 2019,Honolulu,HI,Passenger,1,3,4,525,529,0.76
November 30 2017,Prince William,VA,Passenger,0,4,4,268,272,1.47
March 31 2017,Cascade,MT,Passenger,0,1,1,63,64,1.56
March 31 2019,Goochland,VA,Passenger,1,1,2,254,256,0.78
October 31 2022,Moore,NC,Passenger,0,1,1,110,111,0.9
February 28 2018,Manatee,FL,Passenger,1,0,1,41,42,2.38
December 31 2022,Sumter,SC,Passenger,0,1,1,34,35,2.86
September 30 2023,Flathead,MT,Passenger,1,0,1,22,23,4.35
February 28 2021,Juneau,AK,Passenger,0,1,1,28,29,3.45
December 31 2022,Harnett,NC,Passenger,2,0,2,153,155,1.29
December 31 2021,Spokane,WA,Truck,0,0,0,102684,102684,0
March 31 2021,Whatcom,WA,Truck,4,0,4,43767,43771,0.01
September 30 2022,Skagit,WA,Truck,6,0,6,32177,32183,0.02
January 31 2024,Bexar,TX,Passenger,1,3,4,350,354,1.13
August 31 2019,Volusia,FL,Passenger,0,1,1,41,42,2.38
June 30 2022,Howard,MD,Passenger,0,2,2,69,71,2.82
July 31 2022,Allegheny,PA,Passenger,2,1,3,69,72,4.17
May 31 2022,Autauga,AL,Passenger,1,0,1,13,14,7.14
January 31 2022,Owyhee,ID,Passenger,1,0,1,3,4,25
September 30 2022,Bartow,GA,Passenger,0,1,1,4,5,20
February 28 2019,Howard,MD,Passenger,0,1,1,88,89,1.12
October 31 2023,Garfield,WA,Truck,0,0,0,980,980,0
March 31 2023,Grant,WA,Truck,8,0,8,28059,28067,0.03
July 31 2024,Yakima,WA,Passenger,818,345,1163,162267,163430,0.71
February 29 2024,Chelan,WA,Truck,51,0,51,23040,23091,0.22
November 30 2019,Jefferson,WA,Truck,0,0,0,9650,9650,0
January 31 2019,Harnett,NC,Passenger,1,0,1,224,225,0.44
March 31 2023,Lake,IL,Passenger,2,0,2,134,136,1.47
September 30 2022,Essex,NJ,Passenger,2,0,2,11,13,15.38
June 30 2023,Providence,RI,Passenger,1,0,1,21,22,4.55
August 31 2017,Collier,FL,Passenger,1,0,1,25,26,3.85
June 30 2022,El Paso,CO,Passenger,3,3,6,640,646,0.93
March 31 2020,Yakima,WA,Truck,0,0,0,59583,59583,0
January 31 2022,San Juan,WA,Passenger,482,151,633,14165,14798,4.28
November 30 2021,Honolulu,HI,Passenger,4,3,7,413,420,1.67
March 31 2024,San Mateo,CA,Passenger,2,0,2,53,55,3.64
January 31 2021,Albemarle,VA,Passenger,1,0,1,22,23,4.35
May 31 2019,St. Lucie,FL,Passenger,1,0,1,28,29,3.45
February 28 2019,Cumberland,NC,Passenger,1,2,3,526,529,0.57
January 31 2018,Skamania,WA,Passenger,11,8,19,8605,8624,0.22
October 31 2019,Denver,CO,Passenger,1,0,1,133,134,0.75
January 31 2021,San Bernardino,CA,Passenger,1,0,1,404,405,0.25
June 30 2020,Allegheny,PA,Passenger,2,0,2,83,85,2.35
May 31 2021,Klamath,OR,Passenger,1,0,1,35,36,2.78
August 31 2020,Utah,UT,Passenger,0,1,1,139,140,0.71
November 30 2019,DuPage,IL,Passenger,3,0,3,67,70,4.29
August 31 2022,Juneau,AK,Passenger,0,1,1,31,32,3.12
May 31 2020,Juneau,AK,Passenger,0,2,2,31,33,6.06
November 30 2017,Sumter,FL,Passenger,0,1,1,11,12,8.33
April 30 2019,Whitman,WA,Truck,0,0,0,8518,8518,0
December 31 2021,Asotin,WA,Truck,0,0,0,6749,6749,0
March 31 2023,Kittitas,WA,Passenger,324,94,418,29456,29874,1.4
August 31 2017,Santa Clara,CA,Passenger,5,2,7,401,408,1.72
March 31 2018,Pierce,WA,Passenger,1126,1053,2179,527715,529894,0.41
April 30 2017,San Juan,WA,Truck,0,0,0,5551,5551,0
June 30 2020,Arapahoe,CO,Passenger,1,0,1,135,136,0.74
November 30 2022,Autauga,AL,Passenger,2,0,2,14,16,12.5
July 31 2024,Autauga,AL,Passenger,2,1,3,10,13,23.08
April 30 2021,Harrison,MS,Passenger,2,0,2,53,55,3.64
April 30 2022,Norfolk,MA,Passenger,1,0,1,28,29,3.45
September 30 2018,DuPage,IL,Passenger,1,0,1,60,61,1.64
March 31 2023,Plaquemines,LA,Passenger,1,1,2,18,20,10
June 30 2022,Lewis,WA,Truck,0,0,0,26393,26393,0
August 31 2018,Whitman,WA,Truck,0,0,0,8508,8508,0
August 31 2023,Asotin,WA,Passenger,38,23,61,12346,12407,0.49
February 28 2017,Skagit,WA,Truck,1,0,1,31401,31402,0
November 30 2020,Frederick,MD,Passenger,1,1,2,67,69,2.9
January 31 2022,Frederick,MD,Passenger,1,1,2,69,71,2.82
May 31 2017,Latah,ID,Passenger,0,1,1,113,114,0.88
January 31 2024,Lane,OR,Passenger,0,2,2,59,61,3.28
July 31 2019,Montgomery,PA,Passenger,2,0,2,38,40,5
November 30 2017,Nantucket,MA,Passenger,1,0,1,3,4,25
June 30 2021,Thurston,WA,Truck,0,0,0,56502,56502,0
November 30 2017,San Juan,WA,Passenger,126,41,167,13779,13946,1.2
July 31 2023,Wahkiakum,WA,Passenger,26,17,43,3014,3057,1.41
October 31 2022,Walla Walla,WA,Truck,3,0,3,13934,13937,0.02
June 30 2017,Snohomish,WA,Passenger,1793,902,2695,513084,515779,0.52
September 30 2017,Sangamon,IL,Passenger,1,0,1,11,12,8.33
February 28 2022,Travis,TX,Passenger,2,0,2,139,141,1.42
September 30 2022,Fairbanks North Star,AK,Passenger,0,1,1,73,74,1.35
September 30 2019,Jefferson,CO,Passenger,0,2,2,56,58,3.45
January 31 2021,Tarrant,TX,Passenger,1,0,1,171,172,0.58
April 30 2022,Marin,CA,Passenger,1,1,2,37,39,5.13
September 30 2021,Philadelphia,PA,Passenger,1,0,1,51,52,1.92
September 30 2020,Fairfax,VA,Passenger,5,2,7,741,748,0.94
June 30 2019,Pacific,WA,Truck,0,0,0,7648,7648,0
November 30 2019,Chesapeake,VA,Passenger,0,1,1,450,451,0.22
March 31 2022,Lane,OR,Passenger,0,2,2,117,119,1.68
March 31 2018,Gwinnett,GA,Passenger,0,1,1,81,82,1.22
August 31 2022,Grays Harbor,WA,Truck,2,0,2,21190,21192,0.01
August 31 2020,Skagit,WA,Truck,1,0,1,32622,32623,0
May 31 2020,Hillsborough,FL,Passenger,0,1,1,187,188,0.53
July 31 2024,Essex,NJ,Passenger,1,1,2,6,8,25
March 31 2020,Jefferson,CO,Passenger,0,1,1,54,55,1.82
December 31 2018,Carson City,NV,Passenger,1,0,1,15,16,6.25
August 31 2021,Sumter,SC,Passenger,0,1,1,36,37,2.7
June 30 2019,Goochland,VA,Passenger,1,1,2,264,266,0.75
October 31 2020,Montgomery,OH,Passenger,0,1,1,48,49,2.04
June 30 2019,Suffolk,MA,Passenger,0,1,1,42,43,2.33
September 30 2017,Douglas,WA,Passenger,35,29,64,26925,26989,0.24
December 31 2019,Thurston,WA,Truck,0,0,0,55705,55705,0
March 31 2022,Klickitat,WA,Truck,0,0,0,8298,8298,0
March 31 2018,Lincoln,WA,Passenger,2,5,7,7575,7582,0.09
November 30 2023,Charles,MD,Passenger,1,1,2,52,54,3.7
October 31 2021,Palm Beach,FL,Passenger,1,1,2,69,71,2.82
June 30 2022,Hamilton,OH,Passenger,1,0,1,35,36,2.78
September 30 2021,Carroll,MD,Passenger,0,1,1,18,19,5.26
February 28 2019,Nantucket,MA,Passenger,1,0,1,4,5,20
February 28 2022,Stevens,WA,Passenger,59,47,106,30053,30159,0.35
February 29 2024,Grays Harbor,WA,Truck,18,0,18,20738,20756,0.09
August 31 2017,Clark,NV,Passenger,2,3,5,807,812,0.62
October 31 2021,Frederick,MD,Passenger,1,1,2,69,71,2.82
October 31 2020,Honolulu,HI,Passenger,5,2,7,469,476,1.47
December 31 2022,Carroll,NH,Passenger,0,1,1,4,5,20
May 31 2021,Plaquemines,LA,Passenger,0,1,1,16,17,5.88
September 30 2023,Wilson,TX,Passenger,0,1,1,3,4,25
December 31 2019,Lake,IL,Passenger,1,0,1,174,175,0.57
June 30 2017,Dakota,MN,Passenger,0,1,1,38,39,2.56
September 30 2020,Cowlitz,WA,Truck,0,0,0,28925,28925,0
January 31 2021,Pierce,WA,Truck,0,0,0,144780,144780,0
August 31 2021,Clark,WA,Truck,0,0,0,84123,84123,0
May 31 2022,Snohomish,WA,Truck,6,0,6,124031,124037,0
October 31 2019,Maui,HI,Passenger,2,0,2,46,48,4.17
May 31 2017,Snohomish,WA,Truck,1,0,1,121857,121858,0
March 31 2019,Lincoln,WA,Passenger,3,6,9,7730,7739,0.12
April 30 2022,Greene,MO,Passenger,0,1,1,30,31,3.23
August 31 2021,Hamilton,IN,Passenger,2,0,2,36,38,5.26
August 31 2020,Clark,WA,Passenger,2137,1076,3213,318094,321307,1
September 30 2017,King,WA,Passenger,10649,4346,14995,1372093,1387088,1.08
October 31 2018,Mason,WA,Passenger,101,106,207,46345,46552,0.44
October 31 2023,Columbia,WA,Passenger,12,0,12,2424,2436,0.49
February 28 2023,Cumberland,NC,Passenger,2,4,6,349,355,1.69
September 30 2023,Harris,TX,Passenger,2,1,3,145,148,2.03
April 30 2020,Columbia,OR,Passenger,1,0,1,25,26,3.85
February 28 2017,Santa Fe,NM,Passenger,0,1,1,44,45,2.22
December 31 2023,Charleston,SC,Passenger,1,2,3,48,51,5.88
January 31 2024,San Juan,WA,Truck,30,0,30,5904,5934,0.51
September 30 2020,Asotin,WA,Truck,0,0,0,6692,6692,0
February 28 2022,Frederick,MD,Passenger,1,1,2,68,70,2.86
March 31 2022,Middlesex,MA,Passenger,1,0,1,96,97,1.03
June 30 2022,Carroll,NH,Passenger,0,1,1,4,5,20
January 31 2021,Hudson,NJ,Passenger,1,0,1,41,42,2.38
December 31 2022,Galveston,TX,Passenger,0,1,1,17,18,5.56
May 31 2024,Caddo,LA,Passenger,2,0,2,10,12,16.67
January 31 2023,Carroll,MD,Passenger,0,1,1,21,22,4.55
March 31 2024,Kitsap,WA,Truck,126,0,126,51474,51600,0.24
July 31 2022,Douglas,WA,Truck,1,0,1,12744,12745,0.01
August 31 2021,Clark,NV,Passenger,6,3,9,646,655,1.37
May 31 2018,Hardin,KY,Passenger,0,1,1,113,114,0.88
November 30 2017,Kittitas,WA,Passenger,35,24,59,28261,28320,0.21
May 31 2023,Thurston,WA,Passenger,3027,1207,4234,190061,194295,2.18
August 31 2023,Grays Harbor,WA,Truck,9,0,9,20888,20897,0.04
January 31 2024,Kittitas,WA,Passenger,485,120,605,29438,30043,2.01
August 31 2019,Santa Clara,CA,Passenger,4,2,6,375,381,1.57
May 31 2024,Middlesex,MA,Passenger,2,0,2,62,64,3.12
January 31 2021,Kings,NY,Passenger,1,0,1,67,68,1.47
December 31 2019,Camden,NJ,Passenger,0,2,2,21,23,8.7
April 30 2023,Yavapai,AZ,Passenger,0,1,1,23,24,4.17
October 31 2023,St. Lawrence,NY,Passenger,1,0,1,4,5,20
April 30 2020,Santa Cruz,CA,Passenger,1,0,1,40,41,2.44
May 31 2019,Spokane,WA,Passenger,528,421,949,310823,311772,0.3
July 31 2018,San Juan,WA,Truck,0,0,0,5728,5728,0
May 31 2019,Douglas,NE,Passenger,0,1,1,65,66,1.52
September 30 2017,Monterey,CA,Passenger,0,2,2,199,201,1
December 31 2020,El Paso,CO,Passenger,3,1,4,716,720,0.56
September 30 2017,Volusia,FL,Passenger,0,1,1,44,45,2.22
November 30 2022,Richland,SC,Passenger,0,1,1,130,131,0.76
May 31 2021,Columbia,OR,Passenger,1,0,1,19,20,5
July 31 2020,Cowlitz,WA,Passenger,146,117,263,72213,72476,0.36
January 31 2024,Ventura,CA,Passenger,3,3,6,210,216,2.78
January 31 2020,Cochise,AZ,Passenger,0,1,1,103,104,0.96
November 30 2022,Allegheny,PA,Passenger,2,0,2,66,68,2.94
April 30 2018,Pacific,WA,Truck,0,0,0,7591,7591,0
June 30 2018,Hawaii,HI,Passenger,1,0,1,76,77,1.3
June 30 2024,Douglas,NE,Passenger,0,1,1,22,23,4.35
November 30 2019,Palm Beach,FL,Passenger,0,2,2,85,87,2.3
January 31 2021,Manassas,VA,Passenger,0,1,1,5,6,16.67
June 30 2022,Camden,NJ,Passenger,0,1,1,14,15,6.67
June 30 2019,Douglas,NE,Passenger,0,1,1,64,65,1.54
June 30 2020,Mercer,NJ,Passenger,0,1,1,14,15,6.67
January 31 2019,Spokane,WA,Truck,1,0,1,93914,93915,0
July 31 2022,Pulaski,AR,Passenger,1,0,1,29,30,3.33
August 31 2017,Manassas,VA,Passenger,0,1,1,9,10,10
November 30 2021,Rockingham,NH,Passenger,1,0,1,20,21,4.76
October 31 2023,Chesapeake,VA,Passenger,2,0,2,300,302,0.66
July 31 2019,Pend Oreille,WA,Passenger,4,6,10,9532,9542,0.1
November 30 2018,Alameda,CA,Passenger,0,2,2,339,341,0.59
November 30 2023,Suffolk,VA,Passenger,1,0,1,100,101,0.99
March 31 2020,Cascade,MT,Passenger,0,1,1,60,61,1.64
April 30 2023,Columbia,WA,Truck,0,0,0,1553,1553,0
August 31 2018,Whatcom,WA,Passenger,654,321,975,148223,149198,0.65
October 31 2019,Douglas,WA,Passenger,63,38,101,28261,28362,0.36
August 31 2020,Klickitat,WA,Truck,0,0,0,8099,8099,0
October 31 2018,Palm Beach,FL,Passenger,0,2,2,91,93,2.15
February 28 2021,Clinton,PA,Passenger,1,0,1,0,1,100
December 31 2023,Clallam,WA,Passenger,666,315,981,48947,49928,1.96
August 31 2021,Pierce,WA,Truck,0,0,0,145515,145515,0
July 31 2023,Bexar,TX,Passenger,2,3,5,390,395,1.27
April 30 2022,Pennington,SD,Passenger,2,0,2,28,30,6.67
September 30 2018,Latah,ID,Passenger,0,1,1,77,78,1.28
August 31 2022,Island,WA,Truck,9,0,9,21264,21273,0.04
April 30 2021,King,WA,Passenger,29452,8751,38203,1368399,1406602,2.72
September 30 2021,Yakima,WA,Truck,0,0,0,61718,61718,0
September 30 2020,Tarrant,TX,Passenger,1,0,1,175,176,0.57
August 31 2021,Williamson,TX,Passenger,0,2,2,118,120,1.67
September 30 2019,Norfolk,MA,Passenger,1,0,1,38,39,2.56
December 31 2021,Lee,FL,Passenger,1,0,1,35,36,2.78
September 30 2020,Boone,MO,Passenger,0,1,1,10,11,9.09
October 31 2019,Richland,SC,Passenger,0,1,1,159,160,0.62
December 31 2023,Burlington,NJ,Passenger,2,2,4,81,85,4.71
November 30 2019,Montgomery,OH,Passenger,0,1,1,47,48,2.08
January 31 2017,Portsmouth,VA,Passenger,0,1,1,63,64,1.56
April 30 2017,Allegheny,PA,Passenger,1,0,1,93,94,1.06
December 31 2017,Sangamon,IL,Passenger,1,0,1,10,11,9.09
April 30 2023,Hamilton,OH,Truck,1,0,1,4,5,20
May 31 2022,Yakima,WA,Passenger,325,189,514,166954,167468,0.31
March 31 2017,Whatcom,WA,Passenger,417,156,573,142199,142772,0.4
July 31 2023,San Juan,WA,Truck,15,0,15,5936,5951,0.25
October 31 2023,Multnomah,OR,Passenger,2,2,4,407,411,0.97
September 30 2021,Kootenai,ID,Passenger,0,1,1,194,195,0.51
October 31 2023,Okanogan,WA,Truck,8,0,8,16355,16363,0.05
May 31 2024,Honolulu,HI,Passenger,5,2,7,228,235,2.98
September 30 2023,Maricopa,AZ,Passenger,13,5,18,706,724,2.49
May 31 2024,El Dorado,CA,Passenger,1,0,1,14,15,6.67
August 31 2022,Collier,FL,Passenger,1,0,1,15,16,6.25
April 30 2023,Lake,IL,Passenger,3,0,3,133,136,2.21
July 31 2017,Franklin,WA,Truck,0,0,0,18171,18171,0
November 30 2023,Bell,TX,Passenger,2,0,2,238,240,0.83
September 30 2017,Honolulu,HI,Passenger,2,2,4,575,579,0.69
August 31 2021,New York,NY,Passenger,2,0,2,46,48,4.17
October 31 2023,Hoke,NC,Passenger,1,0,1,63,64,1.56
May 31 2021,Placer,CA,Passenger,2,0,2,87,89,2.25
May 31 2024,James City,VA,Passenger,1,0,1,27,28,3.57
May 31 2022,Wake,NC,Passenger,1,0,1,107,108,0.93
August 31 2017,Maricopa,AZ,Passenger,1,1,2,1746,1748,0.11
July 31 2020,Bexar,TX,Passenger,3,5,8,624,632,1.27
September 30 2020,Deschutes,OR,Passenger,2,0,2,143,145,1.38
December 31 2019,Brevard,FL,Passenger,0,1,1,94,95,1.05
October 31 2018,Flathead,MT,Passenger,1,0,1,59,60,1.67
December 31 2018,Oldham,KY,Passenger,0,1,1,5,6,16.67
December 31 2017,San Juan,WA,Passenger,132,43,175,13847,14022,1.25
January 31 2024,Chelan,WA,Passenger,778,216,994,54258,55252,1.8
December 31 2017,Franklin,WA,Truck,0,0,0,18487,18487,0
April 30 2019,Wahkiakum,WA,Truck,0,0,0,1733,1733,0
September 30 2022,Douglas,WA,Truck,1,0,1,12777,12778,0.01
November 30 2021,Douglas,CO,Passenger,0,1,1,90,91,1.1
October 31 2022,Grant,WA,Truck,2,0,2,27989,27991,0.01
August 31 2019,Ferry,WA,Truck,0,0,0,3580,3580,0
June 30 2022,Washington,MD,Passenger,2,0,2,13,15,13.33
October 31 2021,Grays Harbor,WA,Passenger,187,151,338,49449,49787,0.68
May 31 2024,Wahkiakum,WA,Passenger,36,23,59,3027,3086,1.91
June 30 2020,Lewis,WA,Truck,0,0,0,26211,26211,0
November 30 2020,Flathead,MT,Passenger,2,0,2,61,63,3.17
February 28 2022,DuPage,IL,Passenger,3,1,4,52,56,7.14
March 31 2022,Okaloosa,FL,Passenger,0,1,1,112,113,0.88
January 31 2023,King,WA,Passenger,49794,12498,62292,1331111,1393403,4.47
June 30 2023,Skagit,WA,Truck,21,0,21,31857,31878,0.07
March 31 2021,Chelan,WA,Truck,0,0,0,22969,22969,0
May 31 2022,DuPage,IL,Passenger,3,1,4,51,55,7.27
June 30 2023,Nueces,TX,Passenger,0,1,1,53,54,1.85
March 31 2019,Prince William,VA,Passenger,0,5,5,255,260,1.92
July 31 2023,Saratoga,NY,Passenger,1,1,2,36,38,5.26
April 30 2017,Franklin,OH,Passenger,0,1,1,128,129,0.78
October 31 2021,Williamson,TX,Passenger,1,2,3,115,118,2.54
May 31 2023,Platte,MO,Passenger,1,0,1,21,22,4.55
December 31 2022,Clinton,PA,Passenger,1,0,1,1,2,50
July 31 2024,Spokane,WA,Truck,116,0,116,98814,98930,0.12
April 30 2018,St. Lucie,FL,Passenger,1,0,1,25,26,3.85
June 30 2018,Howard,MD,Passenger,0,1,1,93,94,1.06
March 31 2023,Kootenai,ID,Truck,1,0,1,31,32,3.12
August 31 2022,St. Lawrence,NY,Passenger,1,0,1,4,5,20
October 31 2020,Pacific,WA,Passenger,34,34,68,15714,15782,0.43
January 31 2017,New Haven,CT,Passenger,0,1,1,65,66,1.52
September 30 2020,Arlington,VA,Passenger,0,2,2,152,154,1.3
April 30 2023,Columbia,GA,Passenger,1,0,1,84,85,1.18
March 31 2020,Flathead,MT,Passenger,1,0,1,71,72,1.39
April 30 2023,Yuba,CA,Passenger,1,0,1,56,57,1.75
October 31 2023,Walla Walla,WA,Truck,7,0,7,13720,13727,0.05
April 30 2024,Bexar,TX,Passenger,2,3,5,326,331,1.51
January 31 2021,Montgomery,MD,Passenger,1,0,1,240,241,0.41
July 31 2021,Albemarle,VA,Passenger,2,0,2,21,23,8.7
July 31 2021,Washington,MD,Passenger,2,0,2,11,13,15.38
November 30 2023,Larimer,CO,Passenger,1,0,1,21,22,4.55
May 31 2020,King,WA,Truck,5,1,6,181358,181364,0
August 31 2021,Douglas,WA,Truck,0,0,0,12675,12675,0
August 31 2022,Pend Oreille,WA,Passenger,18,12,30,9010,9040,0.33
September 30 2021,Milwaukee,WI,Passenger,1,0,1,45,46,2.17
July 31 2018,Garfield,OK,Passenger,1,0,1,18,19,5.26
November 30 2022,Hamilton,OH,Truck,1,0,1,4,5,20
April 30 2019,Chelan,WA,Passenger,147,66,213,54292,54505,0.39
April 30 2019,Pend Oreille,WA,Truck,0,0,0,5755,5755,0
April 30 2023,Chesapeake,VA,Passenger,3,1,4,323,327,1.22
August 31 2021,Okaloosa,FL,Passenger,0,1,1,122,123,0.81
April 30 2019,Dakota,MN,Passenger,0,2,2,35,37,5.41
March 31 2020,Ferry,WA,Passenger,5,3,8,4368,4376,0.18
September 30 2023,Adams,WA,Truck,3,0,3,5367,5370,0.06
March 31 2020,Palm Beach,FL,Passenger,0,3,3,82,85,3.53
January 31 2024,Yakima,WA,Truck,17,0,17,60878,60895,0.03
December 31 2021,Clark,WA,Truck,1,0,1,83932,83933,0
March 31 2023,Island,WA,Passenger,982,419,1401,61115,62516,2.24
December 31 2017,Garfield,WA,Truck,0,0,0,941,941,0
December 31 2019,El Paso,CO,Passenger,3,2,5,753,758,0.66
May 31 2023,Prince William,VA,Passenger,1,4,5,172,177,2.82
August 31 2021,Randolph,NC,Passenger,1,0,1,6,7,14.29
February 28 2023,Cass,MN,Passenger,0,1,1,2,3,33.33
March 31 2022,Cowlitz,WA,Passenger,293,172,465,71011,71476,0.65
March 31 2019,Guadalupe,TX,Passenger,1,0,1,81,82,1.22
March 31 2024,Fresno,CA,Passenger,0,1,1,123,124,0.81
June 30 2020,Columbia,OR,Passenger,1,0,1,27,28,3.57
November 30 2023,Lake,IN,Passenger,0,1,1,6,7,14.29
October 31 2021,Eagle,CO,Passenger,1,0,1,8,9,11.11
June 30 2024,Snohomish,WA,Passenger,18683,4023,22706,517964,540670,4.2
December 31 2020,Island,WA,Passenger,507,289,796,62878,63674,1.25
September 30 2021,Prince George's,MD,Passenger,2,1,3,151,154,1.95
December 31 2019,Kootenai,ID,Passenger,1,2,3,230,233,1.29
November 30 2020,DeKalb,GA,Passenger,1,0,1,76,77,1.3
February 28 2021,Leavenworth,KS,Passenger,0,1,1,113,114,0.88
August 31 2018,Lumpkin,GA,Passenger,1,0,1,7,8,12.5
August 31 2019,Stevens,WA,Passenger,23,29,52,31684,31736,0.16
October 31 2023,Asotin,WA,Passenger,40,25,65,12293,12358,0.53
June 30 2018,Clark,NV,Passenger,2,3,5,760,765,0.65
May 31 2018,Whitman,WA,Truck,0,0,0,8472,8472,0
February 29 2024,Washoe,NV,Passenger,2,0,2,46,48,4.17
August 31 2022,Cook,IL,Passenger,1,0,1,207,208,0.48
November 30 2019,Hennepin,MN,Passenger,3,1,4,104,108,3.7
August 31 2023,Galveston,TX,Passenger,0,1,1,14,15,6.67
March 31 2023,Snohomish,WA,Truck,133,0,133,121964,122097,0.11
July 31 2022,Spokane,WA,Truck,8,0,8,101887,101895,0.01
September 30 2018,Wahkiakum,WA,Passenger,1,1,2,2978,2980,0.07
January 31 2023,San Juan,WA,Truck,9,0,9,5911,5920,0.15
April 30 2024,York,VA,Passenger,1,0,1,63,64,1.56
July 31 2022,Lincoln,OR,Passenger,0,1,1,27,28,3.57
October 31 2021,Hawaii,HI,Passenger,1,0,1,49,50,2
May 31 2020,Powhatan,VA,Passenger,1,0,1,1,2,50
June 30 2021,Cook,IL,Passenger,1,0,1,228,229,0.44
January 31 2024,Kootenai,ID,Passenger,0,2,2,94,96,2.08
March 31 2021,Jones,GA,Passenger,1,0,1,1,2,50
November 30 2020,Pierce,WA,Passenger,2758,1755,4513,554441,558954,0.81
February 28 2019,Whitman,WA,Passenger,25,40,65,22748,22813,0.28
June 30 2023,Adams,CO,Passenger,1,0,1,26,27,3.7
May 31 2018,Essex,NJ,Passenger,1,0,1,12,13,7.69
December 31 2020,Stevens,WA,Truck,0,0,0,18711,18711,0
April 30 2021,Grays Harbor,WA,Truck,0,0,0,21407,21407,0
July 31 2017,Yakima,WA,Truck,0,0,0,57459,57459,0
June 30 2021,Arlington,VA,Passenger,0,1,1,148,149,0.67
October 31 2022,District of Columbia,DC,Passenger,2,0,2,154,156,1.28
January 31 2022,Chelan,WA,Truck,0,0,0,23045,23045,0
June 30 2019,Boulder,CO,Passenger,1,0,1,49,50,2
July 31 2023,Rockdale,GA,Passenger,1,0,1,5,6,16.67
August 31 2021,Sevier,AR,Passenger,0,1,1,0,1,100
February 28 2021,Charleston,SC,Passenger,2,0,2,89,91,2.2
July 31 2023,Cowlitz,WA,Truck,10,0,10,28178,28188,0.04
September 30 2020,Washington,OR,Passenger,1,0,1,449,450,0.22
June 30 2020,Kern,CA,Passenger,0,1,1,224,225,0.44
November 30 2021,Fulton,GA,Passenger,0,1,1,80,81,1.23
September 30 2018,San Diego,CA,Passenger,8,3,11,2562,2573,0.43
June 30 2018,El Paso,TX,Passenger,1,0,1,510,511,0.2
January 31 2017,Santa Fe,NM,Passenger,0,1,1,44,45,2.22
May 31 2022,Williamsburg,VA,Passenger,0,1,1,6,7,14.29
March 31 2020,Camden,NJ,Passenger,0,2,2,20,22,9.09
April 30 2020,Pacific,WA,Passenger,30,34,64,15829,15893,0.4
September 30 2017,San Juan,WA,Passenger,117,42,159,13672,13831,1.15
April 30 2020,Bexar,TX,Passenger,1,5,6,642,648,0.93
February 28 2021,Whatcom,WA,Truck,3,0,3,43623,43626,0.01
September 30 2019,Santa Clara,CA,Passenger,4,2,6,369,375,1.6
September 30 2022,Goochland,VA,Passenger,1,2,3,121,124,2.42
February 28 2022,New York,NY,Passenger,2,0,2,42,44,4.55
June 30 2023,Chesterfield,VA,Passenger,1,0,1,36,37,2.7
December 31 2022,Island,WA,Passenger,927,395,1322,61220,62542,2.11
May 31 2022,Chesapeake,VA,Passenger,2,1,3,375,378,0.79
November 30 2018,Pend Oreille,WA,Passenger,5,5,10,9555,9565,0.1
December 31 2020,Sacramento,CA,Passenger,2,1,3,260,263,1.14
July 31 2021,Wahkiakum,WA,Passenger,15,8,23,3089,3112,0.74
August 31 2018,Washington,OR,Passenger,0,1,1,483,484,0.21
October 31 2017,San Juan,WA,Truck,0,0,0,5568,5568,0
July 31 2017,Cumberland,NC,Passenger,1,0,1,577,578,0.17
March 31 2022,Jefferson,NY,Passenger,1,0,1,216,217,0.46
August 31 2023,Churchill,NV,Passenger,0,1,1,34,35,2.86
July 31 2024,Prince William,VA,Passenger,2,4,6,124,130,4.62
May 31 2022,Ferry,WA,Passenger,20,4,24,4432,4456,0.54
June 30 2017,Dane,WI,Passenger,1,0,1,105,106,0.94
October 31 2022,Orange,NC,Passenger,0,1,1,7,8,12.5
January 31 2021,Howard,IN,Passenger,0,1,1,3,4,25
March 31 2021,Skagit,WA,Truck,1,0,1,32914,32915,0
August 31 2018,Bexar,TX,Passenger,3,4,7,744,751,0.93
July 31 2018,Skagit,WA,Truck,1,0,1,32117,32118,0
April 30 2023,Kings,CA,Passenger,2,2,4,297,301,1.33
January 31 2023,Hawaii,HI,Passenger,1,0,1,35,36,2.78
January 31 2018,King,WA,Passenger,11614,4875,16489,1370300,1386789,1.19
November 30 2020,Whitman,WA,Passenger,51,44,95,21942,22037,0.43
November 30 2018,Honolulu,HI,Passenger,1,3,4,525,529,0.76
January 31 2021,Contra Costa,CA,Passenger,3,3,6,274,280,2.14
July 31 2018,Benton,WA,Passenger,193,197,390,131715,132105,0.3
July 31 2021,Clallam,WA,Passenger,341,220,561,50442,51003,1.1
February 28 2021,El Paso,TX,Passenger,3,0,3,395,398,0.75
November 30 2017,Ramsey,MN,Passenger,1,0,1,42,43,2.33
November 30 2021,Pennington,SD,Passenger,1,0,1,32,33,3.03
March 31 2022,Frederick,MD,Passenger,1,1,2,68,70,2.86
June 30 2023,Washoe,NV,Passenger,2,0,2,54,56,3.57
February 28 2017,Kittitas,WA,Truck,0,0,0,13386,13386,0
January 31 2020,Stevens,WA,Truck,0,0,0,18786,18786,0
May 31 2020,Camden,NJ,Passenger,0,1,1,22,23,4.35
February 28 2023,Monterey,CA,Passenger,0,4,4,147,151,2.65
January 31 2018,Walla Walla,WA,Truck,0,0,0,13322,13322,0
December 31 2023,Garfield,WA,Truck,0,0,0,981,981,0
February 28 2019,Larimer,CO,Passenger,1,0,1,56,57,1.75
June 30 2021,Tarrant,TX,Passenger,2,0,2,154,156,1.28
March 31 2022,Platte,MO,Passenger,1,0,1,21,22,4.55
March 31 2023,Beaufort,SC,Passenger,1,0,1,29,30,3.33
January 31 2023,Randolph,NC,Passenger,1,0,1,4,5,20
May 31 2019,Mason,WA,Passenger,121,118,239,47001,47240,0.51
September 30 2022,Richland,SC,Passenger,0,1,1,133,134,0.75
February 28 2017,King,WA,Truck,8,1,9,190463,190472,0
June 30 2023,Anne Arundel,MD,Passenger,4,3,7,295,302,2.32
May 31 2021,Cumberland,NC,Passenger,1,2,3,445,448,0.67
July 31 2018,Chelan,WA,Truck,0,0,0,21944,21944,0
August 31 2017,Santa Fe,NM,Passenger,0,1,1,43,44,2.27
July 31 2024,Lee,AL,Passenger,1,0,1,11,12,8.33
November 30 2020,Harrison,MS,Passenger,1,0,1,54,55,1.82
May 31 2024,Carroll,MD,Passenger,0,1,1,12,13,7.69
May 31 2022,Sevier,AR,Passenger,0,1,1,0,1,100
April 30 2017,Douglas,WA,Truck,0,0,0,11450,11450,0
February 28 2017,Duval,FL,Passenger,1,1,2,367,369,0.54
September 30 2017,Tarrant,TX,Passenger,1,0,1,235,236,0.42
August 31 2023,Anchorage,AK,Passenger,1,0,1,100,101,0.99
August 31 2021,Kings,CA,Passenger,1,0,1,334,335,0.3
February 28 2017,Island,WA,Truck,0,0,0,20492,20492,0
April 30 2022,Orange,FL,Passenger,2,0,2,107,109,1.83
August 31 2022,Montgomery,AL,Passenger,1,1,2,38,40,5
June 30 2021,Shelby,OH,Passenger,0,1,1,3,4,25
January 31 2020,Clallam,WA,Truck,1,0,1,21846,21847,0
November 30 2019,Stevens,WA,Passenger,32,30,62,31586,31648,0.2
June 30 2019,Bexar,TX,Passenger,2,5,7,678,685,1.02
October 31 2022,Deschutes,OR,Passenger,2,0,2,93,95,2.11
June 30 2024,Cumberland,PA,Passenger,1,1,2,31,33,6.06
January 31 2017,Juneau,AK,Passenger,0,1,1,60,61,1.64
June 30 2018,Stevens,WA,Passenger,11,25,36,31634,31670,0.11
July 31 2019,Pierce,WA,Truck,0,0,0,139963,139963,0
August 31 2018,Duval,FL,Passenger,1,2,3,380,383,0.78
October 31 2019,Santa Rosa,FL,Passenger,1,0,1,91,92,1.09
July 31 2020,Williams,ND,Passenger,0,1,1,11,12,8.33
July 31 2024,Hudson,NJ,Passenger,2,0,2,12,14,14.29
May 31 2020,Mason,WA,Truck,0,0,0,20500,20500,0
March 31 2023,Washington,OR,Passenger,1,0,1,279,280,0.36
August 31 2022,Klickitat,WA,Truck,2,0,2,8257,8259,0.02
December 31 2020,Kings,NY,Passenger,1,0,1,67,68,1.47
June 30 2023,Yellowstone,MT,Passenger,0,1,1,14,15,6.67
October 31 2020,Mason,WA,Truck,0,0,0,20822,20822,0
August 31 2022,Washtenaw,MI,Passenger,0,1,1,29,30,3.33
February 29 2020,Columbia,OR,Passenger,1,0,1,27,28,3.57
September 30 2021,Yakima,WA,Passenger,258,164,422,168865,169287,0.25
September 30 2022,Fairfax,VA,Passenger,8,2,10,639,649,1.54
March 31 2020,Fairfax,VA,Passenger,5,2,7,759,766,0.91
October 31 2019,Hudson,NJ,Passenger,1,0,1,40,41,2.44
July 31 2024,St. Louis,MO,Passenger,1,0,1,40,41,2.44
August 31 2017,Sedgwick,KS,Passenger,0,1,1,106,107,0.93
May 31 2024,Anchorage,AK,Passenger,1,0,1,85,86,1.16
April 30 2022,Snohomish,WA,Passenger,7961,2417,10378,533518,543896,1.91
September 30 2017,El Paso,TX,Passenger,1,0,1,537,538,0.19
March 31 2024,Hillsborough,FL,Passenger,2,2,4,89,93,4.3
March 31 2018,Fairfax,VA,Passenger,3,1,4,820,824,0.49
August 31 2018,Nantucket,MA,Passenger,1,0,1,4,5,20
December 31 2020,Newport,RI,Passenger,0,1,1,82,83,1.2
August 31 2019,Kalamazoo,MI,Passenger,1,0,1,16,17,5.88
October 31 2023,Columbia,OR,Passenger,1,0,1,9,10,10
July 31 2020,Botetourt,VA,Passenger,1,0,1,1,2,50
March 31 2018,Pend Oreille,WA,Passenger,4,3,7,9457,9464,0.07
January 31 2024,Spotsylvania,VA,Passenger,0,1,1,22,23,4.35
August 31 2017,Hawaii,HI,Passenger,1,0,1,82,83,1.2
November 30 2019,Cumberland,NC,Passenger,1,2,3,496,499,0.6
December 31 2023,Harford,MD,Passenger,1,1,2,42,44,4.55
January 31 2019,Bergen,NJ,Passenger,1,0,1,27,28,3.57
September 30 2021,Broward,FL,Passenger,2,0,2,108,110,1.82
March 31 2017,Nueces,TX,Passenger,0,1,1,100,101,0.99
February 29 2024,Providence,RI,Passenger,1,0,1,20,21,4.76
May 31 2017,San Juan,WA,Truck,0,0,0,5541,5541,0
December 31 2017,Twin Falls,ID,Passenger,0,1,1,26,27,3.7
February 28 2019,DeKalb,GA,Passenger,1,0,1,81,82,1.22
March 31 2023,Isle of Wight,VA,Passenger,0,1,1,18,19,5.26
June 30 2022,Pennington,SD,Passenger,2,0,2,26,28,7.14
December 31 2020,Columbia,OR,Passenger,1,0,1,26,27,3.7
January 31 2021,Williams,ND,Passenger,0,1,1,10,11,9.09
October 31 2019,Clark,NV,Passenger,5,3,8,717,725,1.1
September 30 2023,Alameda,CA,Passenger,5,2,7,171,178,3.93
March 31 2023,Washtenaw,MI,Passenger,0,2,2,24,26,7.69
December 31 2020,Bartow,GA,Passenger,0,1,1,5,6,16.67
October 31 2023,Stevens,WA,Passenger,131,72,203,29572,29775,0.68
August 31 2022,Thurston,WA,Truck,17,0,17,55031,55048,0.03
January 31 2022,Douglas,WA,Passenger,119,56,175,28573,28748,0.61
January 31 2018,Palm Beach,FL,Passenger,0,2,2,87,89,2.25
April 30 2018,Franklin,WA,Truck,0,0,0,18593,18593,0
June 30 2017,Honolulu,HI,Passenger,3,2,5,603,608,0.82
August 31 2018,Jefferson,WA,Truck,0,0,0,9614,9614,0
June 30 2024,Williamson,TX,Passenger,1,1,2,39,41,4.88
September 30 2021,Hennepin,MN,Passenger,3,0,3,79,82,3.66
October 31 2018,Snohomish,WA,Passenger,2637,1378,4015,525803,529818,0.76
November 30 2020,Lewis,WA,Truck,0,0,0,26548,26548,0
September 30 2021,Cowlitz,WA,Truck,0,1,1,29018,29019,0
May 31 2023,Klickitat,WA,Truck,11,0,11,8248,8259,0.13
July 31 2019,Ada,ID,Passenger,0,2,2,320,322,0.62
September 30 2017,Frederick,MD,Passenger,0,1,1,83,84,1.19
March 31 2023,Maui,HI,Passenger,1,0,1,24,25,4
August 31 2019,Arlington,VA,Passenger,0,2,2,161,163,1.23
August 31 2020,Montgomery,TX,Passenger,1,0,1,53,54,1.85
March 31 2023,Kent,DE,Passenger,1,0,1,48,49,2.04
August 31 2021,Douglas,NE,Passenger,1,1,2,56,58,3.45
November 30 2017,Montgomery,TN,Passenger,1,0,1,276,277,0.36
November 30 2018,Bucks,PA,Passenger,1,0,1,19,20,5
October 31 2019,Kent,MI,Passenger,0,1,1,26,27,3.7
November 30 2022,Anchorage,AK,Passenger,1,0,1,131,132,0.76
January 31 2018,Charles,MD,Passenger,0,1,1,84,85,1.18
November 30 2023,El Dorado,CA,Passenger,1,0,1,17,18,5.56
March 31 2024,Newport,RI,Passenger,0,2,2,51,53,3.77
July 31 2022,Whitman,WA,Truck,2,0,2,8560,8562,0.02
June 30 2021,Grant,WA,Truck,0,0,0,27894,27894,0
April 30 2020,Montgomery,PA,Passenger,1,0,1,32,33,3.03
December 31 2019,Pend Oreille,WA,Truck,0,0,0,5769,5769,0
August 31 2019,Dale,AL,Passenger,0,1,1,52,53,1.89
May 31 2020,Grant,WA,Passenger,59,70,129,65194,65323,0.2
November 30 2017,Skamania,WA,Passenger,10,7,17,8574,8591,0.2
June 30 2017,Clallam,WA,Truck,0,0,0,21014,21014,0
April 30 2021,Louisa,VA,Passenger,0,1,1,1,2,50
September 30 2022,Pinal,AZ,Passenger,0,1,1,127,128,0.78
January 31 2022,Collier,FL,Passenger,1,0,1,18,19,5.26
September 30 2020,Howard,MD,Passenger,0,1,1,73,74,1.35
June 30 2023,Fredericksburg,VA,Passenger,1,0,1,6,7,14.29
May 31 2022,Honolulu,HI,Passenger,5,4,9,390,399,2.26
July 31 2018,Twin Falls,ID,Passenger,0,1,1,25,26,3.85
August 31 2023,Wichita,TX,Passenger,1,0,1,35,36,2.78
August 31 2022,Sevier,AR,Passenger,0,1,1,0,1,100
May 31 2021,Skamania,WA,Passenger,43,32,75,8380,8455,0.89
July 31 2022,Newport,RI,Passenger,0,1,1,72,73,1.37
July 31 2020,Vigo,IN,Passenger,1,0,1,5,6,16.67
November 30 2023,Boulder,CO,Passenger,1,0,1,27,28,3.57
July 31 2023,Middlesex,NJ,Passenger,1,0,1,18,19,5.26
August 31 2018,Clallam,WA,Passenger,128,115,243,50120,50363,0.48
July 31 2023,Jefferson,WA,Passenger,577,262,839,24251,25090,3.34
November 30 2023,Monterey,CA,Passenger,0,4,4,129,133,3.01
August 31 2023,Anne Arundel,MD,Passenger,5,3,8,291,299,2.68
August 31 2022,Deschutes,OR,Passenger,3,0,3,97,100,3
February 28 2017,Essex,NJ,Passenger,1,0,1,18,19,5.26
November 30 2023,Adams,CO,Passenger,1,0,1,23,24,4.17
March 31 2017,San Diego,CA,Passenger,5,2,7,2805,2812,0.25
December 31 2022,Grant,WA,Passenger,231,112,343,66771,67114,0.51
July 31 2017,Snohomish,WA,Truck,1,0,1,121763,121764,0
January 31 2021,Clackamas,OR,Passenger,3,0,3,185,188,1.6
August 31 2020,Wahkiakum,WA,Passenger,6,6,12,3028,3040,0.39
April 30 2018,Orange,CA,Passenger,3,1,4,585,589,0.68
August 31 2019,Columbia,WA,Truck,0,0,0,1531,1531,0
February 29 2024,Maui,HI,Passenger,1,0,1,20,21,4.76
June 30 2023,St. Louis,MN,Passenger,0,1,1,7,8,12.5
March 31 2018,Lee,AL,Passenger,1,0,1,33,34,2.94
May 31 2021,Wilson,TX,Passenger,0,1,1,4,5,20
July 31 2024,Galveston,TX,Passenger,0,1,1,14,15,6.67
September 30 2023,Okanogan,WA,Passenger,139,70,209,26089,26298,0.79
February 28 2017,Franklin,WA,Passenger,26,42,68,55207,55275,0.12
September 30 2021,Goochland,VA,Passenger,3,2,5,233,238,2.1
December 31 2017,Canyon,ID,Passenger,0,1,1,98,99,1.01
July 31 2022,Owyhee,ID,Passenger,1,0,1,3,4,25
May 31 2024,Mason,WA,Truck,23,0,23,20263,20286,0.11
January 31 2023,Okaloosa,FL,Passenger,0,1,1,101,102,0.98
February 29 2024,Platte,MO,Passenger,2,0,2,19,21,9.52
October 31 2021,Columbia,WA,Passenger,7,2,9,2434,2443,0.37
April 30 2020,Virginia Beach,VA,Passenger,1,0,1,672,673,0.15
April 30 2018,Anne Arundel,MD,Passenger,0,1,1,452,453,0.22
November 30 2020,Columbia,WA,Truck,0,0,0,1529,1529,0
May 31 2017,Carroll,NH,Passenger,0,1,1,0,1,100
January 31 2023,Franklin,WA,Truck,4,0,4,20950,20954,0.02
February 29 2024,Mobile,AL,Passenger,1,0,1,24,25,4
June 30 2023,Rockdale,GA,Passenger,1,0,1,5,6,16.67
June 30 2019,Clark,WA,Truck,0,0,0,80303,80303,0
December 31 2021,Jefferson,WA,Passenger,381,195,576,24732,25308,2.28
August 31 2022,Loudoun,VA,Passenger,2,1,3,66,69,4.35
September 30 2019,Mason,WA,Passenger,133,127,260,47430,47690,0.55
September 30 2018,Duval,FL,Passenger,1,2,3,384,387,0.78
June 30 2024,Sarasota,FL,Passenger,1,0,1,14,15,6.67
January 31 2022,Yavapai,AZ,Passenger,0,1,1,38,39,2.56
March 31 2022,Okanogan,WA,Passenger,75,46,121,26491,26612,0.45
November 30 2017,Clark,NV,Passenger,2,3,5,775,780,0.64
February 28 2018,Mason,WA,Truck,0,0,0,19722,19722,0
December 31 2018,Snohomish,WA,Truck,1,0,1,121948,121949,0
April 30 2020,Pend Oreille,WA,Truck,0,0,0,5738,5738,0
January 31 2018,Fairfax,VA,Passenger,3,1,4,815,819,0.49
June 30 2024,Frederick,MD,Passenger,0,1,1,42,43,2.33
August 31 2022,Philadelphia,PA,Passenger,1,0,1,48,49,2.04
October 31 2021,Williamsburg,VA,Passenger,0,1,1,6,7,14.29
October 31 2020,Clallam,WA,Passenger,252,173,425,49876,50301,0.84
September 30 2023,Kitsap,WA,Truck,87,0,87,52077,52164,0.17
March 31 2020,Douglas,NE,Passenger,0,1,1,60,61,1.64
August 31 2022,Muscogee,GA,Passenger,0,2,2,124,126,1.59
January 31 2024,Laramie,WY,Passenger,1,0,1,25,26,3.85
January 31 2018,Nueces,TX,Passenger,1,1,2,93,95,2.11
March 31 2024,Marin,CA,Passenger,1,1,2,29,31,6.45
July 31 2021,Onslow,NC,Passenger,0,1,1,175,176,0.57
February 28 2023,Mohave,AZ,Passenger,1,0,1,42,43,2.33
September 30 2022,Wichita,TX,Passenger,1,0,1,40,41,2.44
March 31 2022,Albemarle,VA,Passenger,3,0,3,20,23,13.04
August 31 2021,Multnomah,OR,Passenger,3,7,10,665,675,1.48
October 31 2018,Santa Clara,CA,Passenger,8,0,8,384,392,2.04
February 28 2023,Essex,NJ,Passenger,2,0,2,10,12,16.67
March 31 2021,Portsmouth,VA,Passenger,0,1,1,75,76,1.32
March 31 2021,Hampshire,MA,Passenger,1,0,1,9,10,10
July 31 2017,Klickitat,WA,Passenger,23,24,47,14805,14852,0.32
January 31 2023,San Juan,WA,Passenger,570,173,743,13858,14601,5.09
May 31 2020,El Paso,CO,Passenger,3,1,4,727,731,0.55
July 31 2021,El Dorado,CA,Passenger,1,0,1,34,35,2.86
August 31 2022,Harrison,MS,Passenger,1,0,1,45,46,2.17
March 31 2024,Champaign,IL,Passenger,1,0,1,6,7,14.29
October 31 2023,Cumberland,PA,Passenger,1,1,2,33,35,5.71
June 30 2024,Muscogee,GA,Passenger,2,2,4,77,81,4.94
August 31 2017,Montgomery,TN,Passenger,1,0,1,284,285,0.35
April 30 2022,RÃ­o Grande,PR,Passenger,1,0,1,0,1,100
February 28 2022,Larimer,CO,Passenger,1,0,1,45,46,2.17
July 31 2020,Montgomery,AL,Passenger,1,1,2,42,44,4.55
May 31 2018,Island,WA,Truck,0,0,0,20874,20874,0
July 31 2017,Shelby,TN,Passenger,0,1,1,112,113,0.88
March 31 2024,San Francisco,CA,Passenger,1,0,1,49,50,2
March 31 2024,York,VA,Passenger,1,0,1,63,64,1.56
April 30 2020,Palm Beach,FL,Passenger,0,2,2,82,84,2.38
April 30 2023,Essex,MA,Passenger,1,0,1,11,12,8.33
March 31 2024,Hardin,KY,Truck,1,0,1,18,19,5.26
March 31 2017,Lane,OR,Passenger,0,1,1,259,260,0.38
September 30 2019,Wayne,MI,Passenger,0,1,1,65,66,1.52
April 30 2023,Williamson,TX,Passenger,0,1,1,70,71,1.41
February 29 2020,Grant,WA,Passenger,58,70,128,65560,65688,0.19
February 28 2019,Fairfax,VA,Passenger,4,1,5,802,807,0.62
January 31 2023,Muscogee,GA,Passenger,1,2,3,113,116,2.59
April 30 2022,Virginia Beach,VA,Passenger,2,0,2,542,544,0.37
July 31 2023,Gwinnett,GA,Passenger,1,0,1,52,53,1.89
July 31 2018,Pierce,WA,Truck,0,0,0,138025,138025,0
December 31 2021,Honolulu,HI,Passenger,4,4,8,405,413,1.94
December 31 2021,Alameda,CA,Passenger,5,0,5,231,236,2.12
August 31 2019,Riverside,CA,Passenger,3,2,5,666,671,0.75
April 30 2022,Nassau,NY,Passenger,3,0,3,36,39,7.69
February 28 2017,Jackson,MO,Passenger,1,0,1,73,74,1.35
December 31 2020,Stevens,WA,Passenger,37,40,77,30209,30286,0.25
May 31 2021,Virginia Beach,VA,Passenger,2,0,2,630,632,0.32
January 31 2020,Columbia,WA,Passenger,3,3,6,2447,2453,0.24
November 30 2020,Douglas,NE,Passenger,0,1,1,54,55,1.82
April 30 2020,Randolph,NC,Passenger,1,0,1,8,9,11.11
June 30 2023,Pima,AZ,Passenger,1,0,1,214,215,0.47
May 31 2024,Los Angeles,CA,Passenger,10,3,13,519,532,2.44
September 30 2021,Wahkiakum,WA,Truck,0,0,0,1814,1814,0
November 30 2023,Brevard,FL,Passenger,1,0,1,61,62,1.61
March 31 2023,DeKalb,GA,Passenger,2,0,2,47,49,4.08
June 30 2023,Skagit,WA,Passenger,1108,413,1521,88847,90368,1.68
May 31 2020,District of Columbia,DC,Passenger,1,1,2,191,193,1.04
February 28 2021,San Juan,WA,Truck,0,0,0,5863,5863,0
August 31 2023,Adams,WA,Truck,3,0,3,5368,5371,0.06
September 30 2022,Harris,TX,Passenger,1,0,1,170,171,0.58
June 30 2020,Shasta,CA,Passenger,1,0,1,36,37,2.7
January 31 2022,Manassas,VA,Passenger,0,1,1,6,7,14.29
November 30 2023,Santa Clara,CA,Passenger,19,1,20,166,186,10.75
February 29 2024,Sarasota,FL,Passenger,1,0,1,23,24,4.17
December 31 2019,Bucks,PA,Passenger,1,0,1,25,26,3.85
July 31 2021,Hanover,VA,Passenger,1,0,1,1,2,50
December 31 2020,Chelan,WA,Passenger,278,88,366,54492,54858,0.67
December 31 2021,El Paso,TX,Passenger,3,0,3,374,377,0.8
January 31 2024,Maricopa,AZ,Passenger,11,3,14,637,651,2.15
April 30 2018,Charles,MD,Passenger,0,1,1,84,85,1.18
December 31 2022,Danville,VA,Passenger,1,0,1,0,1,100
September 30 2023,Lewis,WA,Passenger,366,274,640,59354,59994,1.07
November 30 2023,Jefferson,WA,Passenger,637,272,909,24156,25065,3.63
March 31 2018,Clark,WA,Truck,0,0,0,78606,78606,0
May 31 2020,Whatcom,WA,Truck,3,0,3,42840,42843,0.01
July 31 2019,San Mateo,CA,Passenger,2,1,3,126,129,2.33
June 30 2022,Riverside,CA,Passenger,8,1,9,502,511,1.76
June 30 2023,Clark,WA,Passenger,5868,2332,8200,313537,321737,2.55
April 30 2019,Wahkiakum,WA,Passenger,1,1,2,3012,3014,0.07
May 31 2018,Nassau,NY,Passenger,1,0,1,39,40,2.5
July 31 2020,Skamania,WA,Truck,0,0,0,4031,4031,0
November 30 2020,Santa Cruz,CA,Passenger,1,0,1,32,33,3.03
May 31 2020,Arlington,VA,Passenger,0,2,2,153,155,1.29
September 30 2023,Orange,NC,Passenger,0,1,1,4,5,20
July 31 2020,Fairbanks North Star,AK,Passenger,0,1,1,99,100,1
April 30 2022,Franklin,WA,Passenger,179,105,284,61934,62218,0.46
April 30 2020,Grant,WA,Truck,0,0,0,26985,26985,0
February 29 2020,Brevard,FL,Passenger,0,1,1,93,94,1.06
September 30 2019,Dallas,TX,Passenger,1,0,1,219,220,0.45
January 31 2023,Bell,TX,Passenger,1,0,1,302,303,0.33
August 31 2023,Yuba,CA,Passenger,1,0,1,54,55,1.82
January 31 2024,Adams,WA,Passenger,31,15,46,13122,13168,0.35
September 30 2023,Norfolk,VA,Passenger,1,2,3,278,281,1.07
March 31 2023,Klickitat,WA,Truck,6,0,6,8278,8284,0.07
September 30 2022,Lewis,WA,Truck,1,0,1,26333,26334,0
December 31 2023,Lincoln,WA,Truck,0,0,0,4799,4799,0
February 29 2020,Saginaw,MI,Passenger,1,0,1,11,12,8.33
September 30 2023,DeKalb,GA,Passenger,2,0,2,39,41,4.88
October 31 2019,Lake,FL,Passenger,1,0,1,24,25,4
December 31 2022,El Paso,TX,Passenger,4,0,4,335,339,1.18
January 31 2019,Asotin,WA,Truck,0,0,0,6642,6642,0
February 28 2022,Multnomah,OR,Passenger,2,4,6,622,628,0.96
December 31 2020,Boulder,CO,Passenger,1,1,2,49,51,3.92
November 30 2023,Wilson,TX,Passenger,0,1,1,3,4,25
December 31 2022,Lake,FL,Passenger,1,0,1,21,22,4.55
October 31 2022,Pend Oreille,WA,Passenger,18,12,30,8987,9017,0.33
August 31 2017,Asotin,WA,Passenger,8,5,13,12436,12449,0.1
May 31 2024,Stafford,VA,Passenger,3,0,3,63,66,4.55
May 31 2023,Yuba,CA,Passenger,1,0,1,56,57,1.75
August 31 2021,Lake,IL,Passenger,2,0,2,173,175,1.14
January 31 2023,Middlesex,NJ,Passenger,1,0,1,20,21,4.76
October 31 2020,RÃ­o Grande,PR,Passenger,1,0,1,1,2,50
August 31 2023,Washoe,NV,Passenger,2,0,2,53,55,3.64
February 28 2022,Ventura,CA,Passenger,2,3,5,265,270,1.85
December 31 2023,Kauai,HI,Passenger,0,1,1,14,15,6.67
February 28 2022,Spokane,WA,Passenger,1388,784,2172,325740,327912,0.66
November 30 2017,Douglas,WA,Passenger,37,33,70,27071,27141,0.26
November 30 2018,Skamania,WA,Passenger,18,14,32,8724,8756,0.37
March 31 2020,Harnett,NC,Passenger,1,1,2,215,217,0.92
January 31 2023,Wahkiakum,WA,Truck,1,0,1,1793,1794,0.06
November 30 2022,Richmond,NY,Passenger,1,0,1,4,5,20
December 31 2021,Whatcom,WA,Truck,4,0,4,43664,43668,0.01
April 30 2023,Grays Harbor,WA,Truck,4,0,4,20968,20972,0.02
March 31 2021,Mohave,AZ,Passenger,1,0,1,63,64,1.56
May 31 2019,Thurston,WA,Truck,0,0,0,55071,55071,0
April 30 2018,Lane,OR,Passenger,0,1,1,192,193,0.52
October 31 2017,New London,CT,Passenger,1,0,1,240,241,0.41
September 30 2023,Escambia,FL,Passenger,0,1,1,133,134,0.75
May 31 2023,Howard,MD,Passenger,0,2,2,59,61,3.28
November 30 2023,New London,CT,Passenger,2,3,5,160,165,3.03
December 31 2017,Columbia,WA,Passenger,2,1,3,2403,2406,0.12
February 28 2023,Virginia Beach,VA,Passenger,3,1,4,479,483,0.83
March 31 2024,Albemarle,VA,Passenger,2,0,2,13,15,13.33
July 31 2019,Fairbanks North Star,AK,Passenger,0,1,1,99,100,1
June 30 2024,St. Charles,MO,Passenger,1,0,1,18,19,5.26
July 31 2024,Beaufort,SC,Passenger,1,0,1,23,24,4.17
May 31 2023,Lake,IN,Passenger,0,1,1,8,9,11.11
September 30 2021,Mason,WA,Passenger,238,149,387,47953,48340,0.8
September 30 2023,Asotin,WA,Passenger,40,25,65,12317,12382,0.52
August 31 2021,Walla Walla,WA,Truck,0,0,0,14074,14074,0
December 31 2019,Wayne,MI,Passenger,0,1,1,61,62,1.61
September 30 2019,Manassas,VA,Passenger,0,1,1,7,8,12.5
October 31 2022,Sumter,SC,Passenger,0,1,1,35,36,2.78
July 31 2023,Columbia,GA,Passenger,1,0,1,76,77,1.3
May 31 2021,Lake,FL,Passenger,1,0,1,25,26,3.85
July 31 2023,Lee,AL,Passenger,1,0,1,14,15,6.67
January 31 2020,Monroe,IL,Passenger,1,0,1,3,4,25
January 31 2017,Cumberland,NC,Passenger,2,0,2,643,645,0.31
January 31 2024,Stafford,VA,Passenger,3,0,3,74,77,3.9
March 31 2023,Henrico,VA,Passenger,0,1,1,8,9,11.11
January 31 2021,Fresno,CA,Passenger,1,0,1,196,197,0.51
November 30 2022,Whitman,WA,Passenger,109,65,174,21905,22079,0.79
August 31 2018,Marion,OR,Passenger,1,0,1,127,128,0.78
November 30 2022,Montgomery,PA,Passenger,1,0,1,22,23,4.35
May 31 2023,Gwinnett,GA,Passenger,1,0,1,54,55,1.82
August 31 2021,Meade,KY,Passenger,1,0,1,27,28,3.57
February 29 2020,Harnett,NC,Passenger,1,1,2,217,219,0.91
June 30 2018,El Paso,CO,Passenger,2,2,4,761,765,0.52
November 30 2018,Contra Costa,CA,Passenger,0,2,2,406,408,0.49
February 28 2022,Sarpy,NE,Passenger,1,0,1,69,70,1.43
February 28 2023,San Juan,WA,Passenger,577,172,749,13865,14614,5.13
February 28 2023,Douglas,CO,Passenger,0,1,1,70,71,1.41
November 30 2018,Sangamon,IL,Passenger,1,0,1,9,10,10
February 28 2023,Sarpy,NE,Passenger,1,0,1,59,60,1.67
December 31 2020,Clallam,WA,Truck,1,0,1,21822,21823,0
May 31 2017,Skamania,WA,Truck,0,0,0,3861,3861,0
August 31 2017,Thurston,WA,Truck,0,0,0,53418,53418,0
June 30 2023,San Joaquin,CA,Passenger,0,1,1,80,81,1.23
January 31 2017,Garfield,WA,Truck,0,0,0,940,940,0
January 31 2021,Adams,WA,Truck,0,0,0,5345,5345,0
May 31 2018,Skamania,WA,Truck,0,0,0,3918,3918,0
May 31 2024,Grays Harbor,WA,Truck,22,0,22,20631,20653,0.11
June 30 2019,Volusia,FL,Passenger,0,1,1,41,42,2.38
June 30 2017,Island,WA,Truck,0,0,0,20497,20497,0
November 30 2019,Sarasota,FL,Passenger,2,0,2,35,37,5.41
September 30 2020,Yakima,WA,Passenger,154,124,278,166432,166710,0.17
January 31 2022,Moore,NC,Passenger,0,1,1,122,123,0.81
October 31 2017,Sedgwick,KS,Passenger,0,1,1,105,106,0.94
July 31 2024,Adams,CO,Passenger,1,0,1,18,19,5.26
November 30 2018,Whitman,WA,Passenger,20,35,55,22786,22841,0.24
April 30 2017,Klickitat,WA,Truck,0,0,0,7947,7947,0
February 28 2022,Thurston,WA,Truck,3,0,3,55743,55746,0.01
November 30 2021,Pacific,WA,Truck,0,0,0,7997,7997,0
January 31 2018,Pima,AZ,Passenger,1,1,2,438,440,0.45
June 30 2022,Orange,FL,Passenger,2,0,2,101,103,1.94
June 30 2024,St. Lawrence,NY,Passenger,1,0,1,3,4,25
September 30 2019,Monroe,IL,Passenger,1,0,1,4,5,20
July 31 2018,Franklin,WA,Passenger,38,66,104,58163,58267,0.18
August 31 2018,Ventura,CA,Passenger,0,2,2,329,331,0.6
November 30 2020,Oldham,KY,Passenger,0,1,1,4,5,20
November 30 2023,Orange,CA,Passenger,9,3,12,308,320,3.75
July 31 2021,Fort Bend,TX,Passenger,1,0,1,36,37,2.7
March 31 2017,Eagle,CO,Passenger,1,0,1,8,9,11.11
February 29 2024,Bexar,TX,Passenger,1,3,4,342,346,1.16
June 30 2017,Mason,WA,Truck,0,0,0,19263,19263,0
September 30 2018,Island,WA,Truck,0,0,0,21087,21087,0
January 31 2023,Whitman,WA,Passenger,120,70,190,21932,22122,0.86
April 30 2020,Hawaii,HI,Passenger,1,0,1,61,62,1.61
January 31 2020,Lee,FL,Passenger,1,0,1,52,53,1.89
December 31 2018,Harnett,NC,Passenger,1,0,1,230,231,0.43
August 31 2022,Pierce,WA,Truck,34,0,34,140602,140636,0.02
January 31 2024,Anne Arundel,MD,Passenger,4,3,7,277,284,2.46
September 30 2018,Walla Walla,WA,Truck,0,0,0,13493,13493,0
May 31 2018,Canyon,ID,Passenger,0,1,1,94,95,1.05
February 29 2024,Brown,WI,Passenger,1,0,1,4,5,20
August 31 2022,Virginia Beach,VA,Passenger,2,1,3,518,521,0.58
August 31 2017,Cumberland,NC,Passenger,1,0,1,580,581,0.17
August 31 2022,Jefferson,NY,Passenger,1,0,1,217,218,0.46
June 30 2021,Douglas,NE,Passenger,1,1,2,56,58,3.45
January 31 2018,Klickitat,WA,Passenger,24,26,50,14932,14982,0.33
October 31 2023,Whitman,WA,Truck,5,0,5,8664,8669,0.06
January 31 2020,San Joaquin,CA,Passenger,1,0,1,143,144,0.69
August 31 2018,Ferry,WA,Truck,0,0,0,3549,3549,0
March 31 2017,Dane,WI,Passenger,1,0,1,155,156,0.64
June 30 2024,Pacific,WA,Truck,11,0,11,7671,7682,0.14
June 30 2024,Ada,ID,Passenger,2,0,2,79,81,2.47
January 31 2022,Lexington,SC,Passenger,1,0,1,26,27,3.7
March 31 2023,Boulder,CO,Passenger,2,0,2,42,44,4.55
October 31 2023,Denton,TX,Passenger,1,0,1,42,43,2.33
January 31 2020,Kitsap,WA,Passenger,1258,656,1914,182354,184268,1.04
June 30 2020,Alameda,CA,Passenger,2,0,2,282,284,0.7
January 31 2022,Deschutes,OR,Passenger,2,0,2,118,120,1.67
December 31 2018,Salt Lake,UT,Passenger,1,0,1,219,220,0.45
September 30 2017,Albemarle,VA,Passenger,0,1,1,32,33,3.03
August 31 2021,Henrico,VA,Passenger,0,1,1,14,15,6.67
April 30 2019,Chelan,WA,Truck,0,0,0,22167,22167,0
March 31 2024,San Juan,WA,Passenger,718,202,920,13570,14490,6.35
May 31 2021,Bexar,TX,Passenger,2,4,6,570,576,1.04
October 31 2021,Honolulu,HI,Passenger,5,3,8,420,428,1.87
August 31 2022,Albemarle,VA,Passenger,3,0,3,18,21,14.29
March 31 2023,Newport News,VA,Passenger,1,0,1,114,115,0.87
June 30 2022,Clark,WA,Passenger,4091,1780,5871,316235,322106,1.82
September 30 2019,Palm Beach,FL,Passenger,0,2,2,85,87,2.3
March 31 2024,Lincoln,WA,Truck,0,0,0,4812,4812,0
February 28 2018,Montgomery,TX,Passenger,1,0,1,63,64,1.56
January 31 2023,Placer,CA,Passenger,2,0,2,67,69,2.9
August 31 2022,Anchorage,AK,Passenger,2,0,2,135,137,1.46
December 31 2020,Douglas,WA,Passenger,87,44,131,28185,28316,0.46
January 31 2022,Asotin,WA,Passenger,23,17,40,12643,12683,0.32
September 30 2019,Brevard,FL,Passenger,0,1,1,93,94,1.06
May 31 2022,Mohave,AZ,Passenger,1,0,1,50,51,1.96
April 30 2023,Jackson,OK,Passenger,0,1,1,36,37,2.7
January 31 2017,Cowlitz,WA,Passenger,51,44,95,69104,69199,0.14
June 30 2021,Asotin,WA,Passenger,20,17,37,12708,12745,0.29
April 30 2021,Montgomery,MD,Passenger,1,0,1,242,243,0.41
February 29 2024,Lincoln,WA,Truck,0,0,0,4803,4803,0
May 31 2021,Owyhee,ID,Passenger,1,0,1,4,5,20
September 30 2021,Skagit,WA,Truck,1,0,1,32906,32907,0
April 30 2019,Owyhee,ID,Passenger,1,0,1,6,7,14.29
April 30 2024,Pierce,WA,Truck,290,0,290,133185,133475,0.22
February 28 2022,San Joaquin,CA,Passenger,1,1,2,99,101,1.98
November 30 2021,Travis,TX,Passenger,4,3,7,152,159,4.4
December 31 2017,Hamilton,IN,Passenger,1,0,1,54,55,1.82
June 30 2018,Broward,FL,Passenger,1,1,2,132,134,1.49
August 31 2023,Virginia Beach,VA,Truck,1,0,1,103,104,0.96
March 31 2019,Jefferson,WA,Passenger,179,118,297,24871,25168,1.18
November 30 2023,Lincoln,WA,Passenger,21,25,46,7611,7657,0.6
October 31 2019,Clay,FL,Passenger,0,1,1,88,89,1.12
January 31 2024,Ada,ID,Passenger,2,0,2,97,99,2.02
October 31 2022,St. Lawrence,NY,Passenger,1,0,1,4,5,20
December 31 2023,Churchill,NV,Passenger,0,1,1,33,34,2.94
July 31 2024,King,WA,Passenger,79801,19394,99195,1278507,1377702,7.2
August 31 2021,Thurston,WA,Truck,0,0,0,56333,56333,0
March 31 2022,Burlington,NJ,Passenger,0,1,1,106,107,0.93
December 31 2018,District of Columbia,DC,Passenger,1,3,4,192,196,2.04
July 31 2023,Rock Island,IL,Passenger,0,1,1,12,13,7.69
February 28 2022,Walla Walla,WA,Truck,0,0,0,14066,14066,0
March 31 2023,Stafford,VA,Passenger,3,1,4,84,88,4.55
November 30 2018,Manassas,VA,Passenger,0,1,1,9,10,10
April 30 2017,DeKalb,IN,Passenger,1,0,1,1,2,50
June 30 2021,Stevens,WA,Passenger,46,45,91,30445,30536,0.3
May 31 2020,Spokane,WA,Truck,1,0,1,97649,97650,0
September 30 2017,Ferry,WA,Truck,0,0,0,3540,3540,0
April 30 2022,Kootenai,ID,Passenger,0,1,1,169,170,0.59
April 30 2022,Prince George's,MD,Passenger,2,1,3,139,142,2.11
September 30 2022,Collin,TX,Passenger,4,0,4,88,92,4.35
February 28 2019,Garfield,WA,Truck,0,0,0,960,960,0
July 31 2021,Columbia,OR,Passenger,1,0,1,23,24,4.17
May 31 2021,Botetourt,VA,Passenger,1,0,1,1,2,50
July 31 2018,Snohomish,WA,Truck,1,0,1,121663,121664,0
April 30 2023,Loudoun,VA,Passenger,3,1,4,61,65,6.15
February 28 2022,Norfolk,VA,Passenger,2,3,5,316,321,1.56
October 31 2019,Tarrant,TX,Passenger,3,0,3,204,207,1.45
December 31 2022,Whitman,WA,Truck,3,0,3,8641,8644,0.03
May 31 2022,Columbia,WA,Truck,0,0,0,1580,1580,0
September 30 2023,Adams,CO,Passenger,1,0,1,23,24,4.17
August 31 2022,New Haven,CT,Passenger,0,2,2,32,34,5.88
February 28 2021,Okaloosa,FL,Passenger,0,1,1,142,143,0.7
May 31 2023,Wichita,TX,Passenger,1,0,1,33,34,2.94
February 28 2018,Hamilton,TN,Passenger,1,0,1,24,25,4
May 31 2017,Portsmouth,VA,Passenger,0,1,1,66,67,1.49
October 31 2019,Benton,WA,Truck,0,0,0,42365,42365,0
October 31 2019,Monterey,CA,Passenger,0,1,1,193,194,0.52
May 31 2021,Harrison,MS,Passenger,2,0,2,53,55,3.64
November 30 2021,Plaquemines,LA,Passenger,0,1,1,18,19,5.26
September 30 2020,Wilson,TX,Passenger,0,1,1,6,7,14.29
November 30 2019,DeKalb,IN,Passenger,1,0,1,1,2,50
January 31 2022,Spokane,WA,Truck,0,0,0,102531,102531,0
October 31 2022,Asotin,WA,Truck,0,0,0,6673,6673,0
June 30 2023,San Bernardino,CA,Passenger,3,1,4,315,319,1.25
December 31 2022,Portsmouth,VA,Passenger,0,1,1,67,68,1.47
October 31 2020,Stevens,WA,Passenger,37,39,76,30351,30427,0.25
April 30 2022,Whitman,WA,Passenger,83,56,139,21999,22138,0.63
October 31 2022,Jefferson,NY,Passenger,1,0,1,215,216,0.46
February 28 2023,Camden,NJ,Passenger,0,1,1,13,14,7.14
September 30 2019,Valencia,NM,Passenger,1,0,1,8,9,11.11
August 31 2022,Queens,NY,Passenger,1,0,1,46,47,2.13
March 31 2020,Collier,FL,Passenger,1,0,1,21,22,4.55
February 28 2021,Botetourt,VA,Passenger,1,0,1,1,2,50
November 30 2023,Autauga,AL,Passenger,2,0,2,11,13,15.38
January 31 2023,Kootenai,ID,Truck,1,0,1,31,32,3.12
August 31 2021,King,WA,Truck,5,1,6,183953,183959,0
January 31 2022,Arlington,VA,Passenger,1,0,1,142,143,0.7
March 31 2019,,,Passenger,4,2,6,413,419,1.43
December 31 2020,Anne Arundel,MD,Passenger,1,1,2,395,397,0.5
December 31 2021,Plaquemines,LA,Passenger,0,1,1,18,19,5.26
November 30 2020,Okaloosa,FL,Passenger,0,1,1,145,146,0.68
December 31 2022,Santa Cruz,CA,Passenger,1,0,1,21,22,4.55
June 30 2018,Pierce,WA,Passenger,1228,1173,2401,532115,534516,0.45
October 31 2018,Island,WA,Truck,0,0,0,21115,21115,0
November 30 2018,Collier,FL,Passenger,1,0,1,22,23,4.35
February 28 2017,Pacific,WA,Passenger,5,6,11,14987,14998,0.07
June 30 2018,District of Columbia,DC,Passenger,0,3,3,186,189,1.59
August 31 2020,Pacific,WA,Truck,0,0,0,7718,7718,0
August 31 2019,Lake,FL,Passenger,1,0,1,23,24,4.17
April 30 2022,Harrison,MS,Passenger,2,0,2,52,54,3.7
September 30 2021,Dallas,IA,Passenger,0,1,1,10,11,9.09
September 30 2018,Grays Harbor,WA,Truck,0,0,0,20301,20301,0
December 31 2020,Asotin,WA,Truck,0,0,0,6672,6672,0
March 31 2020,Montgomery,TX,Passenger,1,0,1,56,57,1.75
May 31 2022,Essex,MA,Passenger,1,0,1,16,17,5.88
October 31 2022,Suffolk,VA,Passenger,1,0,1,119,120,0.83
June 30 2018,Santa Fe,NM,Passenger,0,1,1,43,44,2.27
December 31 2019,Maui,HI,Passenger,2,0,2,41,43,4.65
May 31 2023,Napa,CA,Passenger,0,1,1,14,15,6.67
May 31 2018,Snohomish,WA,Passenger,2280,1222,3502,519923,523425,0.67
November 30 2022,Lewis,WA,Truck,2,0,2,26298,26300,0.01
February 28 2021,Whitman,WA,Truck,0,0,0,8513,8513,0
October 31 2022,Okanogan,WA,Truck,1,0,1,16450,16451,0.01
June 30 2020,Maricopa,AZ,Passenger,5,9,14,1544,1558,0.9
May 31 2023,Okanogan,WA,Truck,7,0,7,16474,16481,0.04
February 29 2024,Montgomery,AL,Passenger,1,1,2,32,34,5.88
February 28 2021,Duval,FL,Passenger,0,2,2,360,362,0.55
January 31 2022,Klamath,OR,Passenger,1,0,1,32,33,3.03
April 30 2021,Kings,NY,Passenger,1,0,1,72,73,1.37
June 30 2019,Allegheny,PA,Passenger,1,0,1,87,88,1.14
September 30 2021,Fulton,GA,Passenger,0,1,1,81,82,1.22
November 30 2023,Alameda,CA,Passenger,5,2,7,160,167,4.19
December 31 2018,El Paso,TX,Passenger,1,0,1,484,485,0.21
July 31 2022,Kern,CA,Passenger,0,1,1,195,196,0.51
December 31 2021,Meade,KY,Passenger,1,0,1,26,27,3.7
December 31 2021,Rogers,OK,Passenger,1,0,1,7,8,12.5
August 31 2022,El Paso,TX,Passenger,4,0,4,349,353,1.13
September 30 2018,Montgomery,MD,Passenger,1,0,1,290,291,0.34
December 31 2020,Cowlitz,WA,Passenger,177,127,304,72097,72401,0.42
July 31 2022,Arapahoe,CO,Passenger,0,1,1,97,98,1.02
November 30 2022,Wake,NC,Passenger,1,0,1,90,91,1.1
September 30 2023,Madison,IL,Passenger,2,0,2,16,18,11.11
March 31 2023,Snohomish,WA,Passenger,11297,2893,14190,528751,542941,2.61
April 30 2022,Benton,WA,Passenger,713,445,1158,135323,136481,0.85
November 30 2019,Cowlitz,WA,Passenger,114,106,220,73570,73790,0.3
January 31 2021,Walla Walla,WA,Passenger,103,68,171,36146,36317,0.47
May 31 2022,Deschutes,OR,Passenger,2,0,2,103,105,1.9
April 30 2022,District of Columbia,DC,Passenger,3,0,3,171,174,1.72
March 31 2022,Lee,FL,Passenger,1,0,1,35,36,2.78
June 30 2019,Franklin,MA,Passenger,0,1,1,2,3,33.33
February 28 2022,Clark,WA,Passenger,3627,1597,5224,318810,324034,1.61
May 31 2017,Franklin,WA,Passenger,28,44,72,55449,55521,0.13
October 31 2022,Contra Costa,CA,Passenger,0,2,2,207,209,0.96
August 31 2019,Hawaii,HI,Passenger,1,0,1,63,64,1.56
December 31 2022,San Francisco,CA,Passenger,1,0,1,75,76,1.32
March 31 2024,Charlottesville,VA,Passenger,0,1,1,2,3,33.33
April 30 2019,Travis,TX,Passenger,4,1,5,212,217,2.3
August 31 2022,Arapahoe,CO,Passenger,0,1,1,93,94,1.06
November 30 2022,Orange,FL,Passenger,1,0,1,84,85,1.18
December 31 2021,Pend Oreille,WA,Truck,0,0,0,5696,5696,0
March 31 2019,Randolph,NC,Passenger,1,0,1,6,7,14.29
February 28 2019,Kittitas,WA,Passenger,73,37,110,29444,29554,0.37
July 31 2020,Cumberland,NC,Passenger,1,3,4,473,477,0.84
September 30 2018,Stevens,WA,Truck,0,0,0,18673,18673,0
June 30 2020,Queens,NY,Passenger,1,0,1,50,51,1.96
February 28 2022,Monterey,CA,Passenger,0,3,3,154,157,1.91
November 30 2017,Ferry,WA,Passenger,1,3,4,4409,4413,0.09
May 31 2023,New London,CT,Passenger,2,3,5,176,181,2.76
October 31 2023,Cache,UT,Passenger,1,0,1,9,10,10
January 31 2022,Ray,MO,Passenger,0,1,1,1,2,50
May 31 2018,Snohomish,WA,Truck,1,0,1,121466,121467,0
November 30 2018,Snohomish,WA,Passenger,2789,1415,4204,526632,530836,0.79
July 31 2019,Thurston,WA,Passenger,904,651,1555,198023,199578,0.78
January 31 2024,Wahkiakum,WA,Truck,4,0,4,1736,1740,0.23
June 30 2019,Spokane,WA,Passenger,538,432,970,311691,312661,0.31
July 31 2019,Cowlitz,WA,Passenger,106,107,213,73123,73336,0.29
May 31 2018,Washington,OR,Passenger,0,1,1,488,489,0.2
September 30 2021,Tarrant,TX,Passenger,2,0,2,153,155,1.29
September 30 2022,Travis,TX,Passenger,2,1,3,120,123,2.44
April 30 2022,Deschutes,OR,Passenger,2,0,2,110,112,1.79
May 31 2022,Owyhee,ID,Passenger,1,0,1,3,4,25
May 31 2018,Deschutes,OR,Passenger,1,0,1,180,181,0.55
March 31 2020,San Diego,CA,Passenger,13,4,17,2777,2794,0.61
June 30 2019,Yakima,WA,Truck,0,0,0,59124,59124,0
September 30 2019,San Joaquin,CA,Passenger,1,0,1,143,144,0.69
July 31 2019,St. Mary's,MD,Passenger,1,0,1,211,212,0.47
September 30 2018,Asotin,WA,Passenger,11,8,19,12674,12693,0.15
April 30 2024,Bell,TX,Passenger,2,0,2,204,206,0.97
June 30 2018,Montgomery,MD,Passenger,1,0,1,291,292,0.34
June 30 2019,Lee,FL,Passenger,1,0,1,52,53,1.89
March 31 2017,Walla Walla,WA,Truck,0,0,0,13185,13185,0
September 30 2018,Skagit,WA,Passenger,223,176,399,90845,91244,0.44
February 28 2017,Island,WA,Passenger,100,122,222,59422,59644,0.37
October 31 2020,,,Passenger,5,1,6,371,377,1.59
October 31 2021,Monterey,CA,Passenger,0,3,3,162,165,1.82
July 31 2018,Pacific,WA,Truck,0,0,0,7607,7607,0
October 31 2021,Stafford,VA,Passenger,2,1,3,107,110,2.73
June 30 2022,Fairfax,VA,Passenger,7,2,9,650,659,1.37
May 31 2022,Yellowstone,MT,Passenger,0,1,1,28,29,3.45
November 30 2021,District of Columbia,DC,Passenger,4,0,4,181,185,2.16
June 30 2020,Whitman,WA,Truck,0,0,0,8507,8507,0
January 31 2024,Marion,OR,Passenger,1,0,1,49,50,2
February 28 2019,Collier,FL,Passenger,1,0,1,21,22,4.55
August 31 2020,Putnam,TN,Passenger,0,1,1,3,4,25
January 31 2018,El Paso,CO,Passenger,2,1,3,767,770,0.39
June 30 2020,Fairfax,VA,Passenger,5,2,7,736,743,0.94
September 30 2019,Broward,FL,Passenger,2,1,3,131,134,2.24
August 31 2017,Garfield,WA,Truck,0,0,0,930,930,0
September 30 2018,Juneau,AK,Passenger,0,1,1,45,46,2.17
April 30 2022,Essex,NJ,Passenger,2,0,2,13,15,13.33
August 31 2021,Carroll,NH,Passenger,0,1,1,4,5,20
July 31 2024,Loudoun,VA,Passenger,2,1,3,48,51,5.88
May 31 2017,Pacific,WA,Truck,0,0,0,7458,7458,0
March 31 2020,Rockingham,NH,Passenger,1,0,1,26,27,3.7
August 31 2019,Monroe,IL,Passenger,1,0,1,4,5,20
December 31 2019,Chelan,WA,Passenger,201,78,279,54615,54894,0.51
June 30 2017,Stevens,WA,Passenger,8,23,31,31380,31411,0.1
September 30 2022,Douglas,WA,Passenger,148,61,209,28419,28628,0.73
June 30 2023,Santa Cruz,CA,Passenger,1,0,1,21,22,4.55
April 30 2018,Prince William,VA,Passenger,0,5,5,263,268,1.87
December 31 2019,Whatcom,WA,Truck,2,0,2,43180,43182,0
July 31 2024,Thurston,WA,Passenger,4519,1595,6114,184772,190886,3.2
May 31 2022,Multnomah,OR,Passenger,1,4,5,580,585,0.85
September 30 2019,Moore,NC,Passenger,0,1,1,176,177,0.56
February 28 2018,Eagle,CO,Passenger,1,0,1,6,7,14.29
February 28 2019,Grant,WA,Passenger,33,55,88,64276,64364,0.14
April 30 2021,El Dorado,CA,Passenger,1,0,1,35,36,2.78
January 31 2022,Alexandria,VA,Passenger,4,0,4,117,121,3.31
May 31 2017,Whitman,WA,Truck,0,0,0,8394,8394,0
March 31 2024,Sonoma,CA,Passenger,2,1,3,59,62,4.84
August 31 2019,San Juan,WA,Truck,0,0,0,5890,5890,0
June 30 2021,Allegheny,PA,Passenger,2,1,3,76,79,3.8
September 30 2018,Ramsey,MN,Passenger,1,0,1,43,44,2.27
March 31 2018,Collier,FL,Passenger,1,0,1,22,23,4.35
February 29 2024,Essex,MA,Passenger,1,0,1,10,11,9.09
June 30 2023,Yakima,WA,Passenger,503,257,760,166051,166811,0.46
November 30 2020,Jefferson,WA,Passenger,277,153,430,24709,25139,1.71
May 31 2022,El Paso,CO,Passenger,3,3,6,637,643,0.93
March 31 2022,Oldham,KY,Passenger,0,1,1,4,5,20
March 31 2021,Santa Cruz,CA,Passenger,1,0,1,31,32,3.12
September 30 2021,Rockdale,GA,Passenger,1,0,1,6,7,14.29
September 30 2021,Manassas,VA,Passenger,0,1,1,6,7,14.29
November 30 2020,Williams,ND,Passenger,0,1,1,10,11,9.09
January 31 2019,Grant,WA,Passenger,33,53,86,64363,64449,0.13
September 30 2021,Multnomah,OR,Passenger,3,6,9,660,669,1.35
January 31 2020,Walla Walla,WA,Truck,0,0,0,13706,13706,0
March 31 2023,Currituck,NC,Passenger,1,0,1,19,20,5
February 29 2024,Utah,UT,Passenger,1,0,1,77,78,1.28
May 31 2020,Randolph,NC,Passenger,1,0,1,8,9,11.11
August 31 2018,San Juan,PR,Passenger,0,1,1,4,5,20
January 31 2017,Pierce,WA,Passenger,822,751,1573,528181,529754,0.3
September 30 2017,Deschutes,OR,Passenger,1,0,1,202,203,0.49
May 31 2023,Honolulu,HI,Passenger,4,3,7,312,319,2.19
December 31 2023,El Paso,TX,Passenger,4,1,5,270,275,1.82
June 30 2024,Prince William,VA,Passenger,2,4,6,128,134,4.48
June 30 2021,Mason,WA,Truck,0,0,0,21320,21320,0
July 31 2018,Charles,MD,Passenger,0,1,1,85,86,1.16
November 30 2021,Middlesex,MA,Passenger,1,0,1,98,99,1.01
March 31 2019,Camden,NJ,Passenger,0,1,1,26,27,3.7
July 31 2023,Autauga,AL,Passenger,2,0,2,13,15,13.33
May 31 2018,Mason,WA,Passenger,77,91,168,45588,45756,0.37
November 30 2018,Lane,OR,Passenger,0,1,1,177,178,0.56
January 31 2024,New London,CT,Passenger,2,3,5,153,158,3.16
September 30 2021,Flathead,MT,Passenger,2,0,2,54,56,3.57
November 30 2022,Chesapeake,VA,Passenger,2,1,3,338,341,0.88
July 31 2022,Benton,WA,Truck,3,0,3,43452,43455,0.01
April 30 2017,Grant,WA,Truck,0,0,0,25088,25088,0
August 31 2017,Garfield,WA,Passenger,1,0,1,1302,1303,0.08
August 31 2022,Okanogan,WA,Truck,1,0,1,16524,16525,0.01
January 31 2017,San Mateo,CA,Passenger,0,1,1,177,178,0.56
October 31 2017,Norfolk,VA,Passenger,1,1,2,309,311,0.64
January 31 2024,Kings,NY,Passenger,2,0,2,33,35,5.71
May 31 2019,Garfield,WA,Passenger,1,1,2,1291,1293,0.15
November 30 2017,Maricopa,AZ,Passenger,1,1,2,1701,1703,0.12
June 30 2020,San Joaquin,CA,Passenger,1,0,1,134,135,0.74
April 30 2017,Monterey,CA,Passenger,0,1,1,215,216,0.46
September 30 2020,Prince George's,MD,Passenger,2,1,3,156,159,1.89
December 31 2023,Arapahoe,CO,Passenger,2,1,3,67,70,4.29
June 30 2023,Williamsburg,VA,Passenger,0,1,1,5,6,16.67
May 31 2024,San Benito,CA,Passenger,1,0,1,3,4,25
May 31 2021,Chelan,WA,Passenger,322,98,420,54717,55137,0.76
August 31 2019,Lincoln,WA,Truck,0,0,0,4683,4683,0
April 30 2024,Cumberland,NC,Passenger,3,3,6,285,291,2.06
December 31 2021,Clark,WA,Passenger,3474,1559,5033,320036,325069,1.55
November 30 2022,Clackamas,OR,Passenger,1,0,1,140,141,0.71
February 28 2018,Howard,MD,Passenger,0,1,1,90,91,1.1
December 31 2018,Adams,WA,Truck,0,0,0,5145,5145,0
May 31 2017,Douglas,WA,Truck,0,0,0,11483,11483,0
January 31 2018,Lane,OR,Passenger,0,1,1,203,204,0.49
August 31 2019,Saratoga,NY,Passenger,1,0,1,50,51,1.96
January 31 2018,Nantucket,MA,Passenger,1,0,1,3,4,25
January 31 2020,Nassau,NY,Passenger,4,0,4,46,50,8
October 31 2017,Kitsap,WA,Passenger,662,355,1017,174863,175880,0.58
April 30 2022,Skamania,WA,Passenger,67,46,113,8203,8316,1.36
July 31 2024,Arapahoe,CO,Passenger,2,1,3,59,62,4.84
February 29 2020,El Paso,CO,Passenger,3,1,4,747,751,0.53
September 30 2020,Richland,SC,Passenger,0,1,1,147,148,0.68
February 29 2020,Larimer,CO,Passenger,1,0,1,50,51,1.96
March 31 2024,Garfield,OK,Passenger,1,0,1,15,16,6.25
November 30 2022,Sarpy,NE,Passenger,1,0,1,63,64,1.56
April 30 2018,King,WA,Passenger,12282,5287,17569,1367887,1385456,1.27
July 31 2022,Island,WA,Passenger,830,378,1208,61562,62770,1.92
July 31 2017,Adams,WA,Passenger,3,3,6,12181,12187,0.05
August 31 2022,Onslow,NC,Passenger,0,1,1,165,166,0.6
October 31 2023,San Juan,WA,Truck,18,0,18,5916,5934,0.3
April 30 2018,District of Columbia,DC,Passenger,0,3,3,189,192,1.56
October 31 2022,Norfolk,MA,Passenger,1,0,1,25,26,3.85
August 31 2023,Camden,NJ,Passenger,0,1,1,13,14,7.14
December 31 2020,Wilson,TX,Passenger,0,1,1,6,7,14.29
November 30 2020,Rogers,OK,Passenger,1,0,1,8,9,11.11
April 30 2024,Rockingham,NH,Passenger,1,0,1,8,9,11.11
September 30 2023,Adams,WA,Passenger,27,13,40,13124,13164,0.3
December 31 2018,Island,WA,Truck,0,0,0,21172,21172,0
August 31 2017,Montgomery,MD,Passenger,1,0,1,314,315,0.32
November 30 2017,Marin,CA,Passenger,1,0,1,57,58,1.72
January 31 2017,Yakima,WA,Truck,0,0,0,57332,57332,0
December 31 2021,Thurston,WA,Truck,0,0,0,55961,55961,0
April 30 2024,DeKalb,GA,Passenger,1,0,1,32,33,3.03
June 30 2022,Washoe,NV,Passenger,1,0,1,74,75,1.33
April 30 2023,Broward,FL,Passenger,1,0,1,66,67,1.49
February 29 2020,Fort Bend,TX,Passenger,1,0,1,48,49,2.04
August 31 2023,Providence,RI,Passenger,1,0,1,21,22,4.55
April 30 2018,Whatcom,WA,Passenger,594,269,863,146569,147432,0.59
February 28 2021,Prince William,VA,Passenger,1,2,3,219,222,1.35
July 31 2020,DeKalb,GA,Passenger,1,0,1,81,82,1.22
February 28 2021,Fairbanks North Star,AK,Passenger,0,1,1,92,93,1.08
November 30 2022,DeKalb,GA,Passenger,1,0,1,49,50,2
May 31 2024,Orange,CA,Passenger,6,1,7,255,262,2.67
April 30 2020,Brevard,FL,Passenger,0,1,1,92,93,1.08
March 31 2018,Allegheny,PA,Passenger,1,0,1,83,84,1.19
October 31 2018,DeKalb,IN,Passenger,1,0,1,1,2,50
December 31 2020,Montgomery,OH,Passenger,0,1,1,52,53,1.89
June 30 2021,Benton,WA,Passenger,516,393,909,136301,137210,0.66
December 31 2021,Kittitas,WA,Truck,0,0,0,14797,14797,0
July 31 2018,Queens,NY,Passenger,1,0,1,62,63,1.59
January 31 2023,St. Louis,MO,Passenger,2,0,2,60,62,3.23
January 31 2024,Santa Cruz,CA,Passenger,1,0,1,20,21,4.76
January 31 2023,Galveston,TX,Passenger,0,1,1,17,18,5.56
June 30 2024,San Juan,WA,Passenger,742,211,953,13402,14355,6.64
February 29 2024,Chesapeake,VA,Passenger,2,0,2,275,277,0.72
July 31 2024,Alexandria,VA,Passenger,3,0,3,75,78,3.85
February 28 2021,Hennepin,MN,Passenger,2,0,2,85,87,2.3
September 30 2022,Maui,HI,Passenger,1,0,1,26,27,3.7
December 31 2021,Hamilton,OH,Passenger,1,0,1,40,41,2.44
July 31 2018,Island,WA,Passenger,206,195,401,62539,62940,0.64
May 31 2024,Anne Arundel,MD,Passenger,6,2,8,258,266,3.01
May 31 2022,Fairbanks North Star,AK,Passenger,0,1,1,81,82,1.22
October 31 2020,Calvert,MD,Passenger,0,2,2,86,88,2.27
February 29 2024,Sarpy,NE,Passenger,1,0,1,55,56,1.79
November 30 2021,Virginia Beach,VA,Passenger,2,0,2,585,587,0.34
March 31 2023,Hudson,NJ,Passenger,2,0,2,22,24,8.33
May 31 2023,Muscogee,GA,Passenger,1,2,3,105,108,2.78
March 31 2018,Sedgwick,KS,Passenger,0,1,1,105,106,0.94
May 31 2020,Cumberland,NC,Passenger,1,3,4,478,482,0.83
August 31 2021,Essex,NJ,Passenger,2,0,2,13,15,13.33
May 31 2017,Norfolk,MA,Passenger,1,0,1,40,41,2.44
March 31 2023,Harris,TX,Passenger,2,1,3,160,163,1.84
September 30 2019,Ventura,CA,Passenger,0,2,2,321,323,0.62
December 31 2017,Manassas,VA,Passenger,0,1,1,9,10,10
April 30 2024,Pulaski,MO,Passenger,2,0,2,87,89,2.25
September 30 2020,Camden,NJ,Passenger,0,1,1,24,25,4
May 31 2017,Alameda,CA,Passenger,1,1,2,375,377,0.53
January 31 2022,Duval,FL,Passenger,0,2,2,327,329,0.61
December 31 2023,Stafford,VA,Passenger,3,0,3,75,78,3.85
September 30 2021,Nueces,TX,Passenger,1,0,1,70,71,1.41
October 31 2017,Monterey,CA,Passenger,0,2,2,198,200,1
June 30 2022,Benton,WA,Truck,3,0,3,43543,43546,0.01
October 31 2021,Clark,WA,Truck,0,0,0,83972,83972,0
February 28 2018,Grant,WA,Passenger,31,38,69,62313,62382,0.11
January 31 2019,Island,WA,Truck,0,0,0,21200,21200,0
August 31 2017,Saratoga,NY,Passenger,1,1,2,71,73,2.74
March 31 2024,Jefferson,NY,Passenger,2,0,2,171,173,1.16
April 30 2020,DeKalb,GA,Passenger,1,0,1,85,86,1.16
December 31 2022,Cumberland,PA,Passenger,1,0,1,39,40,2.5
September 30 2020,Douglas,CO,Passenger,0,1,1,84,85,1.18
June 30 2023,Mason,WA,Passenger,444,206,650,46286,46936,1.38
May 31 2019,Ventura,CA,Passenger,0,2,2,328,330,0.61
September 30 2017,District of Columbia,DC,Passenger,0,2,2,201,203,0.99
March 31 2023,Wichita,TX,Passenger,1,0,1,38,39,2.56
June 30 2023,Jefferson,WA,Truck,12,0,12,9329,9341,0.13
May 31 2022,Hawaii,HI,Passenger,1,0,1,43,44,2.27
November 30 2020,Cowlitz,WA,Truck,0,0,0,28861,28861,0
July 31 2018,Spokane,WA,Truck,1,0,1,92845,92846,0
April 30 2022,Walla Walla,WA,Passenger,163,91,254,36002,36256,0.7
February 28 2019,Pierce,WA,Truck,0,0,0,138883,138883,0
January 31 2022,Snohomish,WA,Truck,3,0,3,125227,125230,0
December 31 2017,Stevens,WA,Passenger,10,21,31,31532,31563,0.1
March 31 2022,Larimer,CO,Passenger,1,0,1,46,47,2.13
July 31 2021,Fresno,CA,Passenger,1,0,1,191,192,0.52
January 31 2021,Deschutes,OR,Passenger,2,0,2,139,141,1.42
December 31 2020,Denton,TX,Passenger,1,0,1,88,89,1.12
December 31 2020,Montgomery,MD,Passenger,1,0,1,240,241,0.41
March 31 2018,Okanogan,WA,Truck,0,0,0,16332,16332,0
May 31 2023,Maricopa,AZ,Passenger,16,5,21,796,817,2.57
February 28 2021,Spartanburg,SC,Passenger,0,1,1,53,54,1.85
February 29 2020,Santa Cruz,CA,Passenger,1,0,1,38,39,2.56
October 31 2021,Stevens,WA,Truck,0,0,0,18872,18872,0
January 31 2018,Collier,FL,Passenger,1,0,1,23,24,4.17
March 31 2022,Leavenworth,KS,Passenger,0,1,1,101,102,0.98
August 31 2021,Santa Cruz,CA,Passenger,1,0,1,28,29,3.45
November 30 2020,Carroll,MD,Passenger,0,1,1,18,19,5.26
November 30 2018,San Juan,PR,Passenger,0,1,1,5,6,16.67
September 30 2022,Botetourt,VA,Passenger,1,0,1,1,2,50
May 31 2024,Yolo,CA,Passenger,2,0,2,19,21,9.52
October 31 2017,Volusia,FL,Passenger,0,1,1,42,43,2.33
June 30 2023,Richmond,NY,Passenger,1,0,1,4,5,20
January 31 2024,Lewis,WA,Passenger,414,321,735,59605,60340,1.22
July 31 2024,Placer,CA,Passenger,1,0,1,55,56,1.79
November 30 2019,Douglas,NE,Passenger,0,1,1,63,64,1.56
February 28 2018,Clark,NV,Passenger,2,3,5,757,762,0.66
January 31 2020,Denton,TX,Passenger,1,0,1,98,99,1.01
March 31 2018,Morris,NJ,Passenger,1,0,1,19,20,5
April 30 2018,Chelan,WA,Passenger,98,45,143,53389,53532,0.27
February 28 2018,Montgomery,TN,Passenger,1,0,1,270,271,0.37
May 31 2020,Maui,HI,Passenger,2,0,2,36,38,5.26
June 30 2021,Missoula,MT,Passenger,1,0,1,68,69,1.45
March 31 2020,Washtenaw,MI,Passenger,1,0,1,37,38,2.63
May 31 2024,Shelby,AL,Passenger,2,0,2,3,5,40
May 31 2021,Wilson,NC,Passenger,1,0,1,0,1,100
October 31 2021,Grant,WA,Truck,0,0,0,28001,28001,0
April 30 2021,New York,NY,Passenger,2,0,2,54,56,3.57
May 31 2017,Canyon,ID,Passenger,0,1,1,107,108,0.93
July 31 2021,Oldham,KY,Passenger,0,1,1,4,5,20
August 31 2018,Hardin,KY,Passenger,0,1,1,114,115,0.87
June 30 2022,Orange,NC,Passenger,0,1,1,9,10,10
August 31 2020,San Francisco,CA,Passenger,2,1,3,97,100,3
October 31 2019,Yakima,WA,Truck,0,0,0,59480,59480,0
May 31 2021,Anchorage,AK,Passenger,1,0,1,150,151,0.66
March 31 2024,Doña Ana,NM,Passenger,1,0,1,12,13,7.69
December 31 2017,Walla Walla,WA,Passenger,29,32,61,35278,35339,0.17
October 31 2018,El Paso,TX,Passenger,1,0,1,491,492,0.2
July 31 2019,Stevens,WA,Truck,0,0,0,18695,18695,0
January 31 2019,Harris,TX,Passenger,0,1,1,284,285,0.35
May 31 2019,Lee,AL,Passenger,1,0,1,37,38,2.63
January 31 2021,Montgomery,PA,Passenger,1,0,1,27,28,3.57
January 31 2023,Shasta,CA,Passenger,1,0,1,24,25,4
August 31 2022,Santa Cruz,CA,Passenger,1,0,1,25,26,3.85
June 30 2021,Snohomish,WA,Truck,1,0,1,126231,126232,0
March 31 2017,Skagit,WA,Truck,1,0,1,31422,31423,0
February 28 2023,Cowlitz,WA,Passenger,425,192,617,70117,70734,0.87
August 31 2023,Yolo,CA,Passenger,2,0,2,27,29,6.9
October 31 2019,Stevens,WA,Passenger,30,28,58,31604,31662,0.18
June 30 2017,San Juan,WA,Passenger,107,40,147,13549,13696,1.07
January 31 2024,Harnett,NC,Passenger,4,1,5,130,135,3.7
September 30 2023,Ulster,NY,Passenger,1,0,1,7,8,12.5
November 30 2023,Albemarle,VA,Passenger,2,0,2,13,15,13.33
May 31 2022,Oldham,KY,Passenger,0,1,1,4,5,20
March 31 2020,,,Passenger,8,1,9,405,414,2.17
February 28 2021,Washtenaw,MI,Passenger,1,1,2,32,34,5.88
February 28 2021,Sumter,FL,Passenger,0,1,1,11,12,8.33
October 31 2023,San Benito,CA,Passenger,1,0,1,4,5,20
February 29 2024,Whatcom,WA,Passenger,3100,1092,4192,146887,151079,2.77
January 31 2023,Bexar,TX,Passenger,4,3,7,433,440,1.59
December 31 2021,Suffolk,VA,Passenger,1,0,1,127,128,0.78
May 31 2023,Beaufort,SC,Passenger,1,0,1,30,31,3.23
July 31 2021,Lee,FL,Passenger,1,0,1,36,37,2.7
October 31 2022,Adams,CO,Passenger,1,0,1,38,39,2.56
May 31 2024,Montgomery,OH,Passenger,0,1,1,37,38,2.63
January 31 2018,Carroll,NH,Passenger,0,1,1,1,2,50
October 31 2022,Island,WA,Passenger,896,387,1283,61346,62629,2.05
February 28 2017,Stevens,WA,Passenger,6,21,27,31313,31340,0.09
September 30 2018,,,Passenger,2,2,4,422,426,0.94
July 31 2023,Wake,NC,Passenger,4,0,4,86,90,4.44
November 30 2023,Kittitas,WA,Passenger,449,118,567,29411,29978,1.89
September 30 2022,Lake,IN,Passenger,0,1,1,11,12,8.33
July 31 2020,King,WA,Passenger,24902,7754,32656,1370288,1402944,2.33
July 31 2018,Thurston,WA,Passenger,576,496,1072,193653,194725,0.55
October 31 2018,Ventura,CA,Passenger,0,2,2,326,328,0.61
September 30 2018,Norfolk,VA,Passenger,2,2,4,334,338,1.18
September 30 2019,Allegheny,PA,Passenger,2,0,2,88,90,2.22
March 31 2024,El Paso,CO,Passenger,6,3,9,430,439,2.05
February 28 2023,Placer,CA,Passenger,1,0,1,68,69,1.45
January 31 2019,Collier,FL,Passenger,1,0,1,20,21,4.76
September 30 2023,Nueces,TX,Passenger,0,1,1,50,51,1.96
March 31 2022,Skamania,WA,Truck,0,0,0,3968,3968,0
December 31 2022,Bryan,GA,Passenger,0,1,1,38,39,2.56
January 31 2023,York,VA,Passenger,1,0,1,78,79,1.27
September 30 2018,Skamania,WA,Passenger,15,11,26,8704,8730,0.3
July 31 2020,Grays Harbor,WA,Truck,0,0,0,20972,20972,0
February 28 2018,Anne Arundel,MD,Passenger,0,1,1,477,478,0.21
April 30 2023,Clallam,WA,Passenger,520,279,799,49076,49875,1.6
March 31 2019,Douglas,WA,Passenger,53,34,87,27882,27969,0.31
August 31 2019,Eagle,CO,Passenger,1,0,1,6,7,14.29
December 31 2022,Penobscot,ME,Passenger,0,1,1,8,9,11.11
September 30 2023,Clark,WA,Truck,118,0,118,81245,81363,0.15
January 31 2022,Danville,VA,Passenger,1,0,1,0,1,100
December 31 2023,Yellowstone,MT,Passenger,0,1,1,11,12,8.33
October 31 2019,Whatcom,WA,Passenger,950,470,1420,151407,152827,0.93
September 30 2022,Denton,TX,Passenger,2,0,2,70,72,2.78
April 30 2023,Pima,AZ,Passenger,1,0,1,227,228,0.44
June 30 2020,Franklin,WA,Truck,0,0,0,19965,19965,0
November 30 2019,Pinellas,FL,Passenger,1,1,2,117,119,1.68
October 31 2023,York,VA,Passenger,1,0,1,66,67,1.49
August 31 2019,Vigo,IN,Passenger,1,0,1,6,7,14.29
August 31 2023,Kings,NY,Passenger,2,0,2,45,47,4.26
June 30 2017,Santa Clara,CA,Passenger,5,2,7,408,415,1.69
March 31 2023,Walla Walla,WA,Passenger,209,111,320,35489,35809,0.89
October 31 2021,Wahkiakum,WA,Passenger,17,8,25,3062,3087,0.81
February 29 2020,Denver,CO,Passenger,1,0,1,129,130,0.77
March 31 2022,Fresno,CA,Passenger,1,0,1,175,176,0.57
October 31 2017,Thurston,WA,Truck,0,0,0,53569,53569,0
January 31 2017,Skagit,WA,Truck,1,0,1,31401,31402,0
January 31 2023,Harnett,NC,Passenger,2,0,2,151,153,1.31
December 31 2019,Montgomery,TX,Passenger,1,0,1,59,60,1.67
October 31 2020,Randolph,NC,Passenger,1,0,1,8,9,11.11
October 31 2020,Montgomery,PA,Passenger,1,0,1,26,27,3.7
November 30 2023,Cowlitz,WA,Passenger,571,244,815,69762,70577,1.15
October 31 2023,Cowlitz,WA,Truck,10,0,10,27991,28001,0.04
April 30 2019,Garfield,WA,Truck,0,0,0,957,957,0
March 31 2018,Hamilton,IN,Passenger,1,0,1,49,50,2
September 30 2017,Howard,MD,Passenger,0,2,2,90,92,2.17
August 31 2022,Franklin,WA,Passenger,224,113,337,61870,62207,0.54
June 30 2024,Yakima,WA,Truck,17,0,17,59744,59761,0.03
June 30 2019,Kern,CA,Passenger,0,1,1,224,225,0.44
November 30 2023,Harrison,MS,Passenger,1,0,1,28,29,3.45
November 30 2019,Kitsap,WA,Passenger,1190,649,1839,182152,183991,1
December 31 2021,Grays Harbor,WA,Truck,0,0,0,21380,21380,0
June 30 2020,Riverside,CA,Passenger,3,1,4,640,644,0.62
December 31 2017,Hardin,KY,Passenger,0,1,1,113,114,0.88
January 31 2022,Burlington,NJ,Passenger,0,1,1,112,113,0.88
February 28 2018,Okanogan,WA,Passenger,7,19,26,25649,25675,0.1
March 31 2022,Whatcom,WA,Passenger,1736,695,2431,149047,151478,1.6
August 31 2017,Grant,WA,Passenger,19,32,51,61191,61242,0.08
May 31 2021,Grant,WA,Truck,0,0,0,27857,27857,0
November 30 2022,Kittitas,WA,Truck,5,0,5,14569,14574,0.03
February 28 2021,Middlesex,MA,Passenger,1,0,1,99,100,1
January 31 2023,Harris,TX,Passenger,1,0,1,166,167,0.6
October 31 2020,Cascade,MT,Passenger,0,1,1,57,58,1.72
September 30 2019,Douglas,WA,Truck,0,0,0,12270,12270,0
February 28 2022,Wake,NC,Passenger,1,0,1,121,122,0.82
March 31 2023,Middlesex,NJ,Passenger,1,0,1,21,22,4.55
November 30 2017,Thurston,WA,Passenger,456,380,836,189432,190268,0.44
September 30 2017,Hawaii,HI,Passenger,1,0,1,82,83,1.2
January 31 2021,Yakima,WA,Passenger,180,129,309,167503,167812,0.18
February 29 2020,Sedgwick,KS,Passenger,1,1,2,98,100,2
May 31 2021,Denver,CO,Passenger,1,0,1,116,117,0.85
November 30 2020,Thurston,WA,Truck,0,0,0,56237,56237,0
March 31 2017,El Paso,CO,Passenger,1,1,2,825,827,0.24
January 31 2024,Cowlitz,WA,Passenger,615,255,870,69575,70445,1.24
December 31 2022,Harris,TX,Passenger,1,0,1,170,171,0.58
July 31 2017,Lee,AL,Passenger,1,0,1,36,37,2.7
January 31 2022,Ventura,CA,Passenger,2,3,5,266,271,1.85
June 30 2022,Onslow,NC,Passenger,0,1,1,164,165,0.61
February 29 2024,Chelan,WA,Passenger,790,223,1013,54189,55202,1.84
October 31 2019,Walla Walla,WA,Truck,0,0,0,13668,13668,0
March 31 2020,Brevard,FL,Passenger,0,1,1,91,92,1.09
July 31 2021,Stevens,WA,Truck,0,0,0,18912,18912,0
April 30 2024,Travis,TX,Passenger,1,0,1,66,67,1.49
April 30 2023,Yolo,CA,Passenger,2,0,2,28,30,6.67
March 31 2023,Collier,FL,Passenger,1,0,1,14,15,6.67
July 31 2019,Washtenaw,MI,Passenger,1,0,1,41,42,2.38
January 31 2023,Prince George's,MD,Passenger,3,1,4,130,134,2.99
October 31 2020,Thurston,WA,Truck,0,0,0,56260,56260,0
March 31 2019,Deschutes,OR,Passenger,3,0,3,169,172,1.74
November 30 2023,Whatcom,WA,Truck,83,0,83,42536,42619,0.19
December 31 2023,San Juan,WA,Truck,24,0,24,5907,5931,0.4
February 28 2018,Arlington,VA,Passenger,1,2,3,178,181,1.66
September 30 2019,Volusia,FL,Passenger,0,1,1,41,42,2.38
August 31 2023,Kootenai,ID,Passenger,0,2,2,115,117,1.71
December 31 2019,Fairfax,VA,Passenger,5,1,6,764,770,0.78
February 28 2023,Broward,FL,Passenger,1,0,1,69,70,1.43
October 31 2020,Middlesex,MA,Passenger,1,0,1,96,97,1.03
December 31 2019,Owyhee,ID,Passenger,1,0,1,4,5,20
October 31 2021,Multnomah,OR,Passenger,3,6,9,660,669,1.35
February 28 2023,Thurston,WA,Truck,49,0,49,54439,54488,0.09
November 30 2017,Snohomish,WA,Truck,1,0,1,121372,121373,0
January 31 2023,St. Mary's,MD,Passenger,2,0,2,185,187,1.07
July 31 2019,Mason,WA,Passenger,127,124,251,47303,47554,0.53
May 31 2024,Clark,WA,Passenger,8194,2965,11159,311881,323040,3.45
July 31 2020,Pacific,WA,Truck,0,0,0,7708,7708,0
March 31 2018,Frederick,MD,Passenger,0,1,1,86,87,1.15
March 31 2019,Travis,TX,Passenger,4,1,5,217,222,2.25
August 31 2019,Ventura,CA,Passenger,0,2,2,324,326,0.61
April 30 2024,Providence,RI,Passenger,1,0,1,20,21,4.76
August 31 2021,Suffolk,MA,Passenger,0,2,2,31,33,6.06
February 28 2023,Hardin,KY,Passenger,1,0,1,58,59,1.69
September 30 2023,Champaign,IL,Passenger,1,0,1,11,12,8.33
November 30 2019,Pinal,AZ,Passenger,1,0,1,201,202,0.5
July 31 2019,Snohomish,WA,Truck,0,0,0,122598,122598,0
July 31 2019,Skamania,WA,Truck,0,0,0,4064,4064,0
October 31 2018,Travis,TX,Passenger,1,0,1,208,209,0.48
April 30 2024,Alameda,CA,Passenger,4,1,5,132,137,3.65
September 30 2018,Suffolk,MA,Passenger,0,1,1,46,47,2.13
January 31 2021,Juneau,AK,Passenger,0,1,1,28,29,3.45
October 31 2018,Shasta,CA,Passenger,1,0,1,44,45,2.22
March 31 2022,Rock Island,IL,Passenger,0,1,1,14,15,6.67
July 31 2022,Botetourt,VA,Passenger,1,0,1,1,2,50
June 30 2019,Adams,WA,Truck,0,0,0,5124,5124,0
April 30 2018,Frederick,MD,Passenger,0,1,1,85,86,1.16
April 30 2017,Lane,OR,Passenger,0,1,1,249,250,0.4
September 30 2023,Coryell,TX,Passenger,1,0,1,70,71,1.41
August 31 2023,Lane,OR,Passenger,0,2,2,72,74,2.7
November 30 2020,Montgomery,PA,Passenger,1,0,1,25,26,3.85
April 30 2022,Hudson,NJ,Passenger,2,0,2,38,40,5
June 30 2018,Orleans,LA,Passenger,0,1,1,48,49,2.04
May 31 2024,Walla Walla,WA,Truck,11,0,11,13528,13539,0.08
May 31 2019,St. Mary's,MD,Passenger,1,0,1,206,207,0.48
July 31 2020,King,WA,Truck,7,1,8,182896,182904,0
January 31 2020,Osceola,FL,Passenger,1,0,1,44,45,2.22
September 30 2018,Lake,CA,Passenger,0,1,1,10,11,9.09
January 31 2021,Garfield,WA,Truck,0,0,0,1000,1000,0
October 31 2022,Rockingham,NH,Passenger,1,0,1,14,15,6.67
July 31 2023,Whitman,WA,Truck,5,0,5,8618,8623,0.06
August 31 2019,Grays Harbor,WA,Truck,0,0,0,20566,20566,0
November 30 2017,Clark,WA,Passenger,840,558,1398,303143,304541,0.46
June 30 2018,Pierce,WA,Truck,0,0,0,137780,137780,0
June 30 2021,Duval,FL,Passenger,0,2,2,355,357,0.56
February 28 2019,Skamania,WA,Truck,0,0,0,3991,3991,0
October 31 2020,Benton,WA,Passenger,402,339,741,134621,135362,0.55
April 30 2019,St. Clair,IL,Passenger,0,1,1,162,163,0.61
August 31 2022,Sonoma,CA,Passenger,1,1,2,87,89,2.25
April 30 2020,Williams,ND,Passenger,0,1,1,13,14,7.14
November 30 2021,Larimer,CO,Passenger,1,0,1,46,47,2.13
November 30 2023,Maui,HI,Passenger,1,0,1,21,22,4.55
January 31 2018,Maricopa,AZ,Passenger,1,1,2,1695,1697,0.12
September 30 2020,Kittitas,WA,Truck,0,0,0,14600,14600,0
October 31 2017,Grays Harbor,WA,Passenger,38,41,79,45367,45446,0.17
September 30 2022,Kittitas,WA,Passenger,289,91,380,29584,29964,1.27
September 30 2017,Whitman,WA,Truck,0,0,0,8429,8429,0
December 31 2023,Pulaski,AR,Passenger,2,0,2,19,21,9.52
May 31 2017,Bergen,NJ,Passenger,0,2,2,31,33,6.06
May 31 2023,Richmond,NY,Passenger,1,0,1,4,5,20
August 31 2018,Manassas,VA,Passenger,0,1,1,9,10,10
April 30 2020,Asotin,WA,Truck,0,0,0,6618,6618,0
March 31 2022,Cowlitz,WA,Truck,0,1,1,28843,28844,0
January 31 2017,Kitsap,WA,Truck,1,0,1,52378,52379,0
January 31 2024,Asotin,WA,Passenger,43,25,68,12277,12345,0.55
April 30 2020,Mason,WA,Passenger,155,133,288,47195,47483,0.61
December 31 2017,Whitman,WA,Truck,0,0,0,8451,8451,0
May 31 2019,San Francisco,CA,Passenger,2,1,3,111,114,2.63
November 30 2021,Clallam,WA,Truck,1,0,1,22095,22096,0
June 30 2019,District of Columbia,DC,Passenger,1,1,2,197,199,1.01
August 31 2023,Sonoma,CA,Passenger,3,1,4,61,65,6.15
October 31 2022,Alexandria,VA,Passenger,4,0,4,109,113,3.54
March 31 2019,Frederick,MD,Passenger,1,1,2,78,80,2.5
August 31 2021,Kern,CA,Passenger,0,1,1,205,206,0.49
August 31 2020,Multnomah,OR,Passenger,5,6,11,722,733,1.5
July 31 2023,Okanogan,WA,Truck,7,0,7,16418,16425,0.04
June 30 2020,Los Angeles,CA,Passenger,6,12,18,1046,1064,1.69
February 28 2017,Cumberland,NC,Passenger,2,0,2,633,635,0.31
November 30 2019,Twin Falls,ID,Passenger,0,1,1,31,32,3.12
April 30 2023,Montgomery,MD,Passenger,5,3,8,198,206,3.88
December 31 2021,Sonoma,CA,Passenger,0,1,1,93,94,1.06
December 31 2020,Dakota,MN,Passenger,0,1,1,27,28,3.57
November 30 2023,Columbia,GA,Passenger,1,0,1,73,74,1.35
October 31 2021,Philadelphia,PA,Passenger,1,0,1,47,48,2.08
June 30 2022,Allen,IN,Passenger,1,0,1,19,20,5
January 31 2024,Skagit,WA,Truck,35,0,35,31641,31676,0.11
April 30 2019,Brevard,FL,Passenger,0,1,1,89,90,1.11
May 31 2018,Clark,NV,Passenger,2,3,5,763,768,0.65
April 30 2019,Island,WA,Passenger,310,242,552,63205,63757,0.87
September 30 2018,Cowlitz,WA,Passenger,63,85,148,72018,72166,0.21
June 30 2023,Berkeley,SC,Passenger,0,1,1,106,107,0.93
January 31 2023,Essex,NJ,Passenger,2,0,2,10,12,16.67
May 31 2022,Baltimore,MD,Passenger,1,0,1,87,88,1.14
December 31 2022,Allen,IN,Passenger,1,0,1,18,19,5.26
July 31 2020,Moore,NC,Passenger,0,2,2,154,156,1.28
January 31 2018,Lake,CA,Passenger,0,1,1,9,10,10
October 31 2023,Tom Green,TX,Passenger,0,1,1,17,18,5.56
March 31 2022,Randolph,NC,Passenger,1,0,1,5,6,16.67
June 30 2021,Jefferson,WA,Passenger,330,184,514,24869,25383,2.02
March 31 2018,Ferry,WA,Passenger,1,3,4,4404,4408,0.09
December 31 2022,Skamania,WA,Truck,0,0,0,3885,3885,0
June 30 2019,Prince William,VA,Passenger,1,4,5,247,252,1.98
September 30 2019,Pacific,WA,Passenger,25,29,54,16069,16123,0.33
August 31 2020,RÃ­o Grande,PR,Passenger,1,0,1,1,2,50
February 28 2018,King,WA,Truck,8,1,9,184032,184041,0
June 30 2024,Klickitat,WA,Truck,20,0,20,8123,8143,0.25
October 31 2023,Skagit,WA,Truck,31,0,31,31750,31781,0.1
February 28 2019,Harris,TX,Passenger,0,1,1,284,285,0.35
July 31 2018,Contra Costa,CA,Passenger,0,1,1,441,442,0.23
October 31 2018,Kootenai,ID,Passenger,1,2,3,221,224,1.34
March 31 2021,Arlington,VA,Passenger,0,1,1,147,148,0.68
September 30 2022,St. Clair,IL,Passenger,1,0,1,125,126,0.79
May 31 2023,Saratoga,NY,Passenger,1,1,2,35,37,5.41
July 31 2017,Latah,ID,Passenger,0,1,1,100,101,0.99
December 31 2017,Lumpkin,GA,Passenger,1,0,1,9,10,10
November 30 2023,Yuba,CA,Passenger,1,0,1,52,53,1.89
September 30 2017,Twin Falls,ID,Passenger,0,1,1,24,25,4
January 31 2020,,,Passenger,7,2,9,416,425,2.12
October 31 2022,Whatcom,WA,Truck,20,0,20,43061,43081,0.05
January 31 2019,Wahkiakum,WA,Passenger,1,1,2,3004,3006,0.07
August 31 2022,Cumberland,NC,Passenger,2,4,6,369,375,1.6
September 30 2018,Jefferson,WA,Truck,0,0,0,9635,9635,0
June 30 2019,Charles,MD,Passenger,0,1,1,91,92,1.09
August 31 2022,Clark,NV,Passenger,9,3,12,543,555,2.16
July 31 2023,Chelan,WA,Passenger,648,168,816,54179,54995,1.48
July 31 2017,Pinal,AZ,Passenger,2,0,2,238,240,0.83
May 31 2018,Hamilton,IN,Passenger,1,0,1,46,47,2.13
May 31 2022,Fresno,CA,Passenger,1,0,1,169,170,0.59
April 30 2023,Saratoga,NY,Passenger,1,1,2,37,39,5.13
September 30 2020,Columbia,OR,Passenger,1,0,1,26,27,3.7
August 31 2019,Larimer,CO,Passenger,1,0,1,55,56,1.79
March 31 2019,Valencia,NM,Passenger,1,0,1,11,12,8.33
March 31 2018,Lake,CA,Passenger,0,1,1,8,9,11.11
November 30 2017,Gwinnett,GA,Passenger,0,1,1,86,87,1.15
August 31 2018,Lincoln,WA,Truck,0,0,0,4571,4571,0
February 29 2024,Garfield,WA,Passenger,0,3,3,1312,1315,0.23
March 31 2024,Whatcom,WA,Passenger,3145,1116,4261,146666,150927,2.82
September 30 2023,Duval,FL,Passenger,1,0,1,244,245,0.41
May 31 2017,Marion,OR,Passenger,1,0,1,178,179,0.56
April 30 2020,Pend Oreille,WA,Passenger,8,6,14,9253,9267,0.15
May 31 2017,Garfield,WA,Passenger,0,0,0,1287,1287,0
August 31 2021,Kootenai,ID,Passenger,0,1,1,200,201,0.5
February 28 2019,Montgomery,TX,Passenger,2,0,2,65,67,2.99
April 30 2017,Latah,ID,Passenger,0,1,1,123,124,0.81
September 30 2018,Dakota,MN,Passenger,0,2,2,32,34,5.88
August 31 2018,Dale,AL,Passenger,0,1,1,54,55,1.82
July 31 2017,Manatee,FL,Passenger,1,0,1,45,46,2.17
January 31 2020,Boulder,CO,Passenger,1,1,2,55,57,3.51
August 31 2021,Oldham,KY,Passenger,0,1,1,4,5,20
December 31 2021,Pacific,WA,Truck,0,0,0,8012,8012,0
April 30 2020,Okanogan,WA,Truck,0,0,0,16380,16380,0
October 31 2022,Fulton,GA,Passenger,1,1,2,78,80,2.5
April 30 2019,Prince William,VA,Passenger,1,5,6,255,261,2.3
March 31 2023,Klickitat,WA,Passenger,132,59,191,15146,15337,1.25
September 30 2020,Palm Beach,FL,Passenger,1,2,3,82,85,3.53
August 31 2020,Charleston,SC,Passenger,2,0,2,101,103,1.94
July 31 2021,Maui,HI,Passenger,1,0,1,31,32,3.12
April 30 2023,King,WA,Passenger,53812,13746,67558,1319939,1387497,4.87
July 31 2022,Skagit,WA,Truck,5,0,5,32260,32265,0.02
January 31 2021,Asotin,WA,Passenger,16,13,29,12426,12455,0.23
May 31 2024,Clark,NV,Passenger,5,3,8,348,356,2.25
July 31 2023,Frederick,MD,Passenger,2,1,3,50,53,5.66
September 30 2021,Klamath,OR,Passenger,1,0,1,32,33,3.03
December 31 2022,Kootenai,ID,Truck,1,0,1,32,33,3.03
August 31 2020,DeKalb,IN,Passenger,1,0,1,1,2,50
May 31 2024,Asotin,WA,Truck,3,0,3,6549,6552,0.05
February 28 2017,Collin,TX,Passenger,0,1,1,153,154,0.65
July 31 2020,Norfolk,VA,Passenger,2,2,4,345,349,1.15
June 30 2022,Adams,WA,Passenger,17,10,27,12900,12927,0.21
May 31 2017,Snohomish,WA,Passenger,1739,866,2605,512537,515142,0.51
May 31 2018,Prince George,VA,Passenger,0,1,1,70,71,1.41
January 31 2019,Pacific,WA,Truck,0,0,0,7610,7610,0
September 30 2018,Lane,OR,Passenger,0,1,1,179,180,0.56
January 31 2020,Manassas,VA,Passenger,0,1,1,6,7,14.29
January 31 2024,Albemarle,VA,Passenger,2,0,2,13,15,13.33
April 30 2020,Sarasota,FL,Passenger,2,0,2,36,38,5.26
May 31 2022,Louisa,VA,Passenger,0,1,1,1,2,50
December 31 2020,Clark,WA,Truck,0,0,0,83460,83460,0
December 31 2020,Columbia,WA,Passenger,5,3,8,2439,2447,0.33
July 31 2020,Howard,MD,Passenger,0,1,1,79,80,1.25
April 30 2017,Alameda,CA,Passenger,2,1,3,383,386,0.78
October 31 2020,Cowlitz,WA,Truck,0,0,0,28883,28883,0
December 31 2022,Klickitat,WA,Passenger,122,51,173,15099,15272,1.13
March 31 2019,Palm Beach,FL,Passenger,0,2,2,94,96,2.08
December 31 2019,Arlington,VA,Passenger,0,2,2,157,159,1.26
September 30 2020,Brevard,FL,Passenger,0,1,1,87,88,1.14
April 30 2024,Monterey,CA,Truck,1,0,1,27,28,3.57
May 31 2019,Benton,WA,Truck,0,0,0,41844,41844,0
July 31 2018,Virginia Beach,VA,Passenger,2,1,3,686,689,0.44
October 31 2022,Sedgwick,KS,Passenger,0,1,1,70,71,1.41
October 31 2021,Klickitat,WA,Passenger,87,51,138,15341,15479,0.89
March 31 2022,Duval,FL,Passenger,0,2,2,315,317,0.63
August 31 2020,Spokane,WA,Truck,1,0,1,99405,99406,0
June 30 2019,Mason,WA,Passenger,124,120,244,47173,47417,0.51
December 31 2020,Nueces,TX,Passenger,1,0,1,85,86,1.16
June 30 2024,Sonoma,CA,Passenger,2,1,3,55,58,5.17
April 30 2022,Tarrant,TX,Passenger,4,0,4,141,145,2.76
May 31 2020,Middlesex,MA,Passenger,1,0,1,97,98,1.02
October 31 2020,Saginaw,MI,Passenger,1,0,1,10,11,9.09
August 31 2022,Richmond,NY,Passenger,1,0,1,4,5,20
September 30 2020,Plaquemines,LA,Passenger,0,1,1,13,14,7.14
August 31 2018,Stevens,WA,Passenger,13,26,39,31684,31723,0.12
June 30 2019,Benton,WA,Truck,0,0,0,41909,41909,0
February 28 2018,Pend Oreille,WA,Passenger,4,3,7,9420,9427,0.07
June 30 2019,Stevens,WA,Passenger,20,31,51,31674,31725,0.16
November 30 2023,Fulton,GA,Passenger,1,1,2,55,57,3.51
February 29 2020,Okanogan,WA,Truck,0,0,0,16494,16494,0
October 31 2020,Kittitas,WA,Truck,0,0,0,14630,14630,0
April 30 2021,Columbia,WA,Truck,0,0,0,1559,1559,0
February 28 2023,Grant,WA,Passenger,242,114,356,66827,67183,0.53
June 30 2022,Nassau,NY,Passenger,3,0,3,32,35,8.57
May 31 2021,Platte,MO,Passenger,1,0,1,20,21,4.76
May 31 2024,Newport News,VA,Passenger,1,0,1,90,91,1.1
August 31 2023,Cumberland,PA,Passenger,1,0,1,33,34,2.94
June 30 2023,Champaign,IL,Passenger,1,0,1,10,11,9.09
December 31 2017,Thurston,WA,Truck,0,0,0,53750,53750,0
February 28 2022,Yakima,WA,Passenger,301,178,479,167905,168384,0.28
May 31 2023,Mason,WA,Passenger,430,206,636,46265,46901,1.36
June 30 2024,Beaufort,SC,Passenger,1,0,1,24,25,4
August 31 2022,Rogers,OK,Passenger,1,0,1,7,8,12.5
May 31 2021,Kern,CA,Passenger,0,1,1,213,214,0.47
February 28 2018,Yakima,WA,Passenger,61,79,140,162307,162447,0.09
September 30 2019,Adams,WA,Truck,0,0,0,5137,5137,0
May 31 2023,Fulton,GA,Passenger,1,1,2,67,69,2.9
December 31 2020,Wahkiakum,WA,Truck,0,0,0,1769,1769,0
November 30 2023,Sedgwick,KS,Passenger,0,1,1,48,49,2.04
April 30 2021,Rockingham,NH,Passenger,1,0,1,23,24,4.17
March 31 2021,Anchorage,AK,Passenger,1,0,1,152,153,0.65
April 30 2022,El Paso,TX,Passenger,4,0,4,372,376,1.06
June 30 2017,Norfolk,MA,Passenger,1,0,1,41,42,2.38
March 31 2021,Williamson,TX,Passenger,0,2,2,132,134,1.49
June 30 2022,Pulaski,MO,Passenger,2,0,2,116,118,1.69
August 31 2022,Washoe,NV,Passenger,1,0,1,70,71,1.41
July 31 2021,Denton,TX,Passenger,1,0,1,86,87,1.15
October 31 2022,New Haven,CT,Passenger,0,2,2,32,34,5.88
May 31 2023,DuPage,IL,Passenger,2,1,3,33,36,8.33
May 31 2017,Twin Falls,ID,Passenger,0,1,1,24,25,4
May 31 2019,Montgomery,AL,Passenger,1,1,2,45,47,4.26
July 31 2024,Clallam,WA,Passenger,770,358,1128,47555,48683,2.32
August 31 2019,Adams,WA,Passenger,5,5,10,12835,12845,0.08
February 29 2020,Clark,NV,Passenger,4,3,7,718,725,0.97
September 30 2021,Sedgwick,KS,Passenger,0,1,1,84,85,1.18
June 30 2019,King,WA,Truck,5,1,6,182026,182032,0
September 30 2020,Sacramento,CA,Passenger,1,1,2,275,277,0.72
April 30 2020,Broward,FL,Passenger,3,1,4,120,124,3.23
July 31 2020,Richland,SC,Passenger,0,1,1,151,152,0.66
March 31 2021,El Dorado,CA,Passenger,1,0,1,34,35,2.86
May 31 2020,Sarasota,FL,Passenger,2,0,2,36,38,5.26
March 31 2024,Larimer,CO,Passenger,1,0,1,18,19,5.26
August 31 2019,Lake,CA,Passenger,0,1,1,9,10,10
July 31 2024,Fredericksburg,VA,Passenger,1,0,1,4,5,20
June 30 2020,DeKalb,IN,Passenger,1,0,1,1,2,50
April 30 2023,Fairfax,VA,Passenger,8,2,10,606,616,1.62
March 31 2022,San Juan,WA,Passenger,492,152,644,14119,14763,4.36
August 31 2020,Clark,WA,Truck,0,0,0,82680,82680,0
August 31 2023,Pend Oreille,WA,Passenger,30,16,46,8872,8918,0.52
January 31 2023,Spokane,WA,Truck,21,0,21,101700,101721,0.02
October 31 2018,Mason,WA,Truck,0,0,0,20166,20166,0
July 31 2018,Shelby,TN,Passenger,0,1,1,106,107,0.93
November 30 2017,Kittitas,WA,Truck,0,0,0,13761,13761,0
September 30 2019,Pend Oreille,WA,Passenger,6,6,12,9468,9480,0.13
January 31 2023,Yakima,WA,Passenger,434,228,662,166286,166948,0.4
October 31 2023,Muscogee,GA,Passenger,1,2,3,94,97,3.09
August 31 2021,Middlesex,MA,Passenger,1,0,1,100,101,0.99
September 30 2021,Carson City,NV,Passenger,1,0,1,11,12,8.33
January 31 2021,Newport,RI,Passenger,0,1,1,81,82,1.22
August 31 2017,Eagle,CO,Passenger,1,0,1,7,8,12.5
November 30 2022,Pierce,WA,Passenger,5983,2468,8451,538624,547075,1.54
February 28 2017,Klickitat,WA,Passenger,20,22,42,14769,14811,0.28
August 31 2020,Clark,NV,Passenger,3,3,6,701,707,0.85
January 31 2021,Okanogan,WA,Passenger,55,36,91,26118,26209,0.35
June 30 2021,Chelan,WA,Truck,0,0,0,23110,23110,0
December 31 2020,Kitsap,WA,Passenger,1556,755,2311,179687,181998,1.27
March 31 2023,Clark,WA,Truck,77,0,77,81481,81558,0.09
October 31 2023,Thurston,WA,Truck,71,0,71,53648,53719,0.13
June 30 2022,Norfolk,VA,Passenger,2,3,5,302,307,1.63
June 30 2022,Prince William,VA,Passenger,1,4,5,200,205,2.44
November 30 2021,Washington,MD,Passenger,2,0,2,12,14,14.29
October 31 2018,Spokane,WA,Passenger,382,352,734,306108,306842,0.24
December 31 2020,San Juan,WA,Passenger,365,111,476,14015,14491,3.28
September 30 2017,Grant,WA,Passenger,20,33,53,61454,61507,0.09
July 31 2023,El Paso,TX,Passenger,4,1,5,290,295,1.69
October 31 2023,Columbia,WA,Truck,0,0,0,1547,1547,0
April 30 2019,Whitman,WA,Passenger,29,45,74,22701,22775,0.32
October 31 2023,Kittitas,WA,Truck,12,0,12,14606,14618,0.08
April 30 2020,Prince George's,MD,Passenger,1,1,2,168,170,1.18
August 31 2022,Alexandria,VA,Passenger,4,0,4,112,116,3.45
March 31 2020,Botetourt,VA,Passenger,1,0,1,1,2,50
October 31 2021,Jefferson,WA,Passenger,361,192,553,24757,25310,2.18
April 30 2017,El Paso,CO,Passenger,1,1,2,823,825,0.24
July 31 2017,,,Passenger,3,0,3,449,452,0.66
April 30 2017,Garfield,WA,Passenger,0,0,0,1283,1283,0
July 31 2018,Arlington,VA,Passenger,1,2,3,178,181,1.66
February 28 2018,Lane,OR,Passenger,0,1,1,201,202,0.5
March 31 2023,Jefferson,WA,Truck,9,0,9,9319,9328,0.1
March 31 2018,Flathead,MT,Passenger,1,0,1,57,58,1.72
January 31 2020,Harford,MD,Passenger,0,1,1,61,62,1.61
January 31 2022,Lincoln,OR,Passenger,0,1,1,34,35,2.86
December 31 2023,Hoke,NC,Passenger,1,0,1,61,62,1.61
April 30 2024,Goochland,VA,Passenger,1,0,1,34,35,2.86
January 31 2024,Allen,IN,Passenger,1,0,1,11,12,8.33
May 31 2023,Yavapai,AZ,Passenger,0,1,1,22,23,4.35
October 31 2023,Marion,OR,Passenger,1,0,1,56,57,1.75
February 28 2023,Franklin,WA,Truck,4,0,4,20952,20956,0.02
December 31 2018,Prince William,VA,Passenger,0,5,5,252,257,1.95
August 31 2019,Wahkiakum,WA,Truck,0,0,0,1762,1762,0
December 31 2018,San Francisco,CA,Passenger,2,1,3,119,122,2.46
January 31 2024,York,VA,Passenger,1,0,1,65,66,1.52
February 28 2017,Yakima,WA,Passenger,36,50,86,159110,159196,0.05
October 31 2018,Washington,OR,Passenger,0,1,1,487,488,0.2
March 31 2022,Montgomery,MD,Passenger,3,2,5,210,215,2.33
July 31 2022,Calvert,MD,Passenger,0,2,2,83,85,2.35
May 31 2024,Larimer,CO,Passenger,1,0,1,16,17,5.88
April 30 2022,Lee,FL,Passenger,1,0,1,35,36,2.78
October 31 2018,Lee,FL,Passenger,1,0,1,55,56,1.79
July 31 2019,Wahkiakum,WA,Truck,0,0,0,1760,1760,0
April 30 2022,Clark,NV,Passenger,8,3,11,594,605,1.82
December 31 2021,New London,CT,Passenger,1,4,5,216,221,2.26
July 31 2021,Hampshire,MA,Passenger,1,0,1,9,10,10
May 31 2019,Klickitat,WA,Passenger,35,33,68,15545,15613,0.44
April 30 2017,Hidalgo,TX,Passenger,0,1,1,100,101,0.99
August 31 2021,Portsmouth,VA,Passenger,0,1,1,75,76,1.32
October 31 2019,Virginia Beach,VA,Passenger,1,0,1,697,698,0.14
April 30 2019,Manassas,VA,Passenger,0,1,1,8,9,11.11
June 30 2022,Hawaii,HI,Passenger,1,0,1,45,46,2.17
November 30 2023,Tom Green,TX,Passenger,0,1,1,17,18,5.56
March 31 2021,Bartow,GA,Passenger,0,1,1,5,6,16.67
March 31 2018,,,Passenger,2,2,4,438,442,0.9
September 30 2023,Wake,NC,Passenger,4,0,4,82,86,4.65
December 31 2021,Lincoln,WA,Truck,0,0,0,4819,4819,0
August 31 2023,Kittitas,WA,Truck,10,0,10,14625,14635,0.07
January 31 2017,Skamania,WA,Truck,0,0,0,3907,3907,0
October 31 2018,San Mateo,CA,Passenger,1,1,2,134,136,1.47
September 30 2021,Saratoga,NY,Passenger,1,0,1,44,45,2.22
August 31 2023,Garfield,WA,Passenger,0,3,3,1297,1300,0.23
August 31 2017,Los Angeles,CA,Passenger,2,2,4,1284,1288,0.31
February 28 2018,Skagit,WA,Truck,1,0,1,31808,31809,0
September 30 2019,Wahkiakum,WA,Passenger,2,3,5,3050,3055,0.16
December 31 2018,Pacific,WA,Passenger,21,25,46,15823,15869,0.29
March 31 2023,Travis,TX,Passenger,2,1,3,104,107,2.8
December 31 2021,Williams,ND,Passenger,0,1,1,8,9,11.11
November 30 2017,Lumpkin,GA,Passenger,1,0,1,9,10,10
January 31 2022,Flathead,MT,Passenger,2,0,2,50,52,3.85
December 31 2019,Botetourt,VA,Passenger,1,0,1,1,2,50
October 31 2023,Ulster,NY,Passenger,1,0,1,7,8,12.5
July 31 2019,Pend Oreille,WA,Truck,0,0,0,5730,5730,0
May 31 2022,Duval,FL,Passenger,0,2,2,307,309,0.65
August 31 2023,Fulton,GA,Passenger,1,1,2,61,63,3.17
February 28 2023,Ferry,WA,Truck,0,0,0,3569,3569,0
April 30 2024,Kern,CA,Passenger,1,1,2,143,145,1.38
October 31 2019,Fulton,GA,Passenger,0,3,3,105,108,2.78
July 31 2019,DuPage,IL,Passenger,3,0,3,61,64,4.69
December 31 2017,Marin,CA,Passenger,1,0,1,58,59,1.69
December 31 2017,Mercer,NJ,Passenger,0,1,1,15,16,6.25
December 31 2023,Champaign,IL,Passenger,1,0,1,10,11,9.09
May 31 2022,Clinton,PA,Passenger,1,0,1,1,2,50
December 31 2023,Skagit,WA,Passenger,1343,484,1827,88817,90644,2.02
January 31 2017,Kitsap,WA,Passenger,556,262,818,172386,173204,0.47
March 31 2021,Pacific,WA,Passenger,39,40,79,15902,15981,0.49
October 31 2021,Chelan,WA,Truck,0,0,0,23060,23060,0
July 31 2022,Collin,TX,Passenger,4,0,4,94,98,4.08
January 31 2021,Norfolk,VA,Passenger,2,3,5,334,339,1.47
June 30 2018,Richland,SC,Passenger,0,1,1,172,173,0.58
December 31 2022,Flathead,MT,Passenger,1,0,1,32,33,3.03
April 30 2023,Marin,CA,Passenger,1,1,2,34,36,5.56
August 31 2022,Bartow,GA,Passenger,0,1,1,4,5,20
July 31 2023,King,WA,Passenger,59549,14951,74500,1322402,1396902,5.33
May 31 2019,Ada,ID,Passenger,0,2,2,324,326,0.61
April 30 2019,Douglas,NE,Passenger,0,1,1,65,66,1.52
April 30 2017,Whitman,WA,Passenger,9,19,28,21959,21987,0.13
November 30 2021,Benton,WA,Truck,0,0,0,43633,43633,0
August 31 2017,Franklin,WA,Truck,0,0,0,18229,18229,0
December 31 2020,Cumberland,NC,Passenger,1,3,4,453,457,0.88
July 31 2023,Orange,FL,Passenger,2,0,2,64,66,3.03
December 31 2018,Grays Harbor,WA,Passenger,62,72,134,47454,47588,0.28
May 31 2018,Clackamas,OR,Passenger,0,1,1,232,233,0.43
November 30 2018,,,Passenger,3,2,5,425,430,1.16
September 30 2023,Suffolk,VA,Passenger,1,0,1,100,101,0.99
March 31 2020,San Mateo,CA,Passenger,0,1,1,126,127,0.79
March 31 2023,Lee,AL,Passenger,1,0,1,17,18,5.56
June 30 2022,Howard,IN,Passenger,0,1,1,4,5,20
March 31 2019,Collier,FL,Passenger,1,0,1,22,23,4.35
July 31 2020,Sacramento,CA,Passenger,1,1,2,282,284,0.7
November 30 2023,Stevens,WA,Passenger,136,75,211,29540,29751,0.71
October 31 2019,Clark,WA,Passenger,1782,1017,2799,316861,319660,0.88
October 31 2018,Sacramento,CA,Passenger,0,1,1,321,322,0.31
July 31 2023,Fairfax,VA,Passenger,9,2,11,583,594,1.85
August 31 2021,San Francisco,CA,Passenger,0,1,1,100,101,0.99
July 31 2022,Pend Oreille,WA,Passenger,18,12,30,9023,9053,0.33
August 31 2018,Virginia Beach,VA,Passenger,2,1,3,693,696,0.43
October 31 2017,Wahkiakum,WA,Truck,0,0,0,1672,1672,0
June 30 2021,Whatcom,WA,Passenger,1419,602,2021,150716,152737,1.32
April 30 2018,Latah,ID,Passenger,0,1,1,82,83,1.2
February 29 2020,Prince George's,MD,Passenger,1,1,2,175,177,1.13
July 31 2023,Providence,RI,Passenger,1,0,1,21,22,4.55
March 31 2023,Yavapai,AZ,Passenger,0,1,1,25,26,3.85
November 30 2023,Rockdale,GA,Passenger,1,0,1,5,6,16.67
January 31 2017,Los Angeles,CA,Passenger,2,1,3,1495,1498,0.2
January 31 2020,San Diego,CA,Passenger,11,5,16,2773,2789,0.57
February 28 2021,Island,WA,Passenger,546,295,841,62740,63581,1.32
January 31 2022,Whatcom,WA,Passenger,1665,673,2338,149355,151693,1.54
February 29 2020,San Diego,CA,Passenger,12,4,16,2779,2795,0.57
October 31 2020,Clark,NV,Passenger,4,3,7,699,706,0.99
May 31 2022,Pima,AZ,Passenger,1,0,1,270,271,0.37
May 31 2024,Muscogee,GA,Passenger,2,2,4,79,83,4.82
January 31 2023,Palm Beach,FL,Passenger,2,1,3,55,58,5.17
January 31 2021,Missoula,MT,Passenger,1,0,1,71,72,1.39
June 30 2023,Sarasota,FL,Passenger,1,0,1,30,31,3.23
August 31 2023,Placer,CA,Passenger,1,0,1,69,70,1.43
September 30 2021,Mercer,NJ,Passenger,0,1,1,10,11,9.09
October 31 2021,Walla Walla,WA,Passenger,132,81,213,36335,36548,0.58
February 28 2018,Asotin,WA,Passenger,8,5,13,12581,12594,0.1
August 31 2020,Fairfax,VA,Passenger,5,2,7,751,758,0.92
November 30 2017,Klickitat,WA,Truck,0,0,0,7994,7994,0
March 31 2019,Portsmouth,VA,Passenger,0,1,1,75,76,1.32
April 30 2021,Boone,MO,Passenger,0,1,1,10,11,9.09
September 30 2018,Kootenai,ID,Passenger,0,2,2,220,222,0.9
April 30 2023,Denton,TX,Passenger,2,0,2,56,58,3.45
March 31 2024,Dallas,TX,Passenger,1,0,1,64,65,1.54
May 31 2020,Hennepin,MN,Passenger,3,0,3,96,99,3.03
June 30 2017,Hamilton,IN,Passenger,1,0,1,58,59,1.69
March 31 2023,Shasta,CA,Passenger,1,0,1,25,26,3.85
February 28 2018,Spokane,WA,Passenger,306,263,569,300450,301019,0.19
May 31 2019,Loudoun,VA,Passenger,1,0,1,97,98,1.02
March 31 2023,Kittitas,WA,Truck,7,0,7,14556,14563,0.05
October 31 2020,Franklin,WA,Truck,0,0,0,20366,20366,0
September 30 2018,Multnomah,OR,Passenger,3,4,7,788,795,0.88
February 28 2019,Maricopa,AZ,Passenger,5,3,8,1632,1640,0.49
June 30 2021,Wahkiakum,WA,Truck,0,0,0,1795,1795,0
October 31 2021,Kittitas,WA,Passenger,192,72,264,29835,30099,0.88
March 31 2017,Lewis,NY,Passenger,0,1,1,10,11,9.09
February 28 2018,Lake,CA,Passenger,0,1,1,9,10,10
January 31 2018,Queens,NY,Passenger,1,0,1,62,63,1.59
October 31 2019,Grant,WA,Passenger,55,64,119,65368,65487,0.18
February 28 2023,Ferry,WA,Passenger,21,4,25,4341,4366,0.57
September 30 2017,Kitsap,WA,Passenger,654,346,1000,174287,175287,0.57
March 31 2020,Saginaw,MI,Passenger,1,0,1,11,12,8.33
January 31 2020,Hudson,NJ,Passenger,1,0,1,40,41,2.44
March 31 2024,Santa Cruz,CA,Passenger,1,0,1,17,18,5.56
April 30 2024,Caddo,LA,Passenger,2,0,2,11,13,15.38
April 30 2024,Pierce,WA,Passenger,10595,3445,14040,520409,534449,2.63
December 31 2023,Lincoln,WA,Passenger,22,25,47,7610,7657,0.61
January 31 2023,San Bernardino,CA,Passenger,3,1,4,335,339,1.18
January 31 2022,Pacific,WA,Passenger,55,63,118,16038,16156,0.73
September 30 2020,Collin,TX,Passenger,2,1,3,135,138,2.17
May 31 2022,Douglas,CO,Passenger,0,1,1,85,86,1.16
October 31 2019,Riverside,CA,Passenger,4,1,5,662,667,0.75
April 30 2017,Nueces,TX,Passenger,0,1,1,98,99,1.01
November 30 2018,New Haven,CT,Passenger,0,1,1,47,48,2.08
March 31 2024,Burlington,NJ,Passenger,0,2,2,71,73,2.74
September 30 2022,Philadelphia,PA,Passenger,1,0,1,50,51,1.96
April 30 2018,Mercer,NJ,Passenger,0,1,1,18,19,5.26
October 31 2017,Franklin,WA,Truck,0,0,0,18320,18320,0
July 31 2018,Collin,TX,Passenger,1,0,1,173,174,0.57
January 31 2021,Mason,WA,Truck,0,0,0,21010,21010,0
September 30 2019,Fairbanks North Star,AK,Passenger,0,1,1,98,99,1.01
September 30 2020,Allegheny,PA,Passenger,2,0,2,82,84,2.38
September 30 2017,Clark,WA,Passenger,810,542,1352,301360,302712,0.45
September 30 2023,Skamania,WA,Passenger,121,55,176,8033,8209,2.14
June 30 2020,Clackamas,OR,Passenger,2,0,2,204,206,0.97
February 28 2021,Anne Arundel,MD,Passenger,2,1,3,390,393,0.76
November 30 2019,Skamania,WA,Passenger,26,19,45,8776,8821,0.51
December 31 2018,Washoe,NV,Passenger,2,0,2,116,118,1.69
September 30 2022,Kootenai,ID,Passenger,0,1,1,158,159,0.63
March 31 2019,Wayne,MI,Passenger,0,1,1,70,71,1.41
August 31 2019,Maui,HI,Passenger,2,0,2,46,48,4.17
May 31 2019,Lincoln,WA,Passenger,3,8,11,7770,7781,0.14
July 31 2024,Wake,NC,Passenger,3,0,3,61,64,4.69
January 31 2020,Grays Harbor,WA,Truck,0,0,0,20822,20822,0
August 31 2018,Columbia,WA,Passenger,2,2,4,2414,2418,0.17
May 31 2022,Ventura,CA,Passenger,1,3,4,259,263,1.52
March 31 2020,Hillsborough,FL,Passenger,0,1,1,193,194,0.52
July 31 2017,Carroll,NH,Passenger,0,1,1,1,2,50
January 31 2017,Lee,AL,Passenger,1,0,1,36,37,2.7
January 31 2020,Palm Beach,FL,Passenger,0,2,2,87,89,2.25
May 31 2024,Virginia Beach,VA,Truck,1,0,1,96,97,1.03
September 30 2022,Leavenworth,KS,Passenger,0,1,1,94,95,1.05
January 31 2021,Powhatan,VA,Passenger,1,0,1,2,3,33.33
June 30 2020,Santa Cruz,CA,Passenger,1,0,1,35,36,2.78
August 31 2023,Marion,IA,Passenger,1,0,1,0,1,100
August 31 2017,San Juan,WA,Passenger,113,39,152,13641,13793,1.1
November 30 2021,Kittitas,WA,Truck,0,0,0,14807,14807,0
August 31 2019,Tarrant,TX,Passenger,3,0,3,206,209,1.44
April 30 2023,Walla Walla,WA,Passenger,213,114,327,35405,35732,0.92
December 31 2019,Fairbanks North Star,AK,Passenger,0,1,1,100,101,0.99
January 31 2019,Multnomah,OR,Passenger,3,5,8,788,796,1.01
December 31 2021,Ada,ID,Passenger,1,0,1,213,214,0.47
March 31 2017,Okanogan,WA,Truck,0,0,0,16301,16301,0
June 30 2019,New Haven,CT,Passenger,0,2,2,47,49,4.08
September 30 2022,Pulaski,AR,Passenger,1,0,1,30,31,3.23
January 31 2022,San Mateo,CA,Passenger,2,0,2,92,94,2.13
January 31 2022,Philadelphia,PA,Passenger,1,0,1,45,46,2.17
February 29 2024,Cache,UT,Passenger,1,0,1,8,9,11.11
December 31 2018,Bergen,NJ,Passenger,1,0,1,27,28,3.57
August 31 2017,Snohomish,WA,Truck,1,0,1,121661,121662,0
September 30 2021,San Francisco,CA,Passenger,0,1,1,100,101,0.99
August 31 2021,Grays Harbor,WA,Passenger,177,147,324,49472,49796,0.65
August 31 2018,Maricopa,AZ,Passenger,1,2,3,1637,1640,0.18
March 31 2017,Stevens,WA,Passenger,6,20,26,31279,31305,0.08
April 30 2019,Santa Clara,CA,Passenger,8,1,9,374,383,2.35
January 31 2023,Montgomery,MD,Passenger,4,3,7,200,207,3.38
June 30 2023,Churchill,NV,Passenger,0,1,1,36,37,2.7
June 30 2024,Essex,NJ,Passenger,1,1,2,6,8,25
May 31 2022,Moore,NC,Passenger,0,1,1,113,114,0.88
December 31 2023,Maui,HI,Passenger,1,0,1,21,22,4.55
December 31 2023,Spotsylvania,VA,Passenger,0,1,1,22,23,4.35
April 30 2017,Columbia,WA,Truck,0,0,0,1537,1537,0
April 30 2021,King,WA,Truck,6,1,7,184856,184863,0
March 31 2018,Sacramento,CA,Passenger,1,1,2,311,313,0.64
December 31 2018,Mason,WA,Passenger,107,108,215,46455,46670,0.46
July 31 2019,Sedgwick,KS,Passenger,1,1,2,101,103,1.94
January 31 2022,Prince William,VA,Passenger,1,3,4,212,216,1.85
June 30 2022,Chelan,WA,Truck,3,0,3,23048,23051,0.01
March 31 2021,Franklin,WA,Truck,0,0,0,20603,20603,0
March 31 2024,Beaufort,SC,Passenger,1,0,1,27,28,3.57
November 30 2017,Morris,NJ,Passenger,1,0,1,22,23,4.35
February 28 2022,Klickitat,WA,Passenger,92,53,145,15287,15432,0.94
May 31 2023,Lewis,WA,Passenger,310,208,518,59091,59609,0.87
July 31 2024,Kitsap,WA,Passenger,4647,1708,6355,170788,177143,3.59
February 28 2019,Shelby,TN,Passenger,0,1,1,102,103,0.97
November 30 2018,Allegheny,PA,Passenger,1,0,1,93,94,1.06
January 31 2021,Washington,OR,Passenger,1,0,1,427,428,0.23
June 30 2024,El Paso,TX,Passenger,3,1,4,228,232,1.72
March 31 2023,Wayne,MI,Passenger,0,1,1,38,39,2.56
September 30 2023,Albemarle,VA,Passenger,2,0,2,13,15,13.33
January 31 2023,Grays Harbor,WA,Passenger,260,164,424,48545,48969,0.87
April 30 2019,Columbia,WA,Passenger,2,2,4,2441,2445,0.16
June 30 2022,Monterey,CA,Passenger,0,3,3,155,158,1.9
July 31 2019,Douglas,NE,Passenger,0,1,1,65,66,1.52
August 31 2022,Moore,NC,Passenger,0,1,1,110,111,0.9
May 31 2023,Atlantic,NJ,Passenger,1,0,1,11,12,8.33
March 31 2021,Manassas,VA,Passenger,0,1,1,6,7,14.29
February 28 2019,Whatcom,WA,Passenger,786,379,1165,149594,150759,0.77
January 31 2023,Island,WA,Passenger,952,399,1351,61211,62562,2.16
July 31 2018,Stevens,WA,Passenger,11,25,36,31648,31684,0.11
November 30 2019,Kootenai,ID,Passenger,1,2,3,230,233,1.29
July 31 2021,San Diego,CA,Passenger,19,4,23,2589,2612,0.88
August 31 2019,Franklin,WA,Truck,0,0,0,19488,19488,0
December 31 2020,Cascade,MT,Passenger,0,1,1,60,61,1.64
June 30 2019,Williamson,TX,Passenger,0,1,1,153,154,0.65
January 31 2017,Lincoln,WA,Truck,0,0,0,4462,4462,0
May 31 2022,Sonoma,CA,Passenger,0,1,1,88,89,1.12
September 30 2021,San Joaquin,CA,Passenger,1,1,2,106,108,1.85
January 31 2022,San Francisco,CA,Passenger,1,1,2,100,102,1.96
May 31 2023,Hardin,KY,Passenger,1,0,1,59,60,1.67
September 30 2017,Manatee,FL,Passenger,1,0,1,44,45,2.22
June 30 2024,Lake,IL,Passenger,6,0,6,112,118,5.08
August 31 2023,Botetourt,VA,Passenger,1,0,1,1,2,50
January 31 2018,Pierce,WA,Passenger,1095,996,2091,527285,529376,0.39
January 31 2019,Asotin,WA,Passenger,12,9,21,12725,12746,0.16
March 31 2024,Klickitat,WA,Passenger,198,81,279,15090,15369,1.82
August 31 2020,Lincoln,WA,Passenger,5,11,16,7621,7637,0.21
October 31 2019,Fairfax,VA,Passenger,5,1,6,766,772,0.78
December 31 2018,Fresno,CA,Passenger,1,0,1,199,200,0.5
December 31 2022,Jackson,OK,Passenger,0,1,1,37,38,2.63
August 31 2020,Hamilton,IN,Passenger,1,0,1,43,44,2.27
September 30 2020,Botetourt,VA,Passenger,1,0,1,1,2,50
January 31 2018,Pend Oreille,WA,Passenger,4,4,8,9444,9452,0.08
January 31 2024,Stevens,WA,Passenger,145,73,218,29530,29748,0.73
May 31 2017,Virginia Beach,VA,Passenger,2,1,3,652,655,0.46
October 31 2017,Mercer,NJ,Passenger,0,1,1,15,16,6.25
September 30 2019,Whitman,WA,Passenger,36,45,81,22697,22778,0.36
August 31 2023,Mason,WA,Passenger,483,214,697,46172,46869,1.49
June 30 2022,Garfield,WA,Passenger,0,3,3,1315,1318,0.23
August 31 2018,Washtenaw,MI,Passenger,1,0,1,37,38,2.63
November 30 2023,Hudson,NJ,Passenger,2,0,2,16,18,11.11
September 30 2021,Howard,MD,Passenger,0,1,1,67,68,1.47
April 30 2021,Dallas,IA,Passenger,0,1,1,9,10,10
April 30 2024,Williamsburg,VA,Passenger,0,1,1,1,2,50
November 30 2022,Fulton,GA,Passenger,1,1,2,75,77,2.6
November 30 2020,Twin Falls,ID,Passenger,0,1,1,27,28,3.57
February 29 2020,Fresno,CA,Passenger,1,0,1,208,209,0.48
April 30 2017,Garfield,WA,Truck,0,0,0,937,937,0
January 31 2019,Allegheny,PA,Passenger,1,0,1,93,94,1.06
April 30 2017,Manatee,FL,Passenger,1,0,1,51,52,1.92
October 31 2023,Bartow,GA,Passenger,0,1,1,3,4,25
December 31 2023,Island,WA,Passenger,1300,480,1780,60965,62745,2.84
February 28 2019,Clay,FL,Passenger,0,1,1,86,87,1.15
September 30 2020,Montgomery,TX,Passenger,1,0,1,51,52,1.92
May 31 2018,Nantucket,MA,Passenger,1,0,1,4,5,20
October 31 2019,Tulsa,OK,Passenger,1,1,2,58,60,3.33
September 30 2023,Kittitas,WA,Passenger,398,110,508,29349,29857,1.7
July 31 2023,Lincoln,WA,Passenger,19,20,39,7627,7666,0.51
June 30 2019,Portsmouth,VA,Passenger,0,1,1,73,74,1.35
April 30 2021,Island,WA,Truck,0,0,0,21519,21519,0
December 31 2021,Monterey,CA,Passenger,0,3,3,159,162,1.85
March 31 2021,Ferry,WA,Truck,0,0,0,3626,3626,0
July 31 2018,Manassas,VA,Passenger,0,1,1,9,10,10
June 30 2024,Laramie,WY,Passenger,1,0,1,22,23,4.35
September 30 2018,Klickitat,WA,Passenger,24,32,56,15357,15413,0.36
October 31 2017,Pima,AZ,Passenger,1,1,2,439,441,0.45
May 31 2024,Lewis,WA,Truck,15,0,15,25430,25445,0.06
July 31 2023,Yakima,WA,Truck,13,0,13,61026,61039,0.02
April 30 2023,Arlington,VA,Passenger,1,0,1,118,119,0.84
June 30 2022,Cumberland,NC,Passenger,2,4,6,382,388,1.55
April 30 2023,Washington,OR,Passenger,1,0,1,263,264,0.38
September 30 2017,Sedgwick,KS,Passenger,0,1,1,104,105,0.95
August 31 2020,Henrico,VA,Passenger,0,1,1,19,20,5
March 31 2021,Pennington,SD,Passenger,1,0,1,31,32,3.12
October 31 2019,Boulder,CO,Passenger,1,1,2,55,57,3.51
August 31 2020,Yakima,WA,Passenger,146,122,268,166070,166338,0.16
January 31 2018,Cowlitz,WA,Passenger,54,69,123,70968,71091,0.17
December 31 2017,Lincoln,WA,Passenger,2,5,7,7565,7572,0.09
January 31 2020,Riverside,CA,Passenger,4,1,5,662,667,0.75
December 31 2022,Beaufort,SC,Passenger,1,0,1,31,32,3.12
February 28 2022,Cowlitz,WA,Passenger,280,168,448,71196,71644,0.63
December 31 2022,Bell,TX,Passenger,1,0,1,306,307,0.33
September 30 2019,Loudoun,VA,Passenger,1,0,1,96,97,1.03
May 31 2022,Montgomery,PA,Passenger,2,0,2,23,25,8
October 31 2020,Hamilton,IN,Passenger,2,0,2,41,43,4.65
April 30 2021,Orange,NC,Passenger,0,1,1,12,13,7.69
June 30 2021,Dallas,IA,Passenger,0,1,1,10,11,9.09
September 30 2022,Flathead,MT,Passenger,1,0,1,33,34,2.94
April 30 2024,Sarpy,NE,Passenger,1,0,1,55,56,1.79
May 31 2019,Lee,FL,Passenger,1,0,1,50,51,1.96
February 28 2022,Kauai,HI,Passenger,1,0,1,20,21,4.76
December 31 2018,Pend Oreille,WA,Passenger,5,5,10,9530,9540,0.1
April 30 2020,Clark,WA,Truck,0,0,0,81807,81807,0
January 31 2020,Oklahoma,OK,Passenger,0,1,1,133,134,0.75
July 31 2020,Suffolk,VA,Passenger,1,0,1,127,128,0.78
April 30 2021,Queens,NY,Passenger,2,0,2,53,55,3.64
July 31 2023,Williamson,TX,Passenger,0,1,1,59,60,1.67
October 31 2019,Adams,WA,Passenger,6,6,12,12904,12916,0.09
June 30 2022,Bell,TX,Passenger,1,0,1,328,329,0.3
October 31 2019,Travis,TX,Passenger,4,1,5,219,224,2.23
July 31 2017,Pend Oreille,WA,Truck,0,0,0,5582,5582,0
April 30 2020,Ramsey,MN,Passenger,1,0,1,46,47,2.13
December 31 2020,Carson City,NV,Passenger,1,0,1,12,13,7.69
March 31 2021,Shelby,OH,Passenger,0,1,1,3,4,25
March 31 2020,Garfield,WA,Truck,0,0,0,974,974,0
August 31 2019,Snohomish,WA,Truck,0,0,0,122839,122839,0
August 31 2017,Chelan,WA,Truck,0,0,0,21361,21361,0
January 31 2023,Douglas,WA,Passenger,171,57,228,28566,28794,0.79
August 31 2021,Onslow,NC,Passenger,0,1,1,176,177,0.56
May 31 2019,Montgomery,TX,Passenger,2,0,2,62,64,3.12
January 31 2022,Marion,IA,Passenger,1,0,1,0,1,100
October 31 2017,Clark,WA,Passenger,829,559,1388,302218,303606,0.46
March 31 2019,Snohomish,WA,Truck,1,0,1,121888,121889,0
May 31 2017,Clark,WA,Truck,0,0,0,77578,77578,0
March 31 2018,Prince George,VA,Passenger,0,1,1,73,74,1.35
January 31 2021,Dallas,TX,Passenger,1,0,1,186,187,0.53
November 30 2018,Dallas,TX,Passenger,0,1,1,210,211,0.47
March 31 2020,Fresno,CA,Passenger,1,0,1,208,209,0.48
February 28 2022,Washington,MD,Passenger,2,0,2,12,14,14.29
May 31 2022,King,WA,Truck,43,1,44,181047,181091,0.02
May 31 2022,Spokane,WA,Passenger,1538,831,2369,324729,327098,0.72
August 31 2022,Benton,WA,Passenger,813,470,1283,135177,136460,0.94
August 31 2019,Dakota,MN,Passenger,0,1,1,36,37,2.7
September 30 2023,Douglas,CO,Passenger,0,2,2,54,56,3.57
November 30 2020,San Mateo,CA,Passenger,1,1,2,123,125,1.6
March 31 2023,Tom Green,TX,Passenger,0,1,1,19,20,5
February 28 2023,Whatcom,WA,Passenger,2224,824,3048,148485,151533,2.01
January 31 2017,Ventura,CA,Passenger,0,2,2,402,404,0.5
April 30 2021,Maricopa,AZ,Passenger,6,7,13,1368,1381,0.94
September 30 2019,,,Passenger,7,2,9,417,426,2.11
June 30 2021,Allen,IN,Passenger,1,0,1,20,21,4.76
May 31 2024,Sedgwick,KS,Passenger,0,1,1,41,42,2.38
June 30 2021,Hampshire,MA,Passenger,1,0,1,8,9,11.11
November 30 2022,Rock Island,IL,Passenger,0,1,1,14,15,6.67
September 30 2017,Pierce,WA,Passenger,1012,898,1910,525039,526949,0.36
May 31 2018,Lane,OR,Passenger,0,1,1,190,191,0.52
November 30 2022,Honolulu,HI,Passenger,5,3,8,361,369,2.17
April 30 2017,Yakima,WA,Truck,0,0,0,57208,57208,0
December 31 2017,Montgomery,TN,Passenger,1,0,1,274,275,0.36
November 30 2018,Polk,FL,Passenger,1,0,1,68,69,1.45
December 31 2020,Hudson,NJ,Passenger,1,0,1,40,41,2.44
May 31 2024,Chesterfield,VA,Passenger,1,0,1,28,29,3.45
July 31 2022,Grant,WA,Passenger,183,100,283,66593,66876,0.42
June 30 2021,St. Mary's,MD,Passenger,1,0,1,206,207,0.48
June 30 2021,Washington,OR,Passenger,1,0,1,409,410,0.24
April 30 2021,San Francisco,CA,Passenger,1,1,2,102,104,1.92
October 31 2022,Brown,WI,Passenger,1,0,1,8,9,11.11
January 31 2017,Island,WA,Truck,1,0,1,20513,20514,0
March 31 2017,Stevens,WA,Truck,0,0,0,18306,18306,0
September 30 2021,St. Clair,IL,Passenger,1,0,1,134,135,0.74
February 28 2023,Harnett,NC,Passenger,2,0,2,146,148,1.35
December 31 2021,Hamilton,IN,Passenger,2,0,2,31,33,6.06
December 31 2022,Harrison,MS,Passenger,1,0,1,41,42,2.38
February 28 2022,Wichita,TX,Passenger,1,0,1,44,45,2.22
July 31 2021,Polk,FL,Passenger,1,0,1,72,73,1.37
November 30 2023,St. Lawrence,NY,Passenger,1,0,1,4,5,20
October 31 2023,Clallam,WA,Passenger,635,307,942,48996,49938,1.89
October 31 2018,Cowlitz,WA,Passenger,69,86,155,72149,72304,0.21
February 28 2017,Latah,ID,Passenger,0,1,1,134,135,0.74
November 30 2020,Anne Arundel,MD,Passenger,1,1,2,395,397,0.5
November 30 2020,Montgomery,TX,Passenger,1,0,1,51,52,1.92
August 31 2021,Wahkiakum,WA,Truck,0,0,0,1799,1799,0
November 30 2019,Franklin,WA,Passenger,52,74,126,60763,60889,0.21
April 30 2019,San Diego,CA,Passenger,11,3,14,2653,2667,0.52
April 30 2019,Ventura,CA,Passenger,0,2,2,326,328,0.61
April 30 2019,Cowlitz,WA,Truck,0,0,0,28845,28845,0
August 31 2019,Spartanburg,SC,Passenger,0,1,1,43,44,2.27
February 28 2022,Lincoln,WA,Truck,0,0,0,4840,4840,0
March 31 2021,Philadelphia,PA,Passenger,1,0,1,61,62,1.61
October 31 2018,Pierce,WA,Passenger,1405,1305,2710,536988,539698,0.5
August 31 2021,Jefferson,WA,Passenger,349,184,533,24836,25369,2.1
December 31 2018,Columbia,WA,Passenger,2,2,4,2421,2425,0.16
February 28 2019,Mercer,NJ,Passenger,0,1,1,16,17,5.88
March 31 2021,Rogers,OK,Passenger,1,0,1,8,9,11.11
September 30 2019,Grant,WA,Truck,0,0,0,26783,26783,0
December 31 2022,Franklin,WA,Truck,4,0,4,20949,20953,0.02
May 31 2020,Ferry,WA,Truck,0,0,0,3541,3541,0
June 30 2023,El Paso,CO,Passenger,3,2,5,519,524,0.95
October 31 2021,Albemarle,VA,Passenger,2,0,2,22,24,8.33
May 31 2017,Pierce,WA,Passenger,933,823,1756,525086,526842,0.33
October 31 2021,Cowlitz,WA,Passenger,258,154,412,71816,72228,0.57
August 31 2020,Cascade,MT,Passenger,0,1,1,58,59,1.69
November 30 2020,Bartow,GA,Passenger,0,1,1,5,6,16.67
March 31 2021,Benton,WA,Passenger,464,368,832,135420,136252,0.61
July 31 2022,Clallam,WA,Truck,3,0,3,21870,21873,0.01
June 30 2023,Cook,IL,Passenger,2,1,3,167,170,1.76
August 31 2023,Snohomish,WA,Passenger,13958,3224,17182,527525,544707,3.15
September 30 2023,Pierce,WA,Passenger,8579,2977,11556,527820,539376,2.14
July 31 2020,San Diego,CA,Passenger,15,3,18,2752,2770,0.65
February 28 2017,Clark,WA,Truck,0,0,0,77506,77506,0
November 30 2022,Clark,NV,Passenger,10,3,13,515,528,2.46
June 30 2022,Hudson,NJ,Passenger,2,0,2,37,39,5.13
January 31 2017,Franklin,WA,Passenger,27,42,69,55386,55455,0.12
August 31 2021,Broward,FL,Passenger,2,0,2,113,115,1.74
October 31 2023,New London,CT,Passenger,2,3,5,163,168,2.98
May 31 2021,Bartow,GA,Passenger,0,1,1,5,6,16.67
June 30 2024,Kootenai,ID,Passenger,0,2,2,69,71,2.82
June 30 2020,Valencia,NM,Passenger,1,0,1,7,8,12.5
April 30 2022,Pierce,WA,Passenger,4828,2256,7084,547883,554967,1.28
April 30 2018,San Diego,CA,Passenger,7,2,9,2567,2576,0.35
May 31 2023,Pend Oreille,WA,Passenger,30,11,41,8883,8924,0.46
May 31 2021,Okaloosa,FL,Passenger,0,1,1,129,130,0.77
July 31 2022,Whatcom,WA,Truck,11,0,11,43184,43195,0.03
March 31 2022,Garfield,WA,Truck,0,0,0,998,998,0
November 30 2019,Deschutes,OR,Passenger,4,0,4,162,166,2.41
May 31 2017,Marin,CA,Passenger,1,0,1,58,59,1.69
January 31 2024,Tarrant,TX,Passenger,2,0,2,82,84,2.38
April 30 2020,Whitman,WA,Passenger,44,48,92,22297,22389,0.41
September 30 2020,Asotin,WA,Passenger,17,14,31,12385,12416,0.25
May 31 2020,Ada,ID,Passenger,0,1,1,290,291,0.34
July 31 2017,Marion,OR,Passenger,1,0,1,167,168,0.6
October 31 2017,Fairfax,VA,Passenger,3,1,4,832,836,0.48
December 31 2018,Kalamazoo,MI,Passenger,1,0,1,17,18,5.56
February 29 2024,Otero,NM,Passenger,0,1,1,23,24,4.17
September 30 2020,Henrico,VA,Passenger,0,1,1,18,19,5.26
May 31 2017,Duval,FL,Passenger,1,1,2,375,377,0.53
March 31 2022,Cumberland,NC,Passenger,2,4,6,399,405,1.48
May 31 2021,Calvert,MD,Passenger,0,2,2,92,94,2.13
September 30 2023,Sarasota,FL,Passenger,1,0,1,27,28,3.57
July 31 2023,Lake,IL,Passenger,4,0,4,127,131,3.05
October 31 2017,Kittitas,WA,Passenger,34,23,57,28107,28164,0.2
September 30 2023,Kent,DE,Passenger,1,0,1,39,40,2.5
June 30 2017,Montgomery,MD,Passenger,1,0,1,313,314,0.32
May 31 2024,Collier,FL,Passenger,1,0,1,7,8,12.5
May 31 2019,Klickitat,WA,Truck,0,0,0,8231,8231,0
October 31 2020,Stafford,VA,Passenger,1,1,2,102,104,1.92
March 31 2021,Whitman,WA,Truck,0,0,0,8552,8552,0
March 31 2019,Tulsa,OK,Passenger,1,1,2,56,58,3.45
November 30 2023,Sarasota,FL,Passenger,1,0,1,24,25,4
June 30 2018,Clay,FL,Passenger,0,1,1,94,95,1.05
August 31 2020,Kern,CA,Passenger,0,1,1,220,221,0.45
June 30 2022,Queens,NY,Passenger,1,0,1,46,47,2.13
June 30 2019,Monroe,IL,Passenger,1,0,1,4,5,20
January 31 2024,Marion,IA,Passenger,1,0,1,0,1,100
December 31 2019,Island,WA,Passenger,374,254,628,63526,64154,0.98
June 30 2020,Okanogan,WA,Truck,0,0,0,16441,16441,0
December 31 2022,Maricopa,AZ,Passenger,14,5,19,905,924,2.06
February 28 2021,Clark,NV,Passenger,5,3,8,684,692,1.16
April 30 2017,Ventura,CA,Passenger,0,1,1,374,375,0.27
August 31 2019,Sacramento,CA,Passenger,0,1,1,307,308,0.32
June 30 2017,Cascade,MT,Passenger,0,1,1,62,63,1.59
April 30 2024,Autauga,AL,Passenger,2,1,3,12,15,20
December 31 2022,Ferry,WA,Truck,0,0,0,3550,3550,0
June 30 2024,Oldham,KY,Passenger,0,1,1,2,3,33.33
April 30 2024,Kittitas,WA,Passenger,512,132,644,29293,29937,2.15
April 30 2018,Montgomery,MD,Passenger,1,0,1,301,302,0.33
May 31 2024,Pinal,AZ,Passenger,2,1,3,68,71,4.23
March 31 2021,Skamania,WA,Truck,0,0,0,4025,4025,0
November 30 2021,Columbia,WA,Truck,0,0,0,1551,1551,0
January 31 2024,Fairfax,VA,Truck,1,0,1,84,85,1.18
October 31 2021,Klickitat,WA,Truck,0,0,0,8302,8302,0
February 29 2024,Cook,IL,Passenger,2,1,3,141,144,2.08
January 31 2024,Philadelphia,PA,Passenger,0,1,1,33,34,2.94
October 31 2021,Charles,MD,Passenger,1,1,2,73,75,2.67
November 30 2022,St. Louis,MO,Passenger,2,0,2,63,65,3.08
September 30 2022,Asotin,WA,Passenger,25,19,44,12559,12603,0.35
August 31 2023,Skamania,WA,Truck,1,0,1,3832,3833,0.03
April 30 2019,Alexandria,VA,Passenger,1,0,1,154,155,0.65
February 29 2024,Collin,TX,Passenger,2,0,2,37,39,5.13
June 30 2022,Harrison,MS,Passenger,1,0,1,50,51,1.96
March 31 2021,Queens,NY,Passenger,2,0,2,52,54,3.7
June 30 2024,Whitman,WA,Truck,11,0,11,8518,8529,0.13
August 31 2021,Fulton,GA,Passenger,0,1,1,84,85,1.18
July 31 2017,Gwinnett,GA,Passenger,0,1,1,86,87,1.15
January 31 2022,Garfield,WA,Truck,0,0,0,994,994,0
November 30 2020,Williamson,TX,Passenger,0,2,2,140,142,1.41
August 31 2018,DeKalb,GA,Passenger,1,0,1,83,84,1.19
July 31 2021,Botetourt,VA,Passenger,1,0,1,1,2,50
February 28 2021,Pacific,WA,Passenger,37,38,75,15804,15879,0.47
March 31 2020,Multnomah,OR,Passenger,4,7,11,756,767,1.43
April 30 2023,St. Clair,IL,Passenger,1,0,1,112,113,0.88
November 30 2017,Carroll,NH,Passenger,0,1,1,1,2,50
December 31 2023,Clark,NV,Passenger,7,3,10,390,400,2.5
July 31 2024,Bell,TX,Passenger,2,0,2,186,188,1.06
April 30 2022,Wichita,TX,Passenger,1,0,1,43,44,2.27
August 31 2021,Columbia,OR,Passenger,1,0,1,21,22,4.55
May 31 2024,Rockdale,GA,Passenger,1,0,1,4,5,20
January 31 2019,San Juan,PR,Passenger,0,1,1,5,6,16.67
September 30 2020,DeKalb,IN,Passenger,1,0,1,1,2,50
January 31 2022,Williams,ND,Passenger,0,1,1,8,9,11.11
May 31 2020,Bexar,TX,Passenger,1,5,6,633,639,0.94
August 31 2023,Cowlitz,WA,Truck,10,0,10,28093,28103,0.04
August 31 2018,Prince George,VA,Passenger,0,1,1,76,77,1.3
December 31 2019,Oklahoma,OK,Passenger,0,1,1,135,136,0.74
February 28 2019,Monterey,CA,Passenger,0,1,1,194,195,0.51
August 31 2021,Baltimore,MD,Passenger,1,0,1,109,110,0.91
October 31 2019,Hawaii,HI,Passenger,1,0,1,62,63,1.59
October 31 2022,Lake,IN,Passenger,0,1,1,12,13,7.69
August 31 2021,Salt Lake,UT,Passenger,1,1,2,182,184,1.09
September 30 2019,Oklahoma,OK,Passenger,0,1,1,134,135,0.74
January 31 2024,Prince William,VA,Passenger,1,4,5,147,152,3.29
June 30 2023,Anchorage,AK,Passenger,1,0,1,107,108,0.93
June 30 2023,DuPage,IL,Passenger,2,1,3,33,36,8.33
December 31 2021,Jefferson,NY,Passenger,1,0,1,218,219,0.46
December 31 2021,Yamhill,OR,Passenger,1,0,1,38,39,2.56
July 31 2019,Contra Costa,CA,Passenger,2,2,4,370,374,1.07
July 31 2022,Fort Bend,TX,Passenger,1,0,1,26,27,3.7
December 31 2019,El Paso,TX,Passenger,3,0,3,449,452,0.66
November 30 2023,Hamilton,OH,Passenger,1,0,1,27,28,3.57
July 31 2017,Skamania,WA,Passenger,9,7,16,8549,8565,0.19
January 31 2020,Harnett,NC,Passenger,1,1,2,213,215,0.93
May 31 2024,DuPage,IL,Passenger,2,1,3,23,26,11.54
January 31 2020,Placer,CA,Passenger,1,0,1,103,104,0.96
January 31 2024,Monterey,CA,Truck,1,0,1,26,27,3.7
February 28 2023,Madison,IL,Passenger,2,0,2,16,18,11.11
February 28 2023,King,WA,Passenger,50974,12796,63770,1327795,1391565,4.58
December 31 2018,Lewis,WA,Truck,0,0,0,25633,25633,0
January 31 2019,Santa Clara,CA,Passenger,8,1,9,380,389,2.31
January 31 2022,Allen,IN,Passenger,1,0,1,20,21,4.76
February 28 2023,Norfolk,MA,Passenger,1,0,1,22,23,4.35
March 31 2019,Richland,SC,Passenger,0,1,1,167,168,0.6
April 30 2020,Collier,FL,Passenger,1,0,1,21,22,4.55
July 31 2022,Howard,IN,Passenger,0,1,1,4,5,20
November 30 2018,Franklin,WA,Passenger,38,64,102,58925,59027,0.17
April 30 2023,Whitman,WA,Truck,4,0,4,8580,8584,0.05
June 30 2024,Ferry,WA,Truck,0,0,0,3436,3436,0
January 31 2022,Suffolk,MA,Passenger,0,2,2,27,29,6.9
September 30 2021,Wilson,NC,Passenger,1,0,1,0,1,100
April 30 2020,Deschutes,OR,Passenger,4,0,4,154,158,2.53
January 31 2018,Stevens,WA,Passenger,10,22,32,31598,31630,0.1
March 31 2021,Maricopa,AZ,Passenger,6,7,13,1386,1399,0.93
October 31 2019,San Juan,WA,Truck,0,0,0,5922,5922,0
February 28 2022,Juneau,AK,Passenger,0,1,1,33,34,2.94
February 28 2018,Douglas,WA,Truck,0,0,0,11809,11809,0
March 31 2019,Hawaii,HI,Passenger,1,0,1,67,68,1.47
January 31 2021,Owyhee,ID,Passenger,1,0,1,4,5,20
September 30 2019,RÃ­o Grande,PR,Passenger,1,0,1,1,2,50
February 28 2022,Grays Harbor,WA,Truck,0,0,0,21331,21331,0
June 30 2022,Fairbanks North Star,AK,Passenger,0,1,1,78,79,1.27
December 31 2023,Fairfax,VA,Passenger,9,4,13,548,561,2.32
July 31 2018,Cochise,AZ,Passenger,0,1,1,115,116,0.86
May 31 2024,Collin,TX,Passenger,1,0,1,30,31,3.23
July 31 2022,Richmond,NY,Passenger,1,0,1,4,5,20
December 31 2022,Walla Walla,WA,Passenger,201,105,306,35640,35946,0.85
August 31 2021,Cowlitz,WA,Passenger,237,152,389,72076,72465,0.54
January 31 2020,Pend Oreille,WA,Passenger,8,7,15,9466,9481,0.16
July 31 2021,Carroll,MD,Passenger,0,1,1,19,20,5
November 30 2021,Suffolk,VA,Passenger,1,0,1,124,125,0.8
February 28 2022,Leavenworth,KS,Passenger,0,1,1,101,102,0.98
July 31 2021,Clark,WA,Passenger,2978,1456,4434,322164,326598,1.36
February 28 2022,Snohomish,WA,Passenger,7447,2310,9757,535455,545212,1.79
April 30 2022,Grant,WA,Passenger,159,98,257,66838,67095,0.38
September 30 2018,Jefferson,CO,Passenger,0,1,1,60,61,1.64
March 31 2020,Duval,FL,Passenger,0,2,2,369,371,0.54
May 31 2020,Harrison,MS,Passenger,1,0,1,57,58,1.72
April 30 2024,Mobile,AL,Passenger,1,0,1,22,23,4.35
December 31 2023,Montgomery,OH,Passenger,0,1,1,38,39,2.56
April 30 2017,Guilford,NC,Passenger,1,0,1,32,33,3.03
November 30 2021,Carroll,NH,Passenger,0,1,1,4,5,20
March 31 2020,Solano,CA,Passenger,1,0,1,217,218,0.46
March 31 2023,Washoe,NV,Passenger,2,0,2,57,59,3.39
April 30 2019,Asotin,WA,Truck,0,0,0,6627,6627,0
May 31 2018,Latah,ID,Passenger,0,1,1,80,81,1.23
July 31 2019,Dakota,MN,Passenger,0,1,1,35,36,2.78
June 30 2017,Nantucket,MA,Passenger,1,0,1,3,4,25
July 31 2018,Sedgwick,KS,Passenger,0,1,1,100,101,0.99
June 30 2018,Montgomery,PA,Passenger,2,0,2,33,35,5.71
April 30 2019,Berkshire,MA,Passenger,0,1,1,4,5,20
December 31 2019,Carroll,NH,Passenger,0,1,1,4,5,20
April 30 2017,Thurston,WA,Passenger,384,319,703,185658,186361,0.38
December 31 2018,Maui,HI,Passenger,2,0,2,54,56,3.57
October 31 2023,Flathead,MT,Passenger,1,0,1,21,22,4.55
December 31 2022,St. Louis,MO,Passenger,2,0,2,62,64,3.12
September 30 2021,Williamsburg,VA,Passenger,0,1,1,6,7,14.29
May 31 2024,Kauai,HI,Passenger,0,1,1,13,14,7.14
May 31 2021,Rogers,OK,Passenger,1,0,1,7,8,12.5
April 30 2017,Kittitas,WA,Truck,0,0,0,13481,13481,0
November 30 2019,Oklahoma,OK,Passenger,0,1,1,133,134,0.75
January 31 2019,Contra Costa,CA,Passenger,1,2,3,395,398,0.75
October 31 2018,Pima,AZ,Passenger,1,1,2,434,436,0.46
January 31 2024,Douglas,CO,Passenger,0,2,2,48,50,4
April 30 2023,Adams,WA,Truck,2,0,2,5333,5335,0.04
March 31 2024,San Bernardino,CA,Passenger,2,1,3,265,268,1.12
February 28 2022,Broward,FL,Passenger,2,0,2,98,100,2
May 31 2022,Pend Oreille,WA,Truck,0,0,0,5622,5622,0
July 31 2024,Champaign,IL,Passenger,1,0,1,4,5,20
July 31 2018,Orleans,LA,Passenger,0,1,1,48,49,2.04
July 31 2021,Grant,WA,Passenger,120,90,210,66876,67086,0.31
July 31 2020,Alameda,CA,Passenger,2,0,2,280,282,0.71
October 31 2019,Pima,AZ,Passenger,2,1,3,410,413,0.73
June 30 2021,Ferry,WA,Truck,0,0,0,3643,3643,0
November 30 2020,Newport,RI,Passenger,0,1,1,83,84,1.19
March 31 2024,Shelby,AL,Passenger,1,0,1,4,5,20
January 31 2023,Camden,NJ,Passenger,0,1,1,13,14,7.14
April 30 2021,Hampshire,MA,Passenger,1,0,1,9,10,10
May 31 2022,Lane,OR,Passenger,0,2,2,108,110,1.82
October 31 2021,Wake,NC,Passenger,1,0,1,130,131,0.76
May 31 2020,Nueces,TX,Passenger,1,0,1,82,83,1.2
June 30 2023,Kittitas,WA,Truck,8,0,8,14598,14606,0.05
December 31 2023,Grays Harbor,WA,Truck,14,0,14,20845,20859,0.07
October 31 2018,Pend Oreille,WA,Truck,0,0,0,5755,5755,0
February 29 2020,Chelan,WA,Truck,0,0,0,22566,22566,0
June 30 2018,Grays Harbor,WA,Passenger,52,58,110,46567,46677,0.24
July 31 2020,San Juan,WA,Passenger,311,94,405,13950,14355,2.82
December 31 2020,Washington,OR,Passenger,1,0,1,436,437,0.23
June 30 2020,Orange,CA,Passenger,7,2,9,515,524,1.72
January 31 2024,Burlington,NJ,Passenger,0,2,2,79,81,2.47
May 31 2017,Tulare,CA,Passenger,1,0,1,194,195,0.51
May 31 2022,Skagit,WA,Truck,2,0,2,32370,32372,0.01
May 31 2020,Kent,MI,Passenger,0,1,1,27,28,3.57
December 31 2022,Kittitas,WA,Passenger,298,93,391,29513,29904,1.31
November 30 2020,Lincoln,WA,Truck,0,0,0,4657,4657,0
January 31 2021,Bucks,PA,Passenger,1,0,1,23,24,4.17
May 31 2020,Adams,WA,Truck,0,0,0,5215,5215,0
April 30 2020,Calvert,MD,Passenger,0,2,2,91,93,2.15
July 31 2023,San Benito,CA,Passenger,1,0,1,5,6,16.67
March 31 2022,Dorchester,SC,Passenger,1,0,1,71,72,1.39
October 31 2022,San Juan,WA,Passenger,548,165,713,13962,14675,4.86
February 28 2017,Fairfax,VA,Passenger,3,2,5,870,875,0.57
April 30 2017,Middlesex,MA,Passenger,1,0,1,144,145,0.69
August 31 2023,Leavenworth,KS,Passenger,0,1,1,82,83,1.2
November 30 2022,Howard,MD,Passenger,0,2,2,62,64,3.12
June 30 2022,Geary,KS,Passenger,1,0,1,86,87,1.15
February 29 2020,Grays Harbor,WA,Passenger,109,108,217,48360,48577,0.45
April 30 2024,Mason,WA,Passenger,605,251,856,45917,46773,1.83
December 31 2021,Whitman,WA,Truck,0,0,0,8553,8553,0
September 30 2018,Monterey,CA,Passenger,0,1,1,193,194,0.52
March 31 2020,Fairbanks North Star,AK,Passenger,0,1,1,101,102,0.98
July 31 2024,Washoe,NV,Passenger,2,0,2,37,39,5.13
August 31 2020,Clackamas,OR,Passenger,2,0,2,192,194,1.03
March 31 2021,Orange,FL,Passenger,1,0,1,121,122,0.82
January 31 2022,Placer,CA,Passenger,2,0,2,81,83,2.41
July 31 2024,Grays Harbor,WA,Passenger,460,242,702,46688,47390,1.48
October 31 2020,Lewis,WA,Truck,0,0,0,26498,26498,0
October 31 2022,Onslow,NC,Passenger,0,1,1,164,165,0.61
August 31 2021,DeKalb,GA,Passenger,1,0,1,64,65,1.54
December 31 2020,Orange,CA,Passenger,5,3,8,474,482,1.66
August 31 2019,Sarasota,FL,Passenger,1,0,1,37,38,2.63
June 30 2023,Skamania,WA,Passenger,108,59,167,8045,8212,2.03
April 30 2022,Adams,WA,Truck,0,0,0,5480,5480,0
October 31 2023,Santa Clara,CA,Passenger,19,1,20,175,195,10.26
September 30 2023,El Paso,TX,Passenger,4,1,5,286,291,1.72
September 30 2021,Moore,NC,Passenger,0,1,1,123,124,0.81
October 31 2020,Okaloosa,FL,Passenger,0,1,1,147,148,0.68
July 31 2024,Portsmouth,VA,Passenger,0,2,2,50,52,3.85
November 30 2018,Spokane,WA,Truck,1,0,1,93641,93642,0
April 30 2022,Thurston,WA,Passenger,2069,1014,3083,194485,197568,1.56
January 31 2022,Mason,WA,Truck,0,0,0,21151,21151,0
September 30 2017,Sacramento,CA,Passenger,1,1,2,346,348,0.57
June 30 2019,Pierce,WA,Passenger,1807,1555,3362,542807,546169,0.62
August 31 2017,Clallam,WA,Passenger,96,79,175,48549,48724,0.36
June 30 2023,Chesapeake,VA,Passenger,3,1,4,313,317,1.26
July 31 2020,Whatcom,WA,Truck,3,0,3,43149,43152,0.01
June 30 2022,San Juan,WA,Truck,1,0,1,5983,5984,0.02
November 30 2023,Orange,FL,Passenger,2,0,2,55,57,3.51
January 31 2024,El Paso,CO,Truck,1,0,1,130,131,0.76
October 31 2017,Orange,CA,Passenger,3,1,4,616,620,0.65
March 31 2023,Chesterfield,VA,Passenger,1,0,1,37,38,2.63
August 31 2017,Norfolk,VA,Passenger,1,1,2,312,314,0.64
June 30 2019,Grant,WA,Truck,0,0,0,26623,26623,0
August 31 2019,Shasta,CA,Passenger,1,0,1,42,43,2.33
May 31 2018,Clallam,WA,Truck,0,0,0,21414,21414,0
August 31 2023,Beaufort,SC,Passenger,1,0,1,29,30,3.33
January 31 2024,Collier,FL,Passenger,1,0,1,10,11,9.09
September 30 2020,Lincoln,WA,Passenger,5,10,15,7591,7606,0.2
March 31 2022,Fort Bend,TX,Passenger,1,0,1,33,34,2.94
February 28 2023,Jefferson,WA,Passenger,510,243,753,24249,25002,3.01
March 31 2018,Marion,IN,Passenger,1,0,1,119,120,0.83
December 31 2023,Pend Oreille,WA,Truck,2,0,2,5587,5589,0.04
October 31 2023,Pulaski,AR,Passenger,2,0,2,19,21,9.52
July 31 2019,Saginaw,MI,Passenger,1,0,1,12,13,7.69
October 31 2022,Richmond,NY,Passenger,1,0,1,4,5,20
June 30 2017,Los Angeles,CA,Passenger,2,1,3,1323,1326,0.23
December 31 2019,Hudson,NJ,Passenger,1,0,1,39,40,2.5
February 28 2019,Klamath,OR,Passenger,1,0,1,39,40,2.5
July 31 2024,Santa Cruz,CA,Passenger,1,0,1,15,16,6.25
April 30 2022,Hawaii,HI,Passenger,1,0,1,44,45,2.22
March 31 2021,Ramsey,MN,Passenger,1,0,1,38,39,2.56
October 31 2017,Island,WA,Truck,0,0,0,20591,20591,0
May 31 2017,Island,WA,Truck,0,0,0,20524,20524,0
October 31 2018,Franklin,WA,Truck,0,0,0,18946,18946,0
July 31 2023,Los Angeles,CA,Passenger,7,4,11,666,677,1.62
May 31 2023,Contra Costa,CA,Passenger,1,2,3,178,181,1.66
September 30 2021,Adams,WA,Truck,0,0,0,5402,5402,0
December 31 2020,Norfolk,VA,Passenger,2,3,5,337,342,1.46
January 31 2020,Dallas,IA,Passenger,0,1,1,10,11,9.09
April 30 2020,Charles,MD,Passenger,0,1,1,79,80,1.25
November 30 2018,Stevens,WA,Passenger,17,27,44,31779,31823,0.14
July 31 2020,Yakima,WA,Truck,0,0,0,60188,60188,0
April 30 2021,Cowlitz,WA,Truck,0,0,0,29159,29159,0
October 31 2023,Boulder,CO,Passenger,2,0,2,29,31,6.45
December 31 2018,San Diego,CA,Passenger,9,3,12,2579,2591,0.46
October 31 2021,Okanogan,WA,Passenger,65,44,109,26551,26660,0.41
July 31 2018,Asotin,WA,Truck,0,0,0,6626,6626,0
March 31 2019,Harris,TX,Passenger,0,1,1,284,285,0.35
January 31 2020,Kittitas,WA,Truck,0,0,0,14667,14667,0
February 28 2017,Whitman,WA,Truck,0,0,0,8398,8398,0
July 31 2024,Yolo,CA,Passenger,2,0,2,17,19,10.53
December 31 2023,Clark,WA,Passenger,7161,2648,9809,313811,323620,3.03
October 31 2020,Broward,FL,Passenger,1,1,2,115,117,1.71
December 31 2017,Utah,UT,Passenger,0,1,1,145,146,0.68
May 31 2019,Dakota,MN,Passenger,0,2,2,35,37,5.41
July 31 2019,Spokane,WA,Truck,1,0,1,95205,95206,0
June 30 2017,Adams,WA,Truck,0,0,0,5106,5106,0
January 31 2020,Duval,FL,Passenger,1,2,3,374,377,0.8
September 30 2023,Prince George's,MD,Passenger,3,1,4,117,121,3.31
November 30 2023,Lane,OR,Passenger,0,2,2,64,66,3.03
November 30 2021,Currituck,NC,Passenger,1,0,1,22,23,4.35
February 28 2019,St. Lucie,FL,Passenger,1,0,1,29,30,3.33
April 30 2019,Skagit,WA,Truck,1,0,1,32319,32320,0
September 30 2018,Clark,NV,Passenger,2,3,5,752,757,0.66
January 31 2022,Skamania,WA,Truck,0,0,0,3985,3985,0
June 30 2017,Lake,CA,Passenger,0,1,1,16,17,5.88
March 31 2020,DuPage,IL,Passenger,4,0,4,65,69,5.8
July 31 2017,Pacific,WA,Passenger,10,9,19,15190,15209,0.12
August 31 2023,San Mateo,CA,Passenger,2,0,2,65,67,2.99
September 30 2017,Moore,NC,Passenger,0,1,1,197,198,0.51
December 31 2019,Salt Lake,UT,Passenger,1,0,1,204,205,0.49
July 31 2024,James City,VA,Passenger,1,0,1,25,26,3.85
February 28 2021,Klamath,OR,Passenger,1,0,1,32,33,3.03
October 31 2018,Montgomery,PA,Passenger,2,0,2,35,37,5.41
July 31 2017,Orange,CA,Passenger,3,1,4,639,643,0.62
May 31 2019,Kootenai,ID,Passenger,1,2,3,221,224,1.34
November 30 2020,Hillsborough,FL,Passenger,0,1,1,176,177,0.56
March 31 2022,Henrico,VA,Passenger,0,1,1,15,16,6.25
August 31 2022,DeKalb,GA,Passenger,1,0,1,53,54,1.85
February 28 2021,Lake,FL,Passenger,1,0,1,24,25,4
December 31 2018,Kitsap,WA,Truck,1,0,1,53631,53632,0
February 29 2024,Lewis,WA,Truck,14,0,14,25682,25696,0.05
November 30 2023,Kootenai,ID,Passenger,0,2,2,103,105,1.9
December 31 2017,Franklin,OH,Passenger,0,1,1,109,110,0.91
March 31 2023,St. Clair,IL,Passenger,1,0,1,113,114,0.88
May 31 2024,Charleston,SC,Passenger,1,2,3,42,45,6.67
February 28 2018,Clark,WA,Truck,0,0,0,78546,78546,0
August 31 2021,Yakima,WA,Passenger,249,163,412,168818,169230,0.24
April 30 2023,Hillsborough,FL,Passenger,1,2,3,126,129,2.33
August 31 2018,Dakota,MN,Passenger,0,2,2,34,36,5.56
March 31 2020,Sumter,FL,Passenger,0,1,1,10,11,9.09
February 28 2019,Whatcom,WA,Truck,2,0,2,42700,42702,0
March 31 2022,Flathead,MT,Passenger,2,0,2,44,46,4.35
July 31 2020,Alexandria,VA,Passenger,3,0,3,137,140,2.14
September 30 2018,Tulsa,OK,Passenger,1,1,2,53,55,3.64
September 30 2023,Saratoga,NY,Passenger,1,1,2,34,36,5.56
July 31 2022,Currituck,NC,Passenger,1,0,1,23,24,4.17
June 30 2017,Yakima,WA,Passenger,45,57,102,159381,159483,0.06
January 31 2020,Skamania,WA,Passenger,29,18,47,8758,8805,0.53
June 30 2019,Columbia,WA,Passenger,2,2,4,2450,2454,0.16
January 31 2017,Whatcom,WA,Truck,2,0,2,41332,41334,0
December 31 2020,Lane,OR,Passenger,0,1,1,149,150,0.67
January 31 2021,Gwinnett,GA,Passenger,1,0,1,69,70,1.43
December 31 2022,Thurston,WA,Passenger,2620,1130,3750,191653,195403,1.92
January 31 2022,Wahkiakum,WA,Passenger,17,11,28,3073,3101,0.9
May 31 2022,Norfolk,VA,Passenger,2,3,5,304,309,1.62
December 31 2018,Klickitat,WA,Truck,0,0,0,8202,8202,0
June 30 2020,Grays Harbor,WA,Truck,0,0,0,20902,20902,0
July 31 2024,Williamson,TX,Passenger,1,0,1,34,35,2.86
July 31 2018,Norfolk,MA,Passenger,1,0,1,39,40,2.5
March 31 2020,Pend Oreille,WA,Passenger,8,7,15,9365,9380,0.16
September 30 2018,Klickitat,WA,Truck,0,0,0,8131,8131,0
May 31 2018,Jefferson,CO,Passenger,0,1,1,64,65,1.54
April 30 2020,San Mateo,CA,Passenger,0,1,1,129,130,0.77
November 30 2022,Pennington,SD,Passenger,2,0,2,24,26,7.69
November 30 2023,Arapahoe,CO,Passenger,1,1,2,70,72,2.78
May 31 2019,Owyhee,ID,Passenger,1,0,1,6,7,14.29
April 30 2022,Lewis,WA,Passenger,230,173,403,59441,59844,0.67
December 31 2020,Suffolk,MA,Passenger,0,2,2,38,40,5
July 31 2023,Platte,MO,Passenger,1,0,1,22,23,4.35
February 28 2017,Clallam,WA,Truck,0,0,0,21023,21023,0
July 31 2021,Columbia,WA,Passenger,6,2,8,2469,2477,0.32
May 31 2019,Santa Fe,NM,Passenger,0,1,1,42,43,2.33
April 30 2023,Hennepin,MN,Passenger,1,0,1,45,46,2.17
August 31 2023,Utah,UT,Passenger,1,0,1,92,93,1.08
October 31 2017,Lake,CA,Passenger,0,1,1,12,13,7.69
February 28 2021,Williams,ND,Passenger,0,1,1,10,11,9.09
December 31 2018,Clark,NV,Passenger,3,3,6,738,744,0.81
November 30 2020,District of Columbia,DC,Passenger,2,1,3,184,187,1.6
September 30 2017,Skagit,WA,Truck,1,0,1,31540,31541,0
October 31 2018,Bexar,TX,Passenger,3,4,7,736,743,0.94
April 30 2022,Dallas,TX,Passenger,1,0,1,134,135,0.74
December 31 2020,St. Louis,MO,Passenger,1,0,1,101,102,0.98
December 31 2017,Missoula,MT,Passenger,1,0,1,68,69,1.45
May 31 2023,Tom Green,TX,Passenger,0,1,1,18,19,5.26
June 30 2020,Walla Walla,WA,Passenger,73,62,135,35816,35951,0.38
March 31 2022,Charles,MD,Passenger,0,1,1,66,67,1.49
June 30 2019,Albemarle,VA,Passenger,1,0,1,24,25,4
August 31 2019,RÃ­o Grande,PR,Passenger,1,0,1,1,2,50
April 30 2019,San Juan,WA,Passenger,204,69,273,14327,14600,1.87
December 31 2021,Skagit,WA,Passenger,696,302,998,91048,92046,1.08
May 31 2018,Travis,TX,Passenger,1,1,2,202,204,0.98
March 31 2024,Solano,CA,Passenger,5,0,5,130,135,3.7
May 31 2018,Shelby,TN,Passenger,0,1,1,106,107,0.93
July 31 2019,Kootenai,ID,Passenger,1,2,3,225,228,1.32
February 28 2021,Washington,MD,Passenger,1,0,1,9,10,10
February 28 2018,Richland,SC,Passenger,0,1,1,175,176,0.57
October 31 2022,New London,CT,Passenger,3,3,6,191,197,3.05
January 31 2020,Collin,TX,Passenger,2,1,3,144,147,2.04
January 31 2018,Snohomish,WA,Truck,1,0,1,121542,121543,0
March 31 2020,Anne Arundel,MD,Passenger,1,1,2,420,422,0.47
December 31 2023,Virginia Beach,VA,Passenger,5,2,7,421,428,1.64
April 30 2017,District of Columbia,DC,Passenger,0,3,3,220,223,1.35
December 31 2020,Boone,MO,Passenger,0,1,1,11,12,8.33
December 31 2023,Virginia Beach,VA,Truck,1,0,1,99,100,1
July 31 2021,Prince George's,MD,Passenger,2,1,3,150,153,1.96
December 31 2019,Wilson,TX,Passenger,0,1,1,9,10,10
September 30 2017,Chelan,WA,Passenger,75,37,112,52500,52612,0.21
May 31 2023,Nueces,TX,Passenger,0,1,1,54,55,1.82
April 30 2018,Clallam,WA,Truck,0,0,0,21361,21361,0
April 30 2020,Allegheny,PA,Passenger,2,0,2,85,87,2.3
March 31 2020,Chelan,WA,Truck,0,0,0,22544,22544,0
February 28 2021,Allegheny,PA,Passenger,2,1,3,79,82,3.66
December 31 2020,Chesapeake,VA,Passenger,0,2,2,424,426,0.47
October 31 2020,Hennepin,MN,Passenger,2,0,2,90,92,2.17
September 30 2023,Sedgwick,KS,Passenger,0,1,1,51,52,1.92
May 31 2024,Lee,AL,Passenger,1,0,1,13,14,7.14
January 31 2020,Fresno,CA,Passenger,1,0,1,209,210,0.48
August 31 2022,Flathead,MT,Passenger,1,0,1,35,36,2.78
April 30 2022,Arlington,VA,Passenger,1,0,1,141,142,0.7
August 31 2017,Collin,TX,Passenger,0,1,1,147,148,0.68
July 31 2022,San Juan,WA,Truck,4,0,4,5944,5948,0.07
September 30 2021,Carroll,NH,Passenger,0,1,1,4,5,20
June 30 2020,Snohomish,WA,Truck,0,0,0,123914,123914,0
December 31 2017,Mason,WA,Passenger,66,73,139,44842,44981,0.31
August 31 2022,Lincoln,WA,Passenger,9,16,25,7681,7706,0.32
August 31 2019,Fairfax,VA,Passenger,4,1,5,766,771,0.65
October 31 2020,Flathead,MT,Passenger,2,0,2,62,64,3.12
February 28 2022,San Diego,CA,Passenger,17,5,22,2512,2534,0.87
September 30 2020,Lake,IL,Passenger,1,0,1,176,177,0.56
June 30 2021,Whitman,WA,Truck,0,0,0,8584,8584,0
April 30 2024,Larimer,CO,Passenger,1,0,1,17,18,5.56
April 30 2022,Mercer,NJ,Passenger,0,1,1,11,12,8.33
February 28 2018,Kitsap,WA,Passenger,717,418,1135,176348,177483,0.64
April 30 2017,Bexar,TX,Passenger,1,0,1,1033,1034,0.1
May 31 2021,Fresno,CA,Passenger,1,0,1,195,196,0.51
February 28 2017,Manatee,FL,Passenger,1,0,1,58,59,1.69
September 30 2022,Brown,WI,Passenger,1,0,1,8,9,11.11
May 31 2018,Klickitat,WA,Truck,0,0,0,8078,8078,0
April 30 2024,Howard,MD,Passenger,0,2,2,54,56,3.57
October 31 2023,Kitsap,WA,Passenger,3715,1430,5145,175366,180511,2.85
September 30 2022,Honolulu,HI,Passenger,5,3,8,378,386,2.07
November 30 2022,Harris,TX,Passenger,1,0,1,167,168,0.6
September 30 2022,Anne Arundel,MD,Passenger,3,3,6,331,337,1.78
January 31 2017,Orange,FL,Passenger,0,1,1,158,159,0.63
February 28 2021,St. Mary's,MD,Passenger,1,0,1,209,210,0.48
March 31 2018,Spokane,WA,Truck,1,0,1,91880,91881,0
December 31 2021,Garfield,WA,Truck,0,0,0,999,999,0
July 31 2022,Onslow,NC,Passenger,0,1,1,165,166,0.6
September 30 2018,Contra Costa,CA,Passenger,0,2,2,415,417,0.48
November 30 2023,Anchorage,AK,Passenger,1,0,1,95,96,1.04
October 31 2022,Prince William,VA,Passenger,1,3,4,192,196,2.04
September 30 2019,Arlington,VA,Passenger,0,2,2,157,159,1.26
November 30 2021,Montgomery,TX,Passenger,1,1,2,44,46,4.35
February 28 2019,Lumpkin,GA,Passenger,1,0,1,6,7,14.29
May 31 2022,Island,WA,Passenger,794,371,1165,61765,62930,1.85
November 30 2019,Botetourt,VA,Passenger,1,0,1,1,2,50
January 31 2024,Grant,WA,Truck,19,0,19,28092,28111,0.07
October 31 2018,San Juan,WA,Truck,0,0,0,5787,5787,0
November 30 2019,Yakima,WA,Passenger,118,116,234,165957,166191,0.14
April 30 2022,Kings,CA,Passenger,2,1,3,323,326,0.92
February 29 2020,Pinellas,FL,Passenger,1,1,2,117,119,1.68
December 31 2021,Leavenworth,KS,Passenger,0,1,1,105,106,0.94
December 31 2020,Arlington,VA,Passenger,0,2,2,149,151,1.32
April 30 2017,Mason,WA,Truck,0,0,0,19232,19232,0
September 30 2019,Multnomah,OR,Passenger,5,6,11,761,772,1.42
July 31 2021,Hudson,NJ,Passenger,1,0,1,43,44,2.27
August 31 2023,Maricopa,AZ,Passenger,12,6,18,736,754,2.39
May 31 2019,Dale,AL,Passenger,0,1,1,53,54,1.85
November 30 2021,Montgomery,PA,Passenger,2,0,2,21,23,8.7
July 31 2023,Collier,FL,Passenger,1,0,1,13,14,7.14
October 31 2021,Marion,IA,Passenger,1,0,1,1,2,50
February 28 2018,Stevens,WA,Truck,0,0,0,18397,18397,0
November 30 2019,Klickitat,WA,Passenger,45,38,83,15668,15751,0.53
June 30 2018,Okaloosa,FL,Passenger,1,0,1,175,176,0.57
December 31 2023,Sedgwick,KS,Passenger,0,1,1,46,47,2.13
January 31 2019,Broward,FL,Passenger,2,1,3,130,133,2.26
August 31 2020,Goochland,VA,Passenger,3,2,5,271,276,1.81
September 30 2021,Powhatan,VA,Passenger,1,0,1,1,2,50
January 31 2024,Skamania,WA,Truck,2,0,2,3827,3829,0.05
February 28 2023,Howard,MD,Passenger,0,2,2,62,64,3.12
December 31 2019,Adams,WA,Truck,0,0,0,5196,5196,0
August 31 2022,Spartanburg,SC,Passenger,0,1,1,36,37,2.7
June 30 2017,Clark,WA,Passenger,787,504,1291,299511,300802,0.43
November 30 2017,Stevens,WA,Truck,0,0,0,18329,18329,0
March 31 2023,Wake,NC,Passenger,3,0,3,89,92,3.26
January 31 2017,Marin,CA,Passenger,1,0,1,58,59,1.69
December 31 2021,Allen,IN,Passenger,1,0,1,20,21,4.76
September 30 2019,Skagit,WA,Passenger,317,210,527,92496,93023,0.57
April 30 2018,Pend Oreille,WA,Passenger,4,5,9,9477,9486,0.09
July 31 2020,Stafford,VA,Passenger,1,1,2,98,100,2
June 30 2020,San Francisco,CA,Passenger,1,1,2,99,101,1.98
March 31 2022,Hamilton,OH,Passenger,1,0,1,38,39,2.56
June 30 2020,Harris,TX,Passenger,1,0,1,267,268,0.37
September 30 2018,Nassau,NY,Passenger,2,0,2,40,42,4.76
September 30 2021,Gwinnett,GA,Passenger,1,0,1,63,64,1.56
April 30 2020,Tulsa,OK,Passenger,1,1,2,54,56,3.57
October 31 2017,Nantucket,MA,Passenger,1,0,1,3,4,25
October 31 2020,DeKalb,IN,Passenger,1,0,1,1,2,50
March 31 2017,Snohomish,WA,Truck,1,0,1,122194,122195,0
June 30 2017,Benton,WA,Truck,0,0,0,40055,40055,0
October 31 2021,Douglas,WA,Truck,0,0,0,12671,12671,0
April 30 2018,Wahkiakum,WA,Truck,0,0,0,1668,1668,0
July 31 2023,San Joaquin,CA,Passenger,0,1,1,77,78,1.28
May 31 2024,New London,CT,Passenger,2,4,6,148,154,3.9
May 31 2020,Dallas,IA,Passenger,0,1,1,10,11,9.09
July 31 2024,Oldham,KY,Passenger,0,1,1,2,3,33.33
November 30 2019,Whitman,WA,Truck,0,0,0,8580,8580,0
August 31 2018,King,WA,Passenger,13802,5936,19738,1373180,1392918,1.42
November 30 2019,Spokane,WA,Truck,1,0,1,96178,96179,0
April 30 2018,Columbia,WA,Truck,0,0,0,1523,1523,0
July 31 2017,Bergen,NJ,Passenger,0,2,2,30,32,6.25
October 31 2017,Saratoga,NY,Passenger,1,1,2,72,74,2.7
February 28 2021,Multnomah,OR,Passenger,4,5,9,690,699,1.29
January 31 2022,Hamilton,OH,Passenger,1,0,1,38,39,2.56
May 31 2021,Whitman,WA,Passenger,60,44,104,21984,22088,0.47
October 31 2023,Charleston,SC,Passenger,1,2,3,49,52,5.77
June 30 2024,Pulaski,AR,Passenger,2,0,2,16,18,11.11
September 30 2020,Shelby,TN,Passenger,0,1,1,87,88,1.14
February 28 2023,Tooele,UT,Passenger,1,0,1,8,9,11.11
December 31 2020,Benton,WA,Passenger,439,355,794,134917,135711,0.59
October 31 2018,Pacific,WA,Truck,0,0,0,7625,7625,0
February 28 2019,Marion,OR,Passenger,1,0,1,120,121,0.83
December 31 2020,Skamania,WA,Truck,0,0,0,4004,4004,0
March 31 2023,Rockdale,GA,Passenger,1,0,1,5,6,16.67
February 29 2024,Galveston,TX,Passenger,0,1,1,13,14,7.14
April 30 2017,Mason,WA,Passenger,49,62,111,42996,43107,0.26
June 30 2023,Montgomery,MD,Passenger,6,2,8,194,202,3.96
January 31 2024,Douglas,WA,Truck,10,0,10,13043,13053,0.08
November 30 2019,Albemarle,VA,Passenger,1,0,1,26,27,3.7
December 31 2023,Jefferson,NY,Passenger,2,0,2,180,182,1.1
September 30 2023,Calvert,MD,Passenger,1,1,2,78,80,2.5
January 31 2021,Arlington,VA,Passenger,0,1,1,146,147,0.68
July 31 2019,Virginia Beach,VA,Passenger,1,0,1,706,707,0.14
March 31 2017,Whitman,WA,Truck,0,0,0,8387,8387,0
August 31 2018,Deschutes,OR,Passenger,2,0,2,176,178,1.12
February 29 2024,Pulaski,AR,Passenger,2,0,2,17,19,10.53
April 30 2024,Kings,CA,Passenger,5,1,6,246,252,2.38
March 31 2017,Tulare,CA,Passenger,1,0,1,195,196,0.51
November 30 2017,Lewis,WA,Passenger,53,41,94,56419,56513,0.17
May 31 2017,Riverside,CA,Passenger,1,1,2,833,835,0.24
May 31 2019,Clackamas,OR,Passenger,1,1,2,219,221,0.9
February 29 2020,Mason,WA,Truck,0,0,0,20593,20593,0
January 31 2018,Kitsap,WA,Truck,1,0,1,52761,52762,0
June 30 2021,Queens,NY,Passenger,2,0,2,52,54,3.7
October 31 2022,Pulaski,AR,Passenger,3,0,3,30,33,9.09
July 31 2021,Spokane,WA,Passenger,1119,654,1773,325740,327513,0.54
October 31 2023,Wahkiakum,WA,Passenger,27,20,47,3047,3094,1.52
January 31 2019,Suffolk,MA,Passenger,0,1,1,43,44,2.27
June 30 2019,Juneau,AK,Passenger,0,2,2,33,35,5.71
March 31 2019,Albemarle,VA,Passenger,1,0,1,24,25,4
January 31 2018,Howard,MD,Passenger,0,2,2,88,90,2.22
February 28 2023,Jackson,OK,Passenger,0,1,1,37,38,2.63
June 30 2020,El Paso,CO,Passenger,3,1,4,726,730,0.55
July 31 2017,Prince William,VA,Passenger,0,4,4,269,273,1.47
September 30 2018,Pierce,WA,Truck,0,0,0,138406,138406,0
February 28 2017,Kitsap,WA,Truck,1,0,1,52345,52346,0
November 30 2022,Skagit,WA,Truck,8,0,8,32151,32159,0.02
April 30 2024,Lincoln,WA,Passenger,25,26,51,7547,7598,0.67
July 31 2024,Maricopa,AZ,Passenger,8,2,10,497,507,1.97
July 31 2022,Greene,MO,Passenger,0,1,1,28,29,3.45
July 31 2019,Caddo,LA,Passenger,0,1,1,25,26,3.85
October 31 2020,Henrico,VA,Passenger,0,1,1,18,19,5.26
November 30 2018,Mercer,NJ,Passenger,0,1,1,17,18,5.56
June 30 2020,Dallas,TX,Passenger,1,0,1,210,211,0.47
December 31 2018,St. Clair,IL,Passenger,0,1,1,165,166,0.6
July 31 2021,Sedgwick,KS,Passenger,0,1,1,85,86,1.16
April 30 2019,Kent,MI,Passenger,0,1,1,25,26,3.85
August 31 2017,Whatcom,WA,Truck,2,0,2,41763,41765,0
February 28 2022,Yamhill,OR,Passenger,1,0,1,39,40,2.5
March 31 2024,Berkeley,SC,Passenger,2,1,3,80,83,3.61
January 31 2020,Spokane,WA,Passenger,683,467,1150,316618,317768,0.36
October 31 2021,Benton,WA,Truck,0,0,0,43695,43695,0
December 31 2021,Duval,FL,Passenger,0,2,2,339,341,0.59
April 30 2018,Norfolk,MA,Passenger,1,0,1,38,39,2.56
March 31 2017,Allegheny,PA,Passenger,1,0,1,91,92,1.09
April 30 2019,Lee,FL,Passenger,1,0,1,52,53,1.89
March 31 2022,Rockdale,GA,Passenger,1,0,1,6,7,14.29
November 30 2018,Grays Harbor,WA,Truck,0,0,0,20331,20331,0
April 30 2024,Grays Harbor,WA,Truck,21,0,21,20687,20708,0.1
December 31 2022,Benton,WA,Truck,10,0,10,43299,43309,0.02
November 30 2019,Garfield,WA,Truck,0,0,0,963,963,0
February 29 2024,Asotin,WA,Passenger,43,25,68,12261,12329,0.55
February 28 2019,Clallam,WA,Truck,0,0,0,21575,21575,0
November 30 2022,New London,CT,Passenger,3,3,6,188,194,3.09
November 30 2022,Queens,NY,Passenger,1,0,1,39,40,2.5
December 31 2022,Prince George's,MD,Passenger,3,1,4,132,136,2.94
January 31 2024,Howard,MD,Passenger,0,2,2,59,61,3.28
May 31 2019,Palm Beach,FL,Passenger,0,2,2,90,92,2.17
April 30 2023,DeKalb,GA,Passenger,2,0,2,47,49,4.08
October 31 2022,Yakima,WA,Truck,5,0,5,61201,61206,0.01
February 29 2020,Flathead,MT,Passenger,1,0,1,70,71,1.41
August 31 2022,Orange,CA,Passenger,8,3,11,388,399,2.76
June 30 2017,Mercer,NJ,Passenger,0,1,1,17,18,5.56
April 30 2024,Skagit,WA,Passenger,1458,532,1990,88125,90115,2.21
May 31 2022,,,Passenger,5,1,6,319,325,1.85
October 31 2023,Yakima,WA,Truck,15,0,15,60858,60873,0.02
March 31 2017,Orleans,LA,Passenger,0,1,1,50,51,1.96
June 30 2018,Lane,OR,Passenger,0,1,1,186,187,0.53
September 30 2022,San Joaquin,CA,Passenger,1,0,1,93,94,1.06
May 31 2023,Richland,SC,Passenger,0,1,1,112,113,0.88
May 31 2021,Juneau,AK,Passenger,0,1,1,28,29,3.45
February 29 2024,Currituck,NC,Passenger,1,0,1,17,18,5.56
December 31 2021,Owyhee,ID,Passenger,1,0,1,3,4,25
January 31 2019,Douglas,WA,Passenger,51,35,86,28005,28091,0.31
September 30 2019,Kittitas,WA,Passenger,81,44,125,29825,29950,0.42
April 30 2019,Cowlitz,WA,Passenger,89,101,190,72730,72920,0.26
January 31 2024,Skamania,WA,Passenger,140,55,195,7963,8158,2.39
May 31 2024,Lincoln,WA,Passenger,25,26,51,7509,7560,0.67
November 30 2021,Santa Clara,CA,Passenger,9,1,10,270,280,3.57
September 30 2017,Klickitat,WA,Passenger,23,26,49,14776,14825,0.33
April 30 2024,El Paso,TX,Passenger,3,1,4,240,244,1.64
July 31 2022,Placer,CA,Passenger,2,0,2,74,76,2.63
December 31 2020,Anchorage,AK,Passenger,1,0,1,155,156,0.64
September 30 2022,Fulton,GA,Passenger,1,1,2,77,79,2.53
July 31 2023,DeKalb,GA,Passenger,2,0,2,41,43,4.65
August 31 2021,Flathead,MT,Passenger,2,0,2,52,54,3.7
April 30 2024,Grays Harbor,WA,Passenger,426,235,661,47760,48421,1.37
September 30 2020,San Diego,CA,Passenger,16,3,19,2736,2755,0.69
October 31 2017,Skagit,WA,Truck,1,0,1,31619,31620,0
May 31 2020,Grant,WA,Truck,0,0,0,26972,26972,0
November 30 2020,San Joaquin,CA,Passenger,1,0,1,118,119,0.84
June 30 2024,Lexington,SC,Passenger,1,0,1,15,16,6.25
June 30 2022,Platte,MO,Passenger,1,0,1,24,25,4
December 31 2022,Williamsburg,VA,Passenger,0,1,1,7,8,12.5
June 30 2019,Shelby,OH,Passenger,0,1,1,2,3,33.33
June 30 2022,El Paso,TX,Passenger,4,0,4,359,363,1.1
November 30 2020,Stafford,VA,Passenger,1,1,2,101,103,1.94
December 31 2018,Garfield,OK,Passenger,1,0,1,15,16,6.25
November 30 2021,Lake,IN,Passenger,0,1,1,9,10,10
July 31 2019,Klickitat,WA,Passenger,35,33,68,15575,15643,0.43
January 31 2021,Klickitat,WA,Truck,0,0,0,8108,8108,0
February 28 2022,Bell,TX,Passenger,1,0,1,346,347,0.29
November 30 2020,Douglas,CO,Passenger,0,1,1,86,87,1.15
January 31 2022,Wahkiakum,WA,Truck,0,0,0,1815,1815,0
October 31 2020,Chelan,WA,Truck,0,0,0,22754,22754,0
May 31 2023,Island,WA,Truck,29,0,29,20952,20981,0.14
January 31 2024,New Haven,CT,Passenger,0,2,2,22,24,8.33
July 31 2022,Washington,MD,Passenger,2,0,2,13,15,13.33
November 30 2023,St. Louis,MN,Passenger,0,1,1,4,5,20
July 31 2020,Carroll,NH,Passenger,0,1,1,4,5,20
March 31 2024,Pierce,WA,Passenger,10264,3357,13621,521253,534874,2.55
May 31 2019,Whitman,WA,Truck,0,0,0,8550,8550,0
June 30 2020,Harrison,MS,Passenger,1,0,1,55,56,1.79
January 31 2023,New Haven,CT,Passenger,0,2,2,29,31,6.45
October 31 2023,Kootenai,ID,Truck,1,0,1,25,26,3.85
April 30 2022,Douglas,CO,Passenger,0,1,1,87,88,1.14
June 30 2024,Mobile,AL,Passenger,1,0,1,20,21,4.76
June 30 2020,San Mateo,CA,Passenger,0,1,1,123,124,0.81
October 31 2017,Orleans,LA,Passenger,0,1,1,46,47,2.13
June 30 2023,Asotin,WA,Passenger,36,21,57,12372,12429,0.46
February 28 2021,Montgomery,MD,Passenger,1,0,1,242,243,0.41
February 28 2019,Palm Beach,FL,Passenger,0,2,2,92,94,2.13
December 31 2021,Spartanburg,SC,Passenger,0,1,1,49,50,2
February 28 2022,Columbia,WA,Truck,0,0,0,1570,1570,0
October 31 2017,Flathead,MT,Passenger,1,0,1,59,60,1.67
February 28 2021,Howard,IN,Passenger,0,1,1,3,4,25
September 30 2022,Contra Costa,CA,Passenger,0,2,2,215,217,0.92
August 31 2023,Howard,MD,Passenger,0,2,2,59,61,3.28
October 31 2023,Douglas,CO,Passenger,0,2,2,49,51,3.92
July 31 2023,Ulster,NY,Passenger,1,0,1,9,10,10
February 28 2023,Hanover,VA,Passenger,1,0,1,1,2,50
July 31 2022,Clinton,PA,Passenger,1,0,1,1,2,50
March 31 2024,Clark,WA,Truck,174,0,174,80423,80597,0.22
April 30 2018,Grant,WA,Truck,0,0,0,25852,25852,0
September 30 2019,Saginaw,MI,Passenger,1,0,1,12,13,7.69
November 30 2018,Saratoga,NY,Passenger,1,0,1,59,60,1.67
May 31 2023,Flathead,MT,Passenger,1,0,1,30,31,3.23
February 28 2021,Columbia,OR,Passenger,1,0,1,23,24,4.17
November 30 2023,Fredericksburg,VA,Passenger,1,0,1,6,7,14.29
October 31 2021,Okanogan,WA,Truck,0,0,0,16664,16664,0
October 31 2023,Island,WA,Passenger,1237,460,1697,60934,62631,2.71
July 31 2022,Larimer,CO,Passenger,1,0,1,40,41,2.44
December 31 2019,Asotin,WA,Truck,0,0,0,6710,6710,0
June 30 2018,Prince William,VA,Passenger,0,5,5,261,266,1.88
March 31 2019,Volusia,FL,Passenger,0,1,1,39,40,2.5
November 30 2020,Wichita,TX,Passenger,1,0,1,44,45,2.22
May 31 2021,Tom Green,TX,Passenger,0,1,1,23,24,4.17
July 31 2022,Sevier,AR,Passenger,0,1,1,0,1,100
January 31 2018,Chelan,WA,Passenger,94,38,132,53232,53364,0.25
September 30 2020,Orange,CA,Passenger,6,3,9,490,499,1.8
October 31 2020,Sedgwick,KS,Passenger,1,1,2,94,96,2.08
December 31 2021,Louisa,VA,Passenger,0,1,1,1,2,50
February 29 2020,Whatcom,WA,Truck,3,0,3,43138,43141,0.01
August 31 2018,Camden,NJ,Passenger,0,1,1,32,33,3.03
July 31 2023,Champaign,IL,Passenger,1,0,1,10,11,9.09
August 31 2022,Whatcom,WA,Passenger,1916,766,2682,148655,151337,1.77
July 31 2021,Cowlitz,WA,Passenger,229,146,375,72205,72580,0.52
January 31 2020,Montgomery,TX,Passenger,1,0,1,60,61,1.64
July 31 2023,Lincoln,WA,Truck,0,0,0,4842,4842,0
May 31 2022,Clallam,WA,Truck,1,0,1,21933,21934,0
August 31 2022,,,Passenger,5,1,6,312,318,1.89
August 31 2022,Middlesex,NJ,Passenger,1,0,1,22,23,4.35
December 31 2022,Howard,MD,Passenger,0,2,2,59,61,3.28
April 30 2017,Kent,MI,Passenger,0,1,1,37,38,2.63
July 31 2022,Montgomery,PA,Passenger,1,0,1,23,24,4.17
June 30 2022,Essex,MA,Passenger,1,0,1,16,17,5.88
July 31 2019,Kitsap,WA,Passenger,1091,625,1716,181174,182890,0.94
April 30 2022,Pacific,WA,Passenger,60,68,128,15917,16045,0.8
May 31 2019,Douglas,WA,Truck,0,0,0,12180,12180,0
December 31 2022,Chelan,WA,Truck,13,0,13,23069,23082,0.06
August 31 2023,Chesapeake,VA,Passenger,2,1,3,308,311,0.96
March 31 2021,Broward,FL,Passenger,1,0,1,116,117,0.85
December 31 2019,Suffolk,MA,Passenger,0,1,1,37,38,2.63
September 30 2021,Klickitat,WA,Passenger,83,51,134,15375,15509,0.86
February 28 2022,Fresno,CA,Passenger,1,0,1,181,182,0.55
August 31 2022,Clallam,WA,Passenger,436,247,683,49498,50181,1.36
November 30 2020,Multnomah,OR,Passenger,4,6,10,713,723,1.38
September 30 2017,Orange,CA,Passenger,3,1,4,620,624,0.64
June 30 2018,Williamson,TX,Passenger,0,1,1,168,169,0.59
August 31 2020,Clay,FL,Passenger,0,1,1,86,87,1.15
January 31 2021,Carson City,NV,Passenger,1,0,1,12,13,7.69
February 28 2021,Eagle,CO,Passenger,1,0,1,7,8,12.5
May 31 2022,Carroll,NH,Passenger,0,1,1,4,5,20
October 31 2018,St. Mary's,MD,Passenger,1,0,1,213,214,0.47
October 31 2022,Stevens,WA,Truck,2,0,2,18855,18857,0.01
November 30 2022,Washington,OR,Passenger,1,0,1,304,305,0.33
January 31 2024,Champaign,IL,Passenger,1,0,1,7,8,12.5
October 31 2022,Dallas,TX,Passenger,1,0,1,112,113,0.88
May 31 2019,Montgomery,PA,Passenger,2,0,2,38,40,5
March 31 2022,Lincoln,WA,Truck,0,0,0,4831,4831,0
February 29 2024,Montgomery,OH,Passenger,0,1,1,37,38,2.63
May 31 2020,Walla Walla,WA,Truck,0,0,0,13667,13667,0
September 30 2022,Jefferson,NY,Passenger,1,0,1,217,218,0.46
December 31 2020,Snohomish,WA,Passenger,5033,1846,6879,538339,545218,1.26
November 30 2017,Charles,MD,Passenger,0,1,1,86,87,1.15
May 31 2022,Coryell,TX,Passenger,1,0,1,101,102,0.98
May 31 2023,Kent,DE,Passenger,1,0,1,46,47,2.13
March 31 2020,Pend Oreille,WA,Truck,0,0,0,5756,5756,0
October 31 2022,Benton,WA,Truck,7,0,7,43298,43305,0.02
September 30 2020,Lincoln,WA,Truck,0,0,0,4635,4635,0
January 31 2018,San Mateo,CA,Passenger,0,1,1,144,145,0.69
July 31 2019,Arlington,VA,Passenger,0,2,2,163,165,1.21
April 30 2023,Santa Clara,CA,Passenger,16,3,19,207,226,8.41
June 30 2023,Flathead,MT,Passenger,1,0,1,27,28,3.57
April 30 2023,Brown,WI,Passenger,1,0,1,6,7,14.29
October 31 2021,Greene,MO,Passenger,0,1,1,32,33,3.03
August 31 2018,Santa Rosa,FL,Passenger,1,0,1,94,95,1.05
September 30 2022,Montgomery,AL,Passenger,1,1,2,38,40,5
April 30 2023,Ray,MO,Passenger,0,1,1,0,1,100
January 31 2022,Whitman,WA,Passenger,69,58,127,21919,22046,0.58
June 30 2019,Salt Lake,UT,Passenger,1,0,1,214,215,0.47
April 30 2023,Charles,MD,Passenger,1,1,2,57,59,3.39
September 30 2017,Collier,FL,Passenger,1,0,1,25,26,3.85
February 28 2021,Chesapeake,VA,Passenger,0,2,2,420,422,0.47
July 31 2017,Nantucket,MA,Passenger,1,0,1,3,4,25
September 30 2020,Ramsey,MN,Passenger,1,0,1,43,44,2.27
May 31 2019,Twin Falls,ID,Passenger,0,1,1,24,25,4
January 31 2023,Richland,SC,Passenger,0,1,1,124,125,0.8
July 31 2024,Rockdale,GA,Passenger,1,0,1,4,5,20
April 30 2021,Arlington,VA,Passenger,0,1,1,149,150,0.67
September 30 2021,Collin,TX,Passenger,3,0,3,120,123,2.44
August 31 2019,Klamath,OR,Passenger,1,0,1,41,42,2.38
March 31 2017,District of Columbia,DC,Passenger,0,3,3,219,222,1.35
October 31 2022,Clackamas,OR,Passenger,1,0,1,142,143,0.7
July 31 2019,Pacific,WA,Truck,0,0,0,7662,7662,0
January 31 2024,Churchill,NV,Passenger,0,1,1,32,33,3.03
August 31 2022,Cowlitz,WA,Passenger,352,172,524,70344,70868,0.74
April 30 2021,Clallam,WA,Passenger,309,206,515,50384,50899,1.01
June 30 2022,Montgomery,MD,Passenger,4,2,6,216,222,2.7
June 30 2019,Okanogan,WA,Truck,0,0,0,16477,16477,0
February 28 2022,Hamilton,OH,Passenger,1,0,1,38,39,2.56
October 31 2021,Lake,IN,Passenger,0,1,1,9,10,10
September 30 2018,Clark,WA,Truck,0,0,0,79343,79343,0
May 31 2023,Skagit,WA,Passenger,1080,403,1483,88932,90415,1.64
June 30 2024,Allegheny,PA,Passenger,1,0,1,45,46,2.17
September 30 2021,Norfolk,VA,Passenger,2,3,5,321,326,1.53
June 30 2020,Dakota,MN,Passenger,0,1,1,32,33,3.03
May 31 2024,Tooele,UT,Passenger,2,0,2,6,8,25
December 31 2017,DeKalb,IN,Passenger,1,0,1,1,2,50
May 31 2021,Grays Harbor,WA,Truck,0,0,0,21422,21422,0
August 31 2020,District of Columbia,DC,Passenger,1,1,2,188,190,1.05
January 31 2019,Moore,NC,Passenger,0,1,1,181,182,0.55
August 31 2023,Onslow,NC,Passenger,0,1,1,139,140,0.71
August 31 2022,Autauga,AL,Passenger,1,0,1,13,14,7.14
May 31 2020,Charleston,SC,Passenger,1,0,1,109,110,0.91
December 31 2020,El Dorado,CA,Passenger,1,0,1,37,38,2.63
April 30 2017,Charles,MD,Passenger,0,1,1,91,92,1.09
November 30 2020,Nassau,FL,Passenger,1,0,1,37,38,2.63
December 31 2023,Pacific,WA,Passenger,95,100,195,15525,15720,1.24
September 30 2019,Hillsborough,FL,Passenger,0,1,1,202,203,0.49
September 30 2022,New York,NY,Passenger,2,0,2,39,41,4.88
July 31 2023,Henrico,VA,Passenger,0,1,1,8,9,11.11
November 30 2019,Snohomish,WA,Passenger,3942,1705,5647,535212,540859,1.04
March 31 2018,Skagit,WA,Passenger,174,154,328,89884,90212,0.36
December 31 2023,Wahkiakum,WA,Passenger,32,22,54,3054,3108,1.74
April 30 2022,Pulaski,MO,Passenger,2,0,2,121,123,1.63
January 31 2020,Howard,MD,Passenger,0,1,1,83,84,1.19
August 31 2018,Monterey,CA,Passenger,0,1,1,190,191,0.52
May 31 2024,Yakima,WA,Truck,18,0,18,60343,60361,0.03
August 31 2017,Spokane,WA,Truck,1,0,1,90983,90984,0
July 31 2018,Walla Walla,WA,Passenger,34,44,78,35732,35810,0.22
April 30 2020,Kitsap,WA,Passenger,1312,676,1988,180468,182456,1.09
March 31 2020,Frederick,MD,Passenger,1,1,2,73,75,2.67
February 28 2023,Richmond,NY,Passenger,1,0,1,4,5,20
July 31 2021,Thurston,WA,Truck,0,0,0,56419,56419,0
November 30 2020,Arlington,VA,Passenger,0,2,2,151,153,1.31
August 31 2023,Calvert,MD,Passenger,1,1,2,78,80,2.5
November 30 2017,Mason,WA,Passenger,63,70,133,44603,44736,0.3
December 31 2017,Grays Harbor,WA,Truck,0,0,0,20059,20059,0
July 31 2021,Rockingham,NH,Passenger,1,0,1,21,22,4.55
January 31 2019,Caddo,LA,Passenger,0,1,1,24,25,4
March 31 2017,Douglas,WA,Passenger,29,19,48,26587,26635,0.18
January 31 2018,Spokane,WA,Truck,1,0,1,91721,91722,0
November 30 2021,Palm Beach,FL,Passenger,1,1,2,66,68,2.94
June 30 2018,Klamath,OR,Passenger,1,0,1,36,37,2.7
April 30 2019,Shasta,CA,Passenger,1,0,1,41,42,2.38
June 30 2018,San Francisco,CA,Passenger,1,1,2,132,134,1.49
March 31 2023,Anchorage,AK,Passenger,1,0,1,119,120,0.83
January 31 2020,Eagle,CO,Passenger,1,0,1,6,7,14.29
April 30 2021,Mason,WA,Passenger,191,132,323,48075,48398,0.67
March 31 2022,Snohomish,WA,Passenger,7660,2361,10021,534401,544422,1.84
June 30 2022,Pinal,AZ,Passenger,0,1,1,138,139,0.72
June 30 2018,Shelby,TN,Passenger,0,1,1,105,106,0.94
April 30 2023,Goochland,VA,Passenger,2,2,4,79,83,4.82
May 31 2024,Pacific,WA,Truck,10,0,10,7715,7725,0.13
January 31 2017,Clallam,WA,Passenger,73,64,137,48004,48141,0.28
July 31 2019,Stevens,WA,Passenger,20,30,50,31700,31750,0.16
June 30 2020,Adams,WA,Passenger,9,7,16,12776,12792,0.13
March 31 2022,Salt Lake,UT,Passenger,2,1,3,170,173,1.73
July 31 2024,Anne Arundel,MD,Passenger,6,2,8,245,253,3.16
November 30 2017,Hardin,KY,Passenger,0,1,1,113,114,0.88
April 30 2022,Harris,TX,Passenger,2,0,2,188,190,1.05
August 31 2021,Pulaski,MO,Passenger,1,0,1,133,134,0.75
November 30 2022,Yavapai,AZ,Passenger,0,1,1,24,25,4
August 31 2022,Mercer,NJ,Passenger,0,1,1,11,12,8.33
March 31 2021,Bradley,TN,Passenger,1,0,1,0,1,100
October 31 2018,Marion,OR,Passenger,1,0,1,126,127,0.79
May 31 2022,District of Columbia,DC,Passenger,3,0,3,168,171,1.75
January 31 2024,Newport News,VA,Passenger,1,0,1,98,99,1.01
February 28 2023,San Diego,CA,Passenger,23,7,30,2309,2339,1.28
January 31 2017,Hamilton,IN,Passenger,1,0,1,73,74,1.35
January 31 2022,Solano,CA,Passenger,1,0,1,180,181,0.55
August 31 2018,Wahkiakum,WA,Truck,0,0,0,1691,1691,0
December 31 2018,Manassas,VA,Passenger,0,1,1,9,10,10
November 30 2020,Spartanburg,SC,Passenger,0,1,1,52,53,1.89
March 31 2020,Richland,SC,Passenger,0,1,1,155,156,0.64
October 31 2018,Clark,NV,Passenger,3,3,6,748,754,0.8
February 28 2023,San Mateo,CA,Passenger,1,0,1,79,80,1.25
October 31 2017,St. Clair,IL,Passenger,0,1,1,162,163,0.61
May 31 2019,Norfolk,VA,Passenger,2,2,4,345,349,1.15
April 30 2021,Garfield,WA,Truck,0,0,0,1004,1004,0
July 31 2021,Walla Walla,WA,Passenger,115,76,191,36538,36729,0.52
December 31 2019,Franklin,WA,Truck,0,0,0,19774,19774,0
July 31 2023,Dorchester,SC,Passenger,1,0,1,45,46,2.17
November 30 2018,Pierce,WA,Passenger,1470,1339,2809,538233,541042,0.52
May 31 2022,Benton,WA,Passenger,727,454,1181,135100,136281,0.87
November 30 2022,Chelan,WA,Passenger,523,141,664,54188,54852,1.21
October 31 2019,Harris,TX,Passenger,1,1,2,284,286,0.7
November 30 2020,New York,NY,Passenger,2,0,2,60,62,3.23
December 31 2023,Tom Green,TX,Passenger,0,1,1,17,18,5.56
July 31 2017,Snohomish,WA,Passenger,1818,919,2737,513186,515923,0.53
October 31 2019,Island,WA,Passenger,361,251,612,63562,64174,0.95
April 30 2017,Stevens,WA,Passenger,8,22,30,31228,31258,0.1
February 28 2019,Clark,NV,Passenger,4,3,7,729,736,0.95
November 30 2023,Allegheny,PA,Passenger,2,0,2,55,57,3.51
January 31 2021,Spokane,WA,Truck,0,0,0,100825,100825,0
March 31 2017,Lewis,WA,Truck,0,0,0,24820,24820,0
October 31 2023,Clark,WA,Truck,123,0,123,81082,81205,0.15
February 29 2020,Kittitas,WA,Truck,0,0,0,14650,14650,0
December 31 2018,Wahkiakum,WA,Truck,0,0,0,1722,1722,0
May 31 2023,Lincoln,WA,Truck,0,0,0,4844,4844,0
October 31 2019,Goochland,VA,Passenger,3,1,4,280,284,1.41
November 30 2020,Hennepin,MN,Passenger,2,0,2,90,92,2.17
December 31 2021,New Haven,CT,Passenger,0,2,2,32,34,5.88
July 31 2018,Latah,ID,Passenger,0,1,1,76,77,1.3
July 31 2022,Mercer,NJ,Passenger,0,1,1,11,12,8.33
April 30 2022,Eagle,CO,Passenger,1,0,1,6,7,14.29
February 29 2020,Carroll,NH,Passenger,0,1,1,4,5,20
April 30 2024,Clark,WA,Passenger,7989,2877,10866,312484,323350,3.36
September 30 2020,Island,WA,Passenger,444,280,724,62771,63495,1.14
November 30 2022,Santa Clara,CA,Passenger,15,3,18,235,253,7.11
February 28 2022,Douglas,WA,Truck,0,0,0,12679,12679,0
September 30 2017,Skamania,WA,Truck,0,0,0,3876,3876,0
July 31 2018,Santa Rosa,FL,Passenger,1,0,1,96,97,1.03
January 31 2017,Tarrant,TX,Passenger,0,2,2,336,338,0.59
December 31 2022,Sonoma,CA,Passenger,2,1,3,78,81,3.7
April 30 2023,Benton,WA,Truck,19,0,19,43241,43260,0.04
May 31 2017,Hidalgo,TX,Passenger,0,1,1,101,102,0.98
October 31 2020,Bradley,TN,Passenger,1,0,1,0,1,100
August 31 2018,Lake,CA,Passenger,0,1,1,10,11,9.09
January 31 2019,San Francisco,CA,Passenger,2,1,3,119,122,2.46
July 31 2024,Marion,IA,Passenger,1,0,1,0,1,100
December 31 2022,Kitsap,WA,Truck,33,0,33,52817,52850,0.06
June 30 2017,Clallam,WA,Passenger,90,76,166,48375,48541,0.34
May 31 2024,Calvert,MD,Passenger,1,1,2,67,69,2.9
December 31 2022,Oldham,KY,Passenger,0,1,1,4,5,20
December 31 2022,Virginia Beach,VA,Passenger,3,1,4,492,496,0.81
December 31 2018,Montgomery,TX,Passenger,2,0,2,65,67,2.99
February 28 2022,Prince George's,MD,Passenger,2,1,3,149,152,1.97
May 31 2023,Dallas,TX,Passenger,2,0,2,96,98,2.04
January 31 2019,Santa Cruz,CA,Passenger,1,0,1,44,45,2.22
December 31 2022,Monterey,CA,Passenger,0,4,4,149,153,2.61
January 31 2023,Ferry,WA,Passenger,24,4,28,4338,4366,0.64
January 31 2017,Okanogan,WA,Truck,0,0,0,16371,16371,0
December 31 2021,Kootenai,ID,Passenger,0,1,1,190,191,0.52
October 31 2022,Grant,WA,Passenger,211,108,319,66622,66941,0.48
December 31 2021,Cook,IL,Passenger,2,0,2,214,216,0.93
November 30 2019,Montgomery,AL,Passenger,1,1,2,40,42,4.76
May 31 2021,Kittitas,WA,Passenger,154,62,216,29972,30188,0.72
January 31 2020,Klamath,OR,Passenger,1,0,1,38,39,2.56
January 31 2021,Chelan,WA,Truck,0,0,0,22828,22828,0
February 29 2020,Douglas,WA,Truck,0,0,0,12317,12317,0
May 31 2022,San Joaquin,CA,Passenger,1,1,2,101,103,1.94
August 31 2022,Saratoga,NY,Passenger,1,0,1,43,44,2.27
November 30 2019,Oldham,KY,Passenger,0,1,1,5,6,16.67
January 31 2024,Isle of Wight,VA,Passenger,0,1,1,16,17,5.88
October 31 2017,San Mateo,CA,Passenger,0,1,1,151,152,0.66
July 31 2024,Polk,OR,Passenger,1,1,2,11,13,15.38
February 28 2018,Franklin,WA,Truck,0,0,0,18572,18572,0
March 31 2021,Douglas,WA,Truck,0,0,0,12550,12550,0
August 31 2019,El Paso,TX,Passenger,3,0,3,472,475,0.63
February 28 2017,Cascade,MT,Passenger,0,1,1,62,63,1.59
May 31 2024,Madison,IL,Passenger,2,0,2,13,15,13.33
April 30 2024,Flathead,MT,Passenger,1,0,1,17,18,5.56
February 28 2019,Sangamon,IL,Passenger,2,0,2,7,9,22.22
April 30 2018,San Juan,WA,Truck,0,0,0,5696,5696,0
June 30 2017,Montgomery,TN,Passenger,1,0,1,286,287,0.35
November 30 2019,Prince George's,MD,Passenger,1,1,2,177,179,1.12
February 28 2021,Douglas,CO,Passenger,0,1,1,84,85,1.18
January 31 2021,Rogers,OK,Passenger,1,0,1,8,9,11.11
March 31 2019,Cochise,AZ,Passenger,0,1,1,114,115,0.87
May 31 2022,Thurston,WA,Passenger,2122,1027,3149,193954,197103,1.6
November 30 2020,Walla Walla,WA,Truck,0,0,0,13814,13814,0
February 28 2017,Garfield,WA,Truck,0,0,0,933,933,0
August 31 2023,Albemarle,VA,Passenger,2,0,2,13,15,13.33
March 31 2021,RÃ­o Grande,PR,Passenger,1,0,1,1,2,50
February 28 2023,Snohomish,WA,Passenger,10917,2836,13753,529194,542947,2.53
June 30 2018,,,Passenger,2,2,4,430,434,0.92
November 30 2020,Montgomery,OH,Passenger,0,1,1,52,53,1.89
September 30 2023,Columbia,OR,Passenger,1,0,1,11,12,8.33
May 31 2019,Lake,FL,Passenger,1,0,1,22,23,4.35
July 31 2020,Hawaii,HI,Passenger,1,0,1,60,61,1.64
September 30 2021,Rockingham,NH,Passenger,1,0,1,20,21,4.76
September 30 2018,Beaufort,SC,Passenger,1,0,1,41,42,2.38
August 31 2021,Thurston,WA,Passenger,1710,906,2616,197364,199980,1.31
June 30 2022,Chelan,WA,Passenger,461,126,587,54304,54891,1.07
November 30 2019,Kittitas,WA,Passenger,89,46,135,30003,30138,0.45
May 31 2017,Monterey,CA,Passenger,0,1,1,214,215,0.47
October 31 2021,Mason,WA,Truck,0,0,0,21254,21254,0
November 30 2018,Montgomery,MD,Passenger,1,0,1,281,282,0.35
June 30 2018,Deschutes,OR,Passenger,1,0,1,180,181,0.55
April 30 2017,Grays Harbor,WA,Passenger,29,30,59,44469,44528,0.13
October 31 2022,Anne Arundel,MD,Passenger,3,3,6,317,323,1.86
June 30 2021,Lincoln,WA,Truck,0,0,0,4752,4752,0
November 30 2023,Harford,MD,Passenger,1,1,2,41,43,4.65
October 31 2022,Montgomery,MD,Passenger,4,2,6,205,211,2.84
June 30 2023,Williamson,TX,Passenger,0,1,1,63,64,1.56
August 31 2020,Juneau,AK,Passenger,0,1,1,30,31,3.23
June 30 2020,Whitman,WA,Passenger,44,48,92,22124,22216,0.41
May 31 2022,Wilson,TX,Passenger,0,1,1,3,4,25
February 28 2017,Shoshone,ID,Passenger,0,1,1,82,83,1.2
May 31 2023,Grant,WA,Passenger,277,122,399,66991,67390,0.59
March 31 2018,Yakima,WA,Truck,0,0,0,58164,58164,0
September 30 2021,Okanogan,WA,Truck,0,0,0,16687,16687,0
January 31 2021,Palm Beach,FL,Passenger,1,2,3,80,83,3.61
November 30 2021,Lincoln,WA,Passenger,7,16,23,7686,7709,0.3
January 31 2020,Arapahoe,CO,Passenger,1,0,1,148,149,0.67
April 30 2022,San Mateo,CA,Passenger,2,0,2,92,94,2.13
October 31 2017,Prince George's,MD,Passenger,0,1,1,180,181,0.55
June 30 2019,Bergen,NJ,Passenger,1,0,1,27,28,3.57
April 30 2018,Nueces,TX,Passenger,1,1,2,94,96,2.08
January 31 2019,Gwinnett,GA,Passenger,0,1,1,77,78,1.28
October 31 2022,DuPage,IL,Passenger,2,1,3,44,47,6.38
December 31 2022,Wahkiakum,WA,Truck,1,0,1,1786,1787,0.06
November 30 2018,Washtenaw,MI,Passenger,1,0,1,38,39,2.56
March 31 2021,Asotin,WA,Passenger,17,14,31,12553,12584,0.25
January 31 2024,Island,WA,Truck,44,0,44,20784,20828,0.21
October 31 2020,Whitman,WA,Truck,0,0,0,8487,8487,0
March 31 2023,Newport,RI,Passenger,0,1,1,62,63,1.59
July 31 2024,Washtenaw,MI,Passenger,0,2,2,11,13,15.38
July 31 2021,Jones,GA,Passenger,1,0,1,1,2,50
November 30 2018,Grays Harbor,WA,Passenger,61,68,129,47363,47492,0.27
August 31 2020,Boulder,CO,Passenger,1,1,2,45,47,4.26
August 31 2018,San Juan,WA,Truck,0,0,0,5753,5753,0
September 30 2017,Pacific,WA,Truck,0,0,0,7509,7509,0
January 31 2023,Pulaski,MO,Passenger,3,0,3,101,104,2.88
February 28 2018,Clay,FL,Passenger,0,1,1,103,104,0.96
April 30 2023,Kauai,HI,Passenger,1,1,2,15,17,11.76
June 30 2020,Owyhee,ID,Passenger,1,0,1,4,5,20
December 31 2021,Richland,SC,Passenger,0,2,2,141,143,1.4
February 28 2021,Grant,WA,Truck,0,0,0,27650,27650,0
September 30 2021,Fairbanks North Star,AK,Passenger,0,1,1,84,85,1.18
January 31 2017,Okaloosa,FL,Passenger,1,0,1,190,191,0.52
February 28 2019,Ventura,CA,Passenger,0,2,2,325,327,0.61
March 31 2018,Kitsap,WA,Truck,1,0,1,52969,52970,0
August 31 2019,Duval,FL,Passenger,1,2,3,379,382,0.79
October 31 2020,Pacific,WA,Truck,0,0,0,7746,7746,0
November 30 2022,Ada,ID,Passenger,1,0,1,155,156,0.64
October 31 2023,Sacramento,CA,Truck,1,0,1,31,32,3.12
January 31 2018,Franklin,WA,Truck,0,0,0,18558,18558,0
February 28 2021,Ferry,WA,Passenger,10,3,13,4335,4348,0.3
December 31 2021,St. Louis,MO,Passenger,1,0,1,79,80,1.25
September 30 2023,Maui,HI,Passenger,1,0,1,22,23,4.35
December 31 2017,Cowlitz,WA,Passenger,54,67,121,70739,70860,0.17
November 30 2021,Asotin,WA,Passenger,21,17,38,12730,12768,0.3
December 31 2017,,,Passenger,3,0,3,441,444,0.68
August 31 2017,Klickitat,WA,Truck,0,0,0,7962,7962,0
September 30 2019,Lewis,WA,Truck,0,0,0,25968,25968,0
July 31 2024,Klickitat,WA,Truck,22,0,22,8053,8075,0.27
April 30 2022,Platte,MO,Passenger,1,0,1,23,24,4.17
May 31 2019,DeKalb,IN,Passenger,1,0,1,1,2,50
December 31 2022,Essex,NJ,Passenger,2,0,2,11,13,15.38
August 31 2023,Napa,CA,Passenger,0,1,1,12,13,7.69
February 28 2021,El Paso,CO,Passenger,3,1,4,708,712,0.56
September 30 2022,Washington,OR,Passenger,1,0,1,320,321,0.31
April 30 2019,Moore,NC,Passenger,0,1,1,175,176,0.57
June 30 2023,Dorchester,SC,Passenger,1,0,1,47,48,2.08
March 31 2017,Madison,ID,Passenger,1,0,1,43,44,2.27
July 31 2017,Sangamon,IL,Passenger,1,0,1,11,12,8.33
July 31 2018,Klickitat,WA,Passenger,24,31,55,15216,15271,0.36
September 30 2017,Douglas,WA,Truck,0,0,0,11593,11593,0
April 30 2020,Monterey,CA,Passenger,0,1,1,186,187,0.53
January 31 2019,Shasta,CA,Passenger,1,0,1,44,45,2.22
August 31 2019,San Juan,WA,Passenger,225,73,298,14436,14734,2.02
August 31 2022,Santa Clara,CA,Passenger,14,1,15,258,273,5.49
February 28 2018,Duval,FL,Passenger,1,2,3,367,370,0.81
October 31 2019,Chesapeake,VA,Passenger,0,1,1,455,456,0.22
December 31 2021,Fresno,CA,Passenger,1,0,1,182,183,0.55
July 31 2019,Nassau,NY,Passenger,4,0,4,43,47,8.51
January 31 2018,Whatcom,WA,Truck,1,0,1,42066,42067,0
September 30 2019,Solano,CA,Passenger,1,0,1,213,214,0.47
November 30 2021,Dallas,TX,Passenger,1,0,1,163,164,0.61
July 31 2021,Juneau,AK,Passenger,0,1,1,29,30,3.33
April 30 2024,Douglas,WA,Truck,14,0,14,12984,12998,0.11
January 31 2023,Arapahoe,CO,Passenger,0,1,1,89,90,1.11
November 30 2023,Ferry,WA,Passenger,23,4,27,4292,4319,0.63
November 30 2018,Nueces,TX,Passenger,1,1,2,93,95,2.11
January 31 2023,Orange,FL,Passenger,1,0,1,77,78,1.28
May 31 2018,Mason,WA,Truck,0,0,0,19869,19869,0
December 31 2018,Hawaii,HI,Passenger,1,0,1,67,68,1.47
January 31 2023,Pierce,WA,Passenger,6383,2541,8924,536324,545248,1.64
May 31 2021,Snohomish,WA,Truck,1,0,1,126324,126325,0
April 30 2021,Newport,RI,Passenger,0,1,1,78,79,1.27
November 30 2021,King,WA,Passenger,34694,10085,44779,1361480,1406259,3.18
December 31 2020,Ferry,WA,Passenger,9,3,12,4363,4375,0.27
January 31 2024,Lincoln,WA,Truck,0,0,0,4779,4779,0
October 31 2017,Klickitat,WA,Truck,0,0,0,7998,7998,0
July 31 2021,Orange,NC,Passenger,0,1,1,13,14,7.14
May 31 2024,Garfield,OK,Passenger,1,0,1,14,15,6.67
March 31 2022,Klickitat,WA,Passenger,95,54,149,15315,15464,0.96
August 31 2018,Pend Oreille,WA,Passenger,5,5,10,9583,9593,0.1
January 31 2018,Latah,ID,Passenger,0,1,1,79,80,1.25
December 31 2021,Broward,FL,Passenger,2,0,2,104,106,1.89
May 31 2020,St. Mary's,MD,Passenger,1,0,1,207,208,0.48
August 31 2023,Santa Cruz,CA,Passenger,1,0,1,21,22,4.55
May 31 2024,Charles,MD,Passenger,1,1,2,48,50,4
December 31 2017,Prince George,VA,Passenger,0,1,1,73,74,1.35
March 31 2018,Whatcom,WA,Truck,2,0,2,42067,42069,0
March 31 2022,Kittitas,WA,Passenger,224,75,299,29776,30075,0.99
April 30 2017,Ferry,WA,Truck,0,0,0,3550,3550,0
July 31 2023,Yellowstone,MT,Passenger,0,1,1,14,15,6.67
February 28 2018,Jefferson,WA,Passenger,127,80,207,24307,24514,0.84
October 31 2017,Anne Arundel,MD,Passenger,0,1,1,486,487,0.21
September 30 2023,Carroll,MD,Passenger,0,1,1,17,18,5.56
May 31 2020,Harnett,NC,Passenger,1,0,1,209,210,0.48
February 29 2024,Pinal,AZ,Passenger,2,1,3,72,75,4
August 31 2017,Kent,MI,Passenger,0,1,1,38,39,2.56
January 31 2023,Stevens,WA,Truck,2,0,2,18720,18722,0.01
December 31 2023,San Diego,CA,Truck,1,0,1,416,417,0.24
December 31 2023,Grays Harbor,WA,Passenger,376,223,599,48034,48633,1.23
November 30 2017,Moore,NC,Passenger,0,1,1,197,198,0.51
March 31 2024,Flathead,MT,Passenger,1,0,1,18,19,5.26
January 31 2019,King,WA,Truck,6,1,7,182345,182352,0
June 30 2024,Lincoln,WA,Truck,1,0,1,4719,4720,0.02
March 31 2019,Pima,AZ,Passenger,1,1,2,429,431,0.46
May 31 2020,Klamath,OR,Passenger,1,0,1,34,35,2.86
October 31 2021,Henrico,VA,Passenger,0,1,1,14,15,6.67
March 31 2021,Sevier,AR,Passenger,0,1,1,0,1,100
April 30 2024,King,WA,Truck,1260,1,1261,170449,171710,0.73
November 30 2020,Lewis,WA,Passenger,117,119,236,58614,58850,0.4
September 30 2023,Yakima,WA,Passenger,578,276,854,166270,167124,0.51
August 31 2022,Asotin,WA,Passenger,24,18,42,12564,12606,0.33
April 30 2021,Cumberland,NC,Passenger,1,2,3,451,454,0.66
June 30 2020,Moore,NC,Passenger,0,2,2,159,161,1.24
September 30 2020,Juneau,AK,Passenger,0,1,1,31,32,3.12
October 31 2023,Contra Costa,CA,Passenger,1,1,2,155,157,1.27
November 30 2019,Mercer,NJ,Passenger,0,1,1,17,18,5.56
February 28 2022,Lewis,WA,Passenger,219,168,387,59383,59770,0.65
August 31 2019,Pend Oreille,WA,Truck,0,0,0,5721,5721,0
September 30 2019,Middlesex,MA,Passenger,1,0,1,109,110,0.91
July 31 2018,St. Clair,IL,Passenger,0,1,1,155,156,0.64
September 30 2022,Currituck,NC,Passenger,1,0,1,19,20,5
February 28 2018,Lee,AL,Passenger,1,0,1,34,35,2.86
December 31 2023,Adams,CO,Passenger,1,0,1,22,23,4.35
February 28 2018,King,WA,Passenger,11754,5016,16770,1367707,1384477,1.21
February 29 2024,Harris,TX,Passenger,2,0,2,121,123,1.63
August 31 2017,Richland,SC,Passenger,0,1,1,190,191,0.52
December 31 2019,Charles,MD,Passenger,0,1,1,88,89,1.12
June 30 2024,DeKalb,GA,Truck,1,0,1,0,1,100
October 31 2023,Kent,DE,Passenger,1,0,1,38,39,2.56
July 31 2023,Fredericksburg,VA,Passenger,1,0,1,6,7,14.29
April 30 2024,Clallam,WA,Passenger,739,337,1076,48462,49538,2.17
April 30 2018,Okanogan,WA,Passenger,8,19,27,25805,25832,0.1
January 31 2021,Wahkiakum,WA,Passenger,7,6,13,3039,3052,0.43
June 30 2018,Grant,WA,Truck,0,0,0,25916,25916,0
April 30 2020,Wilson,TX,Passenger,0,1,1,8,9,11.11
August 31 2022,Cass,MN,Passenger,0,1,1,3,4,25
March 31 2020,Chelan,WA,Passenger,220,79,299,54470,54769,0.55
February 28 2017,Shelby,TN,Passenger,0,1,1,112,113,0.88
August 31 2017,Anne Arundel,MD,Passenger,0,1,1,495,496,0.2
March 31 2023,Ada,ID,Passenger,2,0,2,142,144,1.39
July 31 2021,Klamath,OR,Passenger,1,0,1,32,33,3.03
April 30 2019,Valencia,NM,Passenger,1,0,1,10,11,9.09
June 30 2020,Thurston,WA,Truck,0,0,0,55720,55720,0
September 30 2019,Grays Harbor,WA,Truck,0,0,0,20631,20631,0
June 30 2021,Lee,FL,Passenger,1,0,1,38,39,2.56
November 30 2023,Columbia,WA,Truck,0,0,0,1559,1559,0
April 30 2021,New Haven,CT,Passenger,0,2,2,34,36,5.56
October 31 2020,Nassau,FL,Passenger,1,0,1,37,38,2.63
April 30 2019,Rogers,OK,Passenger,1,0,1,6,7,14.29
March 31 2017,Thurston,WA,Truck,0,0,0,53277,53277,0
November 30 2023,Walla Walla,WA,Passenger,260,128,388,35406,35794,1.08
March 31 2020,Hennepin,MN,Passenger,3,1,4,102,106,3.77
April 30 2018,Sumter,FL,Passenger,0,1,1,11,12,8.33
June 30 2018,Marin,CA,Passenger,1,0,1,57,58,1.72
September 30 2021,Ulster,NY,Passenger,1,0,1,13,14,7.14
July 31 2022,Rockingham,NH,Passenger,1,0,1,16,17,5.88
July 31 2023,Kittitas,WA,Passenger,368,107,475,29350,29825,1.59
July 31 2022,Franklin,WA,Passenger,203,110,313,61778,62091,0.5
February 28 2019,Garfield,WA,Passenger,1,1,2,1323,1325,0.15
April 30 2019,Douglas,WA,Truck,0,0,0,12174,12174,0
May 31 2021,Riverside,CA,Passenger,5,1,6,584,590,1.02
November 30 2020,Ada,ID,Passenger,0,1,1,266,267,0.37
December 31 2020,Leavenworth,KS,Passenger,0,1,1,115,116,0.86
February 28 2021,Anchorage,AK,Passenger,1,0,1,151,152,0.66
May 31 2021,Lake,IL,Passenger,2,0,2,170,172,1.16
November 30 2022,Sarasota,FL,Passenger,1,0,1,31,32,3.12
December 31 2018,Santa Cruz,CA,Passenger,1,0,1,43,44,2.27
October 31 2021,Columbia,OR,Passenger,1,0,1,22,23,4.35
February 28 2023,Danville,VA,Passenger,1,0,1,0,1,100
October 31 2020,Howard,IN,Passenger,0,1,1,3,4,25
June 30 2017,Okanogan,WA,Passenger,4,17,21,25698,25719,0.08
March 31 2019,Pierce,WA,Passenger,1635,1456,3091,539191,542282,0.57
June 30 2021,Fresno,CA,Passenger,1,0,1,195,196,0.51
February 29 2024,Howard,MD,Passenger,0,2,2,58,60,3.33
March 31 2024,Carroll,MD,Passenger,0,1,1,13,14,7.14
November 30 2019,Dakota,MN,Passenger,0,1,1,32,33,3.03
May 31 2020,Okanogan,WA,Passenger,34,33,67,25863,25930,0.26
March 31 2018,Honolulu,HI,Passenger,2,2,4,558,562,0.71
May 31 2021,Harris,TX,Passenger,1,1,2,237,239,0.84
January 31 2020,Tulsa,OK,Passenger,1,1,2,58,60,3.33
July 31 2023,Essex,MA,Passenger,1,0,1,9,10,10
October 31 2017,Bexar,TX,Passenger,1,1,2,828,830,0.24
July 31 2023,San Diego,CA,Passenger,21,7,28,2134,2162,1.3
April 30 2023,San Joaquin,CA,Passenger,0,1,1,87,88,1.14
April 30 2024,Walla Walla,WA,Truck,11,0,11,13573,13584,0.08
June 30 2022,Adams,WA,Truck,1,0,1,5467,5468,0.02
January 31 2023,Eau Claire,WI,Passenger,1,0,1,1,2,50
October 31 2018,Franklin,WA,Passenger,35,66,101,58733,58834,0.17
September 30 2021,Okaloosa,FL,Passenger,0,1,1,120,121,0.83
August 31 2020,Washoe,NV,Passenger,1,0,1,106,107,0.93
March 31 2021,Moore,NC,Passenger,0,1,1,133,134,0.75
March 31 2018,Orleans,LA,Passenger,0,1,1,46,47,2.13
January 31 2023,Kent,DE,Passenger,1,0,1,50,51,1.96
December 31 2023,Cowlitz,WA,Truck,13,0,13,27955,27968,0.05
March 31 2017,DeKalb,GA,Passenger,1,0,1,86,87,1.15
July 31 2021,Wilson,TX,Passenger,0,1,1,4,5,20
September 30 2018,Guadalupe,TX,Passenger,1,0,1,85,86,1.16
September 30 2021,,,Passenger,4,2,6,332,338,1.78
October 31 2023,Gwinnett,GA,Passenger,1,0,1,47,48,2.08
February 28 2022,Mason,WA,Truck,0,0,0,21147,21147,0
August 31 2022,Palm Beach,FL,Passenger,1,1,2,58,60,3.33
June 30 2018,Eagle,CO,Passenger,1,0,1,6,7,14.29
October 31 2020,Spokane,WA,Passenger,827,523,1350,319534,320884,0.42
August 31 2020,Shelby,TN,Passenger,0,1,1,92,93,1.08
April 30 2022,Pinal,AZ,Passenger,0,1,1,136,137,0.73
June 30 2023,St. Lawrence,NY,Passenger,1,0,1,4,5,20
July 31 2023,St. Lawrence,NY,Passenger,1,0,1,4,5,20
August 31 2020,Monroe,IL,Passenger,1,0,1,3,4,25
January 31 2017,Benton,WA,Passenger,129,129,258,127835,128093,0.2
August 31 2023,Franklin,WA,Passenger,357,149,506,62067,62573,0.81
December 31 2020,Moore,NC,Passenger,0,1,1,146,147,0.68
January 31 2017,Lewis,NY,Passenger,0,1,1,10,11,9.09
August 31 2023,Shelby,AL,Passenger,1,0,1,7,8,12.5
August 31 2022,Oldham,KY,Passenger,0,1,1,4,5,20
September 30 2022,Kings,CA,Passenger,2,1,3,308,311,0.96
June 30 2024,El Paso,CO,Passenger,7,3,10,402,412,2.43
July 31 2021,Portsmouth,VA,Passenger,0,1,1,77,78,1.28
March 31 2023,Goochland,VA,Passenger,2,2,4,88,92,4.35
December 31 2022,Broward,FL,Passenger,1,0,1,73,74,1.35
November 30 2017,Queens,NY,Passenger,1,0,1,61,62,1.61
April 30 2018,Grays Harbor,WA,Passenger,47,52,99,46280,46379,0.21
March 31 2019,Anne Arundel,MD,Passenger,0,1,1,449,450,0.22
July 31 2019,Whatcom,WA,Truck,2,0,2,42920,42922,0
May 31 2020,Washoe,NV,Passenger,1,0,1,113,114,0.88
June 30 2024,Albemarle,VA,Passenger,1,0,1,12,13,7.69
April 30 2021,Thurston,WA,Passenger,1493,833,2326,197757,200083,1.16
November 30 2019,Okanogan,WA,Passenger,27,30,57,26219,26276,0.22
August 31 2019,San Diego,CA,Passenger,11,4,15,2754,2769,0.54
October 31 2018,Dallas,TX,Passenger,0,1,1,210,211,0.47
March 31 2023,Virginia Beach,VA,Passenger,4,1,5,473,478,1.05
October 31 2023,Ventura,CA,Passenger,2,3,5,217,222,2.25
May 31 2018,Santa Rosa,FL,Passenger,1,0,1,99,100,1
February 28 2021,DeKalb,IN,Passenger,1,0,1,0,1,100
March 31 2020,Powhatan,VA,Passenger,1,0,1,1,2,50
January 31 2023,Norfolk,VA,Passenger,2,3,5,294,299,1.67
July 31 2017,Stevens,WA,Truck,0,0,0,18208,18208,0
January 31 2021,Stafford,VA,Passenger,2,1,3,102,105,2.86
July 31 2017,Polk,FL,Passenger,1,0,1,67,68,1.47
April 30 2021,DeKalb,GA,Passenger,1,0,1,66,67,1.49
February 29 2020,Kern,CA,Passenger,0,1,1,224,225,0.44
April 30 2023,Franklin,WA,Passenger,299,133,432,61904,62336,0.69
August 31 2023,Asotin,WA,Truck,0,0,0,6638,6638,0
June 30 2023,Grays Harbor,WA,Truck,7,0,7,20960,20967,0.03
January 31 2018,Yakima,WA,Truck,0,0,0,58095,58095,0
October 31 2017,Charles,MD,Passenger,0,1,1,85,86,1.16
March 31 2019,Bucks,PA,Passenger,1,0,1,20,21,4.76
June 30 2021,Spokane,WA,Truck,0,0,0,102272,102272,0
May 31 2019,Skamania,WA,Truck,0,0,0,4053,4053,0
November 30 2021,Douglas,WA,Passenger,107,53,160,28602,28762,0.56
March 31 2022,San Bernardino,CA,Passenger,2,1,3,375,378,0.79
April 30 2017,,,Passenger,2,0,2,467,469,0.43
January 31 2022,Orange,FL,Passenger,2,0,2,111,113,1.77
January 31 2019,Jefferson,CO,Passenger,0,2,2,58,60,3.33
January 31 2020,Rogers,OK,Passenger,1,0,1,9,10,10
December 31 2017,Snohomish,WA,Passenger,2015,1050,3065,516818,519883,0.59
July 31 2019,Skagit,WA,Truck,1,0,1,32517,32518,0
June 30 2021,Boulder,CO,Passenger,1,1,2,53,55,3.64
June 30 2024,Hudson,NJ,Passenger,2,0,2,13,15,13.33
December 31 2020,Orange,NC,Passenger,0,1,1,13,14,7.14
July 31 2024,El Dorado,CA,Passenger,1,0,1,12,13,7.69
May 31 2024,New Castle,DE,Passenger,1,0,1,15,16,6.25
November 30 2022,Hanover,VA,Passenger,1,0,1,1,2,50
May 31 2021,Clallam,WA,Passenger,321,208,529,50406,50935,1.04
February 29 2024,Clallam,WA,Truck,29,0,29,21459,21488,0.13
September 30 2021,Jefferson,WA,Truck,0,0,0,9616,9616,0
December 31 2019,Harris,TX,Passenger,1,0,1,279,280,0.36
November 30 2020,Garfield,WA,Passenger,0,1,1,1361,1362,0.07
June 30 2022,DeKalb,GA,Passenger,1,0,1,55,56,1.79
August 31 2022,Pierce,WA,Passenger,5418,2391,7809,541673,549482,1.42
July 31 2020,Grant,WA,Truck,0,0,0,27167,27167,0
March 31 2017,Hardin,KY,Passenger,0,1,1,121,122,0.82
January 31 2018,Missoula,MT,Passenger,1,0,1,67,68,1.47
April 30 2024,Jefferson,KY,Passenger,1,0,1,32,33,3.03
March 31 2024,Currituck,NC,Passenger,1,0,1,17,18,5.56
April 30 2021,Garfield,WA,Passenger,0,2,2,1371,1373,0.15
March 31 2022,Dallas,TX,Passenger,1,0,1,138,139,0.72
May 31 2024,Fairfax,VA,Truck,1,0,1,78,79,1.27
October 31 2022,Leavenworth,KS,Passenger,0,1,1,93,94,1.06
July 31 2017,King,WA,Passenger,10251,4171,14422,1372865,1387287,1.04
June 30 2018,Pima,AZ,Passenger,1,1,2,438,440,0.45
August 31 2022,Maui,HI,Passenger,1,0,1,25,26,3.85
October 31 2021,Fairfax,VA,Passenger,6,3,9,702,711,1.27
July 31 2020,Goochland,VA,Passenger,3,1,4,275,279,1.43
December 31 2021,Ventura,CA,Passenger,2,3,5,270,275,1.82
June 30 2019,Klickitat,WA,Truck,0,0,0,8244,8244,0
June 30 2024,Collin,TX,Passenger,1,0,1,29,30,3.33
February 28 2021,Mercer,NJ,Passenger,0,1,1,10,11,9.09
May 31 2019,Sumter,FL,Passenger,0,1,1,11,12,8.33
July 31 2020,RÃ­o Grande,PR,Passenger,1,0,1,1,2,50
January 31 2022,Yakima,WA,Passenger,294,177,471,168183,168654,0.28
November 30 2018,Chelan,WA,Passenger,135,60,195,54058,54253,0.36
February 28 2019,Pend Oreille,WA,Passenger,5,5,10,9480,9490,0.11
September 30 2017,Duval,FL,Passenger,1,1,2,364,366,0.55
March 31 2018,Montgomery,TX,Passenger,1,0,1,64,65,1.54
September 30 2019,Sacramento,CA,Passenger,0,1,1,309,310,0.32
December 31 2023,Contra Costa,CA,Passenger,1,1,2,155,157,1.27
September 30 2020,El Paso,CO,Passenger,3,1,4,721,725,0.55
June 30 2017,Volusia,FL,Passenger,0,1,1,49,50,2
March 31 2024,Kauai,HI,Passenger,0,1,1,15,16,6.25
August 31 2021,Loudoun,VA,Passenger,1,0,1,74,75,1.33
July 31 2023,Kittitas,WA,Truck,10,0,10,14606,14616,0.07
June 30 2019,Manassas,VA,Passenger,0,1,1,9,10,10
January 31 2017,Manatee,FL,Passenger,1,0,1,62,63,1.59
May 31 2023,Spokane,WA,Truck,38,0,38,101651,101689,0.04
March 31 2020,Harford,MD,Passenger,0,1,1,61,62,1.61
April 30 2022,Whatcom,WA,Truck,4,0,4,43425,43429,0.01
September 30 2019,Island,WA,Truck,0,0,0,21280,21280,0
February 29 2024,Ferry,WA,Passenger,27,4,31,4279,4310,0.72
September 30 2021,San Mateo,CA,Passenger,1,0,1,103,104,0.96
January 31 2023,Burlington,NJ,Passenger,0,2,2,94,96,2.08
January 31 2021,Vigo,IN,Passenger,1,0,1,6,7,14.29
April 30 2024,San Diego,CA,Passenger,20,9,29,1816,1845,1.57
June 30 2020,Spokane,WA,Truck,1,0,1,98291,98292,0
February 28 2022,Chelan,WA,Truck,0,0,0,23057,23057,0
October 31 2020,Salt Lake,UT,Passenger,1,1,2,191,193,1.04
January 31 2023,District of Columbia,DC,Passenger,2,0,2,148,150,1.33
October 31 2017,Columbia,WA,Truck,0,0,0,1543,1543,0
October 31 2017,Chelan,WA,Truck,0,0,0,21487,21487,0
May 31 2017,Santa Clara,CA,Passenger,5,2,7,411,418,1.67
April 30 2020,DeKalb,IN,Passenger,1,0,1,1,2,50
March 31 2019,Adams,WA,Passenger,4,6,10,12625,12635,0.08
May 31 2017,Ventura,CA,Passenger,0,1,1,374,375,0.27
June 30 2017,Thurston,WA,Truck,0,0,0,53269,53269,0
September 30 2023,Sacramento,CA,Passenger,3,1,4,155,159,2.52
April 30 2023,Collier,FL,Passenger,1,0,1,14,15,6.67
March 31 2020,Monroe,IL,Passenger,1,0,1,3,4,25
March 31 2018,Snohomish,WA,Passenger,2132,1158,3290,517809,521099,0.63
June 30 2023,Kittitas,WA,Passenger,356,106,462,29350,29812,1.55
June 30 2019,Clackamas,OR,Passenger,1,1,2,219,221,0.9
January 31 2019,Washington,OR,Passenger,0,1,1,485,486,0.21
March 31 2024,Platte,MO,Passenger,2,0,2,18,20,10
April 30 2022,Danville,VA,Passenger,1,0,1,0,1,100
January 31 2019,Kittitas,WA,Passenger,69,36,105,29465,29570,0.36
July 31 2021,San Bernardino,CA,Passenger,1,0,1,394,395,0.25
August 31 2023,Dallas,TX,Passenger,2,0,2,83,85,2.35
May 31 2020,Polk,FL,Passenger,1,0,1,78,79,1.27
July 31 2024,Calvert,MD,Passenger,1,1,2,65,67,2.99
May 31 2022,Kitsap,WA,Passenger,2351,1031,3382,178172,181554,1.86
January 31 2019,Walla Walla,WA,Passenger,42,54,96,36128,36224,0.27
January 31 2017,Clark,WA,Truck,0,0,0,77508,77508,0
November 30 2020,Pacific,WA,Passenger,36,34,70,15723,15793,0.44
May 31 2024,Jefferson,WA,Truck,23,0,23,9101,9124,0.25
March 31 2019,Shasta,CA,Passenger,1,0,1,42,43,2.33
June 30 2021,Montgomery,OH,Passenger,0,1,1,56,57,1.75
January 31 2022,Penobscot,ME,Passenger,0,1,1,7,8,12.5
January 31 2023,Lewis,WA,Passenger,280,190,470,59677,60147,0.78
November 30 2017,Benton,WA,Truck,0,0,0,40499,40499,0
October 31 2018,Los Angeles,CA,Passenger,4,5,9,1166,1175,0.77
July 31 2019,Mercer,NJ,Passenger,0,1,1,15,16,6.25
June 30 2018,New Haven,CT,Passenger,0,1,1,49,50,2
December 31 2020,Santa Cruz,CA,Passenger,1,0,1,30,31,3.23
August 31 2020,Harford,MD,Passenger,0,1,1,60,61,1.64
February 29 2024,Pierce,WA,Passenger,10070,3314,13384,523169,536553,2.49
September 30 2017,Clallam,WA,Passenger,95,83,178,48612,48790,0.36
September 30 2022,Adams,WA,Truck,1,0,1,5421,5422,0.02
August 31 2017,Madison,ID,Passenger,1,0,1,36,37,2.7
October 31 2020,Travis,TX,Passenger,3,1,4,188,192,2.08
April 30 2018,Okanogan,WA,Truck,0,0,0,16349,16349,0
November 30 2019,Virginia Beach,VA,Passenger,1,0,1,701,702,0.14
August 31 2018,Shelby,TN,Passenger,0,1,1,105,106,0.94
February 29 2020,Sarasota,FL,Passenger,2,0,2,38,40,5
January 31 2022,Lake,IL,Passenger,3,0,3,166,169,1.78
March 31 2024,Howard,MD,Passenger,0,2,2,55,57,3.51
August 31 2018,Nassau,NY,Passenger,2,0,2,39,41,4.88
September 30 2020,Utah,UT,Passenger,0,1,1,141,142,0.7
September 30 2018,Thurston,WA,Truck,0,0,0,54629,54629,0
October 31 2021,Thurston,WA,Truck,0,0,0,56101,56101,0
March 31 2019,Mason,WA,Truck,0,0,0,20265,20265,0
June 30 2019,El Paso,TX,Passenger,3,0,3,471,474,0.63
March 31 2021,Rockingham,NH,Passenger,1,0,1,23,24,4.17
September 30 2021,Columbia,OR,Passenger,1,0,1,22,23,4.35
February 28 2019,Kent,MI,Passenger,0,1,1,24,25,4
July 31 2020,Whitman,WA,Passenger,45,49,94,22107,22201,0.42
July 31 2024,Asotin,WA,Passenger,51,26,77,12029,12106,0.64
February 29 2020,Monterey,CA,Passenger,0,1,1,191,192,0.52
October 31 2020,Collin,TX,Passenger,2,1,3,133,136,2.21
November 30 2023,Chelan,WA,Truck,39,0,39,23129,23168,0.17
December 31 2019,Pacific,WA,Passenger,30,30,60,16112,16172,0.37
December 31 2019,Pinal,AZ,Passenger,1,0,1,200,201,0.5
December 31 2022,Pulaski,AR,Passenger,3,0,3,27,30,10
July 31 2018,Adams,WA,Truck,0,0,0,5157,5157,0
May 31 2020,Palm Beach,FL,Passenger,0,2,2,82,84,2.38
October 31 2018,Madison,ID,Passenger,1,0,1,36,37,2.7
December 31 2023,Adams,WA,Passenger,29,15,44,13098,13142,0.33
September 30 2017,Walla Walla,WA,Passenger,27,28,55,35027,35082,0.16
July 31 2021,El Paso,CO,Passenger,3,1,4,690,694,0.58
March 31 2017,Anne Arundel,MD,Passenger,0,1,1,503,504,0.2
November 30 2023,Jefferson,NY,Passenger,2,0,2,184,186,1.08
January 31 2021,Mercer,NJ,Passenger,0,1,1,11,12,8.33
March 31 2024,Sacramento,CA,Truck,1,0,1,29,30,3.33
July 31 2017,Eagle,CO,Passenger,1,0,1,7,8,12.5
January 31 2019,Oldham,KY,Passenger,0,1,1,5,6,16.67
April 30 2020,Douglas,WA,Passenger,69,40,109,28009,28118,0.39
January 31 2018,Montgomery,TN,Passenger,1,0,1,276,277,0.36
April 30 2024,DuPage,IL,Passenger,2,1,3,24,27,11.11
March 31 2018,Brevard,FL,Passenger,0,1,1,102,103,0.97
October 31 2017,Canyon,ID,Passenger,0,1,1,98,99,1.01
February 29 2024,Monterey,CA,Passenger,0,4,4,126,130,3.08
September 30 2020,Whitman,WA,Truck,0,0,0,8497,8497,0
October 31 2018,Collier,FL,Passenger,1,0,1,22,23,4.35
February 28 2022,Louisa,VA,Passenger,0,1,1,1,2,50
April 30 2023,San Bernardino,CA,Passenger,3,1,4,318,322,1.24
June 30 2019,Pend Oreille,WA,Truck,0,0,0,5732,5732,0
May 31 2024,St. Lawrence,NY,Passenger,1,0,1,3,4,25
March 31 2017,Okanogan,WA,Passenger,3,16,19,25634,25653,0.07
July 31 2018,San Juan,WA,Passenger,149,62,211,14109,14320,1.47
November 30 2020,Chelan,WA,Truck,0,0,0,22762,22762,0
February 28 2019,Nueces,TX,Passenger,1,1,2,90,92,2.17
May 31 2024,Prince William,VA,Passenger,2,4,6,132,138,4.35
August 31 2017,Canyon,ID,Passenger,0,1,1,102,103,0.97
July 31 2019,Bucks,PA,Passenger,1,0,1,25,26,3.85
April 30 2019,Saratoga,NY,Passenger,1,0,1,55,56,1.79
April 30 2024,Charleston,SC,Passenger,1,2,3,42,45,6.67
February 29 2020,Cascade,MT,Passenger,0,1,1,60,61,1.64
November 30 2023,Richmond,NY,Passenger,1,0,1,4,5,20
June 30 2021,Kitsap,WA,Truck,0,0,0,54410,54410,0
August 31 2023,Los Angeles,CA,Passenger,8,4,12,652,664,1.81
August 31 2020,El Paso,CO,Passenger,3,1,4,719,723,0.55
December 31 2021,Salt Lake,UT,Passenger,2,1,3,178,181,1.66
August 31 2021,Polk,FL,Passenger,1,0,1,73,74,1.35
January 31 2020,Clay,FL,Passenger,0,1,1,89,90,1.11
November 30 2021,Mohave,AZ,Passenger,1,0,1,57,58,1.72
March 31 2020,Bucks,PA,Passenger,1,0,1,24,25,4
May 31 2021,Allen,IN,Passenger,1,0,1,20,21,4.76
March 31 2018,Whatcom,WA,Passenger,575,260,835,146072,146907,0.57
October 31 2022,Salt Lake,UT,Passenger,2,1,3,141,144,2.08
October 31 2022,Hamilton,OH,Truck,1,0,1,4,5,20
December 31 2021,San Juan,WA,Passenger,478,149,627,14181,14808,4.23
June 30 2022,Maricopa,AZ,Passenger,13,4,17,1072,1089,1.56
October 31 2017,Sacramento,CA,Passenger,1,1,2,337,339,0.59
October 31 2023,Bell,TX,Passenger,2,0,2,245,247,0.81
June 30 2023,New York,NY,Passenger,2,0,2,35,37,5.41
April 30 2019,DeKalb,GA,Passenger,1,0,1,84,85,1.18
March 31 2021,Dallas,IA,Passenger,0,1,1,10,11,9.09
September 30 2021,Clallam,WA,Passenger,359,229,588,50531,51119,1.15
June 30 2024,Onslow,NC,Passenger,0,1,1,112,113,0.88
April 30 2022,Yakima,WA,Truck,0,0,0,61503,61503,0
October 31 2019,Thurston,WA,Passenger,1003,685,1688,198946,200634,0.84
January 31 2022,Boulder,CO,Passenger,2,1,3,48,51,5.88
May 31 2021,Duval,FL,Passenger,0,2,2,353,355,0.56
February 28 2021,Plaquemines,LA,Passenger,0,1,1,14,15,6.67
June 30 2020,Bexar,TX,Passenger,2,5,7,624,631,1.11
April 30 2023,Thurston,WA,Truck,55,0,55,54014,54069,0.1
February 28 2018,Santa Clara,CA,Passenger,7,1,8,388,396,2.02
September 30 2019,Clay,FL,Passenger,0,1,1,87,88,1.14
May 31 2022,Travis,TX,Passenger,2,1,3,127,130,2.31
May 31 2019,Charles,MD,Passenger,0,1,1,89,90,1.11
April 30 2020,Benton,WA,Passenger,347,321,668,134507,135175,0.49
November 30 2023,Pacific,WA,Passenger,87,102,189,15529,15718,1.2
December 31 2020,Kittitas,WA,Truck,0,0,0,14646,14646,0
March 31 2022,Douglas,WA,Truck,0,0,0,12720,12720,0
January 31 2021,Oldham,KY,Passenger,0,1,1,4,5,20
November 30 2019,Ferry,WA,Passenger,5,2,7,4417,4424,0.16
April 30 2018,Pinal,AZ,Passenger,2,0,2,212,214,0.93
January 31 2024,Bell,TX,Passenger,2,0,2,221,223,0.9
September 30 2021,Suffolk,VA,Passenger,1,0,1,128,129,0.78
January 31 2021,Charles,MD,Passenger,1,1,2,77,79,2.53
February 29 2020,Chelan,WA,Passenger,216,78,294,54596,54890,0.54
July 31 2021,Chesapeake,VA,Passenger,0,2,2,419,421,0.48
March 31 2017,Juneau,AK,Passenger,0,1,1,55,56,1.79
February 28 2019,Wahkiakum,WA,Passenger,1,1,2,3018,3020,0.07
June 30 2018,Douglas,WA,Truck,0,0,0,11944,11944,0
January 31 2024,El Dorado,CA,Passenger,1,0,1,17,18,5.56
October 31 2021,Collier,FL,Passenger,1,0,1,18,19,5.26
October 31 2019,Chelan,WA,Passenger,191,75,266,54647,54913,0.48
March 31 2017,Salt Lake,UT,Passenger,1,1,2,308,310,0.65
April 30 2022,Allegheny,PA,Passenger,2,1,3,69,72,4.17
April 30 2020,Lake,IL,Passenger,1,0,1,176,177,0.56
April 30 2019,Franklin,WA,Truck,0,0,0,19210,19210,0
December 31 2023,Kings,NY,Passenger,2,0,2,36,38,5.26
March 31 2022,Grant,WA,Truck,0,0,0,28029,28029,0
October 31 2017,Sumter,FL,Passenger,0,1,1,11,12,8.33
February 29 2024,Franklin,WA,Passenger,401,175,576,62340,62916,0.92
September 30 2021,Skamania,WA,Passenger,53,39,92,8370,8462,1.09
June 30 2021,Douglas,CO,Passenger,0,1,1,83,84,1.19
October 31 2017,Tulare,CA,Passenger,1,0,1,193,194,0.52
December 31 2021,Newport,RI,Passenger,0,1,1,77,78,1.28
November 30 2017,Kitsap,WA,Passenger,677,367,1044,175364,176408,0.59
May 31 2017,Ferry,WA,Truck,0,0,0,3546,3546,0
November 30 2017,Anne Arundel,MD,Passenger,0,1,1,490,491,0.2
January 31 2022,El Paso,TX,Passenger,3,0,3,374,377,0.8
September 30 2019,Lake,FL,Passenger,1,0,1,24,25,4
December 31 2023,Chelan,WA,Passenger,759,210,969,54307,55276,1.75
February 28 2018,Clallam,WA,Truck,0,0,0,21291,21291,0
January 31 2020,Allegheny,PA,Passenger,2,0,2,84,86,2.33
March 31 2024,Yolo,CA,Passenger,2,0,2,21,23,8.7
December 31 2021,Okanogan,WA,Passenger,68,45,113,26572,26685,0.42
April 30 2020,Travis,TX,Passenger,3,1,4,198,202,1.98
December 31 2017,Skamania,WA,Truck,0,0,0,3896,3896,0
December 31 2023,Cumberland,PA,Passenger,1,1,2,33,35,5.71
November 30 2019,Skagit,WA,Passenger,349,210,559,92552,93111,0.6
June 30 2024,San Bernardino,CA,Passenger,2,1,3,239,242,1.24
March 31 2024,Bexar,TX,Passenger,1,3,4,334,338,1.18
January 31 2024,Escambia,FL,Passenger,0,1,1,120,121,0.83
June 30 2024,Bell,TX,Passenger,2,0,2,195,197,1.02
June 30 2021,Nueces,TX,Passenger,1,0,1,77,78,1.28
June 30 2023,Fairbanks North Star,AK,Passenger,0,1,1,56,57,1.75
August 31 2017,Allegheny,PA,Passenger,1,0,1,91,92,1.09
September 30 2020,Grays Harbor,WA,Truck,0,0,0,21086,21086,0
April 30 2022,Travis,TX,Passenger,2,1,3,130,133,2.26
February 29 2024,Suffolk,VA,Passenger,1,0,1,92,93,1.08
May 31 2023,Middlesex,NJ,Passenger,1,0,1,19,20,5
October 31 2022,Kootenai,ID,Truck,1,0,1,33,34,2.94
May 31 2018,Yakima,WA,Passenger,62,84,146,163616,163762,0.09
June 30 2024,Portsmouth,VA,Passenger,0,2,2,50,52,3.85
February 28 2018,Twin Falls,ID,Passenger,0,1,1,25,26,3.85
August 31 2021,Rockingham,NH,Passenger,1,0,1,20,21,4.76
November 30 2018,Spokane,WA,Passenger,407,358,765,306797,307562,0.25
July 31 2024,Lewis,WA,Truck,17,0,17,24831,24848,0.07
November 30 2022,Benton,WA,Truck,7,0,7,43369,43376,0.02
July 31 2019,Lewis,WA,Truck,0,0,0,25963,25963,0
April 30 2019,Allegheny,PA,Passenger,1,0,1,93,94,1.06
May 31 2024,Pima,AZ,Passenger,1,0,1,150,151,0.66
September 30 2022,Portsmouth,VA,Passenger,0,1,1,75,76,1.32
January 31 2017,Wayne,MI,Passenger,0,2,2,80,82,2.44
February 28 2021,Skagit,WA,Passenger,537,247,784,91285,92069,0.85
April 30 2022,Clallam,WA,Passenger,405,241,646,49792,50438,1.28
April 30 2020,Kittitas,WA,Passenger,101,49,150,29850,30000,0.5
October 31 2020,Chelan,WA,Passenger,265,82,347,54362,54709,0.63
May 31 2022,Cowlitz,WA,Truck,1,1,2,28576,28578,0.01
March 31 2023,Hennepin,MN,Passenger,1,0,1,45,46,2.17
August 31 2021,DuPage,IL,Passenger,3,1,4,55,59,6.78
March 31 2019,Allegheny,PA,Passenger,1,0,1,94,95,1.05
October 31 2022,San Diego,CA,Passenger,23,7,30,2375,2405,1.25
April 30 2021,Missoula,MT,Passenger,1,0,1,68,69,1.45
October 31 2019,Pend Oreille,WA,Truck,0,0,0,5737,5737,0
January 31 2022,Wilson,NC,Passenger,1,0,1,0,1,100
August 31 2017,Yakima,WA,Truck,0,0,0,57634,57634,0
August 31 2022,Sarasota,FL,Passenger,2,0,2,35,37,5.41
September 30 2020,Norfolk,VA,Passenger,2,2,4,346,350,1.14
April 30 2024,Washtenaw,MI,Passenger,0,2,2,16,18,11.11
August 31 2020,Flathead,MT,Passenger,2,0,2,62,64,3.12
January 31 2024,Galveston,TX,Passenger,0,1,1,13,14,7.14
January 31 2022,Garfield,WA,Passenger,0,3,3,1350,1353,0.22
October 31 2019,Volusia,FL,Passenger,0,1,1,44,45,2.22
June 30 2019,Cook,IL,Passenger,1,0,1,248,249,0.4
December 31 2018,Polk,FL,Passenger,1,0,1,69,70,1.43
December 31 2023,Pend Oreille,WA,Passenger,34,21,55,8768,8823,0.62
May 31 2021,Okanogan,WA,Truck,0,0,0,16742,16742,0
January 31 2017,Manassas,VA,Passenger,0,1,1,8,9,11.11
October 31 2022,Skamania,WA,Passenger,85,51,136,8077,8213,1.66
April 30 2023,Lewis,WA,Passenger,302,199,501,58867,59368,0.84
December 31 2023,Whitman,WA,Passenger,199,100,299,21948,22247,1.34
June 30 2020,Suffolk,VA,Passenger,1,0,1,127,128,0.78
November 30 2018,Palm Beach,FL,Passenger,0,2,2,93,95,2.11
May 31 2023,Harnett,NC,Passenger,4,0,4,139,143,2.8
April 30 2021,Ray,MO,Passenger,0,1,1,1,2,50
September 30 2020,Howard,IN,Passenger,0,1,1,3,4,25
October 31 2018,Kittitas,WA,Passenger,58,35,93,29275,29368,0.32
April 30 2021,Lewis,WA,Passenger,146,137,283,59746,60029,0.47
July 31 2018,Orange,CA,Passenger,4,1,5,570,575,0.87
May 31 2024,Santa Clara,CA,Passenger,13,1,14,136,150,9.33
October 31 2023,Harford,MD,Passenger,1,1,2,40,42,4.76
February 28 2021,Morris,NJ,Passenger,1,0,1,15,16,6.25
January 31 2023,Adams,CO,Passenger,1,0,1,36,37,2.7
June 30 2023,Sarpy,NE,Passenger,1,0,1,59,60,1.67
December 31 2023,Bartow,GA,Passenger,0,1,1,3,4,25
July 31 2020,Pima,AZ,Passenger,3,1,4,367,371,1.08
February 29 2024,Cowlitz,WA,Truck,14,0,14,27820,27834,0.05
July 31 2020,Multnomah,OR,Passenger,5,7,12,730,742,1.62
October 31 2022,Beaufort,SC,Passenger,1,0,1,31,32,3.12
June 30 2022,Wake,NC,Passenger,1,0,1,100,101,0.99
January 31 2023,Madison,IL,Passenger,2,0,2,16,18,11.11
July 31 2023,Currituck,NC,Passenger,1,0,1,19,20,5
November 30 2021,Harford,MD,Passenger,1,1,2,55,57,3.51
November 30 2018,Santa Cruz,CA,Passenger,1,0,1,42,43,2.33
April 30 2020,Spartanburg,SC,Passenger,0,1,1,53,54,1.85
April 30 2017,Albemarle,VA,Passenger,0,1,1,31,32,3.12
January 31 2018,Lumpkin,GA,Passenger,1,0,1,7,8,12.5
February 28 2019,Nassau,NY,Passenger,3,0,3,40,43,6.98
August 31 2021,Mercer,NJ,Passenger,0,1,1,10,11,9.09
January 31 2023,Anne Arundel,MD,Passenger,3,3,6,311,317,1.89
March 31 2019,Yakima,WA,Truck,0,0,0,58735,58735,0
July 31 2024,Adams,WA,Truck,4,0,4,5193,5197,0.08
January 31 2022,Harris,TX,Passenger,1,0,1,201,202,0.5
January 31 2019,Sedgwick,KS,Passenger,0,1,1,101,102,0.98
April 30 2023,Douglas,CO,Passenger,0,2,2,64,66,3.03
August 31 2022,Collin,TX,Passenger,4,0,4,91,95,4.21
December 31 2020,Jefferson,WA,Passenger,286,155,441,24794,25235,1.75
October 31 2022,Douglas,WA,Passenger,158,59,217,28407,28624,0.76
June 30 2024,Kitsap,WA,Truck,143,0,143,50904,51047,0.28
January 31 2017,Lewis,WA,Truck,0,0,0,24796,24796,0
July 31 2020,Washington,OR,Passenger,1,0,1,455,456,0.22
October 31 2021,Hamilton,IN,Passenger,2,0,2,35,37,5.41
September 30 2020,Lee,FL,Passenger,1,0,1,46,47,2.13
February 29 2020,Benton,WA,Passenger,337,320,657,135260,135917,0.48
May 31 2024,Chesapeake,VA,Passenger,2,0,2,250,252,0.79
July 31 2017,DeKalb,GA,Passenger,1,0,1,87,88,1.14
December 31 2022,Lake,IL,Passenger,2,0,2,136,138,1.45
November 30 2022,Asotin,WA,Truck,0,0,0,6667,6667,0
January 31 2021,Goochland,VA,Passenger,4,3,7,263,270,2.59
February 28 2022,Gwinnett,GA,Passenger,1,0,1,63,64,1.56
November 30 2018,Douglas,NE,Passenger,0,1,1,67,68,1.47
August 31 2021,Denton,TX,Passenger,1,0,1,83,84,1.19
May 31 2023,Columbia,WA,Truck,0,0,0,1552,1552,0
November 30 2019,Harnett,NC,Passenger,1,1,2,215,217,0.92
September 30 2023,Salt Lake,UT,Passenger,4,1,5,110,115,4.35
January 31 2021,Milwaukee,WI,Passenger,1,0,1,46,47,2.13
January 31 2017,Muscogee,GA,Passenger,0,1,1,265,266,0.38
May 31 2024,Douglas,NE,Passenger,0,1,1,25,26,3.85
December 31 2022,Fairbanks North Star,AK,Passenger,0,1,1,67,68,1.47
December 31 2019,Nassau,NY,Passenger,4,0,4,45,49,8.16
March 31 2018,Garfield,OK,Passenger,1,0,1,22,23,4.35
September 30 2023,Beaufort,SC,Passenger,1,0,1,28,29,3.45
September 30 2023,Sacramento,CA,Truck,1,0,1,30,31,3.23
June 30 2023,King,WA,Passenger,57636,14681,72317,1323933,1396250,5.18
February 28 2023,Kittitas,WA,Passenger,319,92,411,29508,29919,1.37
October 31 2022,Klickitat,WA,Truck,3,0,3,8239,8242,0.04
July 31 2019,Multnomah,OR,Passenger,5,6,11,764,775,1.42
March 31 2020,Cochise,AZ,Passenger,0,1,1,103,104,0.96
May 31 2020,Columbia,OR,Passenger,1,0,1,27,28,3.57
July 31 2021,Essex,NJ,Passenger,1,0,1,13,14,7.14
December 31 2021,Snohomish,WA,Passenger,7016,2233,9249,537040,546289,1.69
July 31 2022,Alameda,CA,Passenger,6,2,8,203,211,3.79
July 31 2024,York,VA,Passenger,1,0,1,58,59,1.69
December 31 2018,Beaufort,SC,Passenger,1,0,1,38,39,2.56
June 30 2018,Manassas,VA,Passenger,0,1,1,9,10,10
January 31 2021,Stevens,WA,Truck,0,0,0,18745,18745,0
September 30 2019,El Paso,CO,Passenger,3,2,5,751,756,0.66
May 31 2017,Charles,MD,Passenger,0,1,1,91,92,1.09
January 31 2017,Norfolk,MA,Passenger,1,0,1,40,41,2.44
June 30 2018,Riverside,CA,Passenger,2,2,4,711,715,0.56
October 31 2019,Cook,IL,Passenger,1,0,1,245,246,0.41
March 31 2023,Pacific,WA,Truck,3,0,3,7812,7815,0.04
June 30 2021,Larimer,CO,Passenger,1,0,1,45,46,2.17
December 31 2019,Vigo,IN,Passenger,1,0,1,6,7,14.29
March 31 2020,Fulton,GA,Passenger,1,3,4,109,113,3.54
May 31 2022,Stafford,VA,Passenger,2,1,3,97,100,3
March 31 2022,Contra Costa,CA,Passenger,0,2,2,242,244,0.82
October 31 2020,Pulaski,MO,Passenger,1,0,1,149,150,0.67
March 31 2022,Placer,CA,Passenger,2,0,2,78,80,2.5
May 31 2019,Oklahoma,OK,Passenger,0,1,1,129,130,0.77
June 30 2020,Sedgwick,KS,Passenger,1,1,2,95,97,2.06
March 31 2018,Essex,NJ,Passenger,1,0,1,13,14,7.14
September 30 2023,Lee,AL,Passenger,1,0,1,13,14,7.14
March 31 2024,Hamilton,OH,Passenger,2,0,2,25,27,7.41
April 30 2022,Clallam,WA,Truck,1,0,1,21978,21979,0
January 31 2017,Spokane,WA,Truck,1,0,1,90412,90413,0
April 30 2017,Saratoga,NY,Passenger,1,1,2,74,76,2.63
April 30 2021,Contra Costa,CA,Passenger,3,4,7,274,281,2.49
May 31 2024,Beaufort,SC,Passenger,1,0,1,25,26,3.85
May 31 2020,Rockingham,NH,Passenger,1,0,1,25,26,3.85
January 31 2024,Richmond,NY,Passenger,1,0,1,4,5,20
August 31 2021,Kitsap,WA,Passenger,1953,887,2840,180403,183243,1.55
March 31 2019,Caddo,LA,Passenger,0,1,1,26,27,3.7
December 31 2023,Alameda,CA,Passenger,5,2,7,152,159,4.4
May 31 2020,Moore,NC,Passenger,0,1,1,158,159,0.63
February 28 2018,Canyon,ID,Passenger,0,1,1,100,101,0.99
April 30 2024,Santa Barbara,CA,Passenger,1,0,1,57,58,1.72
June 30 2017,Dale,AL,Passenger,0,1,1,62,63,1.59
September 30 2018,Clark,WA,Passenger,1089,784,1873,309656,311529,0.6
June 30 2020,Chelan,WA,Passenger,231,78,309,54174,54483,0.57
July 31 2019,New London,CT,Passenger,0,1,1,238,239,0.42
February 28 2019,El Paso,TX,Passenger,2,0,2,488,490,0.41
July 31 2017,Essex,NJ,Passenger,1,0,1,16,17,5.88
March 31 2022,Queens,NY,Passenger,1,0,1,52,53,1.89
July 31 2024,Escambia,FL,Truck,1,0,1,21,22,4.55
August 31 2019,King,WA,Passenger,20000,7200,27200,1392426,1419626,1.92
May 31 2024,Grant,WA,Truck,25,0,25,27916,27941,0.09
June 30 2022,Orange,CA,Passenger,7,3,10,397,407,2.46
March 31 2024,Jefferson,WA,Truck,21,0,21,9188,9209,0.23
February 29 2020,Shelby,TN,Passenger,0,1,1,98,99,1.01
July 31 2018,Prince William,VA,Passenger,0,5,5,261,266,1.88
April 30 2019,Marion,OR,Passenger,1,0,1,120,121,0.83
November 30 2023,Harnett,NC,Passenger,4,1,5,131,136,3.68
October 31 2021,Lincoln,WA,Passenger,7,16,23,7700,7723,0.3
July 31 2022,Wake,NC,Passenger,1,0,1,98,99,1.01
September 30 2022,Washoe,NV,Passenger,1,0,1,69,70,1.43
February 28 2022,Wahkiakum,WA,Truck,0,0,0,1814,1814,0
April 30 2022,Clark,WA,Passenger,3861,1690,5551,317495,323046,1.72
May 31 2022,Pend Oreille,WA,Passenger,16,11,27,8998,9025,0.3
May 31 2020,Cowlitz,WA,Truck,0,0,0,28751,28751,0
July 31 2017,Sumter,FL,Passenger,0,1,1,11,12,8.33
December 31 2020,District of Columbia,DC,Passenger,2,1,3,185,188,1.6
November 30 2021,Rockdale,GA,Passenger,1,0,1,6,7,14.29
February 28 2023,Wilson,TX,Passenger,0,1,1,3,4,25
September 30 2021,Pulaski,MO,Passenger,1,0,1,131,132,0.76
August 31 2020,Chelan,WA,Truck,0,0,0,22662,22662,0
August 31 2019,Santa Rosa,FL,Passenger,1,0,1,90,91,1.1
February 29 2024,Hennepin,MN,Passenger,1,0,1,27,28,3.57
August 31 2022,Yakima,WA,Passenger,364,204,568,166369,166937,0.34
April 30 2023,Franklin,WA,Truck,4,0,4,20852,20856,0.02
December 31 2020,Alameda,CA,Passenger,4,0,4,278,282,1.42
December 31 2018,Shelby,TN,Passenger,0,1,1,103,104,0.96
May 31 2021,Pima,AZ,Passenger,2,1,3,318,321,0.93
May 31 2024,Lincoln,WA,Truck,1,0,1,4764,4765,0.02
July 31 2018,Dakota,MN,Passenger,0,2,2,35,37,5.41
January 31 2019,Manassas,VA,Passenger,0,1,1,9,10,10
January 31 2024,Hennepin,MN,Passenger,1,0,1,29,30,3.33
May 31 2018,Lewis,WA,Passenger,78,56,134,57568,57702,0.23
June 30 2021,Honolulu,HI,Passenger,5,2,7,443,450,1.56
January 31 2019,Kern,CA,Passenger,0,1,1,233,234,0.43
March 31 2019,Fresno,CA,Passenger,1,0,1,198,199,0.5
May 31 2023,Middlesex,MA,Passenger,2,0,2,86,88,2.27
March 31 2018,Spokane,WA,Passenger,304,273,577,301196,301773,0.19
November 30 2021,Garfield,WA,Passenger,0,3,3,1344,1347,0.22
March 31 2024,Charles,MD,Passenger,1,1,2,50,52,3.85
October 31 2020,Denver,CO,Passenger,1,0,1,118,119,0.84
June 30 2024,Grant,WA,Truck,25,0,25,27678,27703,0.09
March 31 2024,Okanogan,WA,Passenger,178,82,260,26108,26368,0.99
April 30 2019,DuPage,IL,Passenger,1,0,1,64,65,1.54
December 31 2023,Portsmouth,VA,Passenger,0,2,2,58,60,3.33
November 30 2022,Henrico,VA,Passenger,0,1,1,11,12,8.33
January 31 2017,Multnomah,OR,Passenger,0,3,3,1286,1289,0.23
October 31 2023,Benton,WA,Truck,31,0,31,43138,43169,0.07
April 30 2022,Collin,TX,Passenger,4,0,4,111,115,3.48
December 31 2017,Hamilton,TN,Passenger,1,0,1,23,24,4.17
May 31 2022,Nueces,TX,Passenger,1,1,2,61,63,3.17
June 30 2023,Denton,TX,Passenger,1,0,1,54,55,1.82
September 30 2022,Stevens,WA,Truck,1,0,1,18877,18878,0.01
March 31 2017,Jefferson,WA,Truck,0,0,0,9444,9444,0
May 31 2023,Galveston,TX,Passenger,0,1,1,16,17,5.88
March 31 2021,Salt Lake,UT,Passenger,1,1,2,192,194,1.03
December 31 2020,Rogers,OK,Passenger,1,0,1,7,8,12.5
February 28 2021,New London,CT,Passenger,1,2,3,226,229,1.31
March 31 2023,Jefferson,NY,Passenger,2,0,2,202,204,0.98
August 31 2023,Hoke,NC,Passenger,1,0,1,64,65,1.54
July 31 2017,King,WA,Truck,8,1,9,187209,187218,0
May 31 2021,Chelan,WA,Truck,0,0,0,23085,23085,0
February 28 2022,Mason,WA,Passenger,278,164,442,47683,48125,0.92
March 31 2021,Richland,SC,Passenger,0,1,1,141,142,0.7
August 31 2023,Lexington,SC,Passenger,1,0,1,20,21,4.76
April 30 2021,Nueces,TX,Passenger,1,0,1,82,83,1.2
May 31 2021,Clinton,PA,Passenger,1,0,1,0,1,100
July 31 2024,Wahkiakum,WA,Truck,5,0,5,1703,1708,0.29
May 31 2021,St. Mary's,MD,Passenger,1,0,1,207,208,0.48
August 31 2018,Utah,UT,Passenger,0,1,1,148,149,0.67
December 31 2022,Saratoga,NY,Passenger,1,0,1,41,42,2.38
July 31 2024,Clark,NV,Passenger,5,3,8,323,331,2.42
March 31 2023,Burlington,NJ,Passenger,2,2,4,92,96,4.17
April 30 2024,Kings,NY,Passenger,2,0,2,27,29,6.9
September 30 2019,Richland,SC,Passenger,0,1,1,156,157,0.64
April 30 2021,Los Angeles,CA,Passenger,9,11,20,974,994,2.01
February 28 2021,San Mateo,CA,Passenger,1,1,2,119,121,1.65
June 30 2018,Norfolk,VA,Passenger,2,2,4,331,335,1.19
February 28 2019,Randolph,NC,Passenger,1,0,1,6,7,14.29
March 31 2017,Skagit,WA,Passenger,119,91,210,87511,87721,0.24
April 30 2023,Pacific,WA,Passenger,74,90,164,15594,15758,1.04
June 30 2019,Ada,ID,Passenger,0,2,2,322,324,0.62
September 30 2020,Clallam,WA,Truck,1,0,1,21765,21766,0
August 31 2022,Fairbanks North Star,AK,Passenger,0,1,1,75,76,1.32
September 30 2019,Placer,CA,Passenger,1,0,1,104,105,0.95
July 31 2017,Walla Walla,WA,Passenger,27,26,53,34882,34935,0.15
September 30 2023,El Paso,CO,Passenger,5,2,7,493,500,1.4
November 30 2022,Moore,NC,Passenger,0,1,1,109,110,0.91
December 31 2019,Flathead,MT,Passenger,1,0,1,71,72,1.39
July 31 2023,Cumberland,PA,Passenger,1,0,1,35,36,2.78
August 31 2019,Manatee,FL,Passenger,1,0,1,38,39,2.56
February 28 2019,San Juan,WA,Truck,0,0,0,5798,5798,0
December 31 2020,Middlesex,MA,Passenger,1,0,1,97,98,1.02
November 30 2022,Pend Oreille,WA,Truck,0,0,0,5600,5600,0
December 31 2020,Fairbanks North Star,AK,Passenger,0,1,1,95,96,1.04
September 30 2022,Camden,NJ,Passenger,0,1,1,13,14,7.14
February 28 2023,Harrison,MS,Passenger,1,0,1,39,40,2.5
October 31 2022,Kauai,HI,Passenger,1,0,1,16,17,5.88
December 31 2023,Palm Beach,FL,Passenger,1,1,2,41,43,4.65
May 31 2019,Sacramento,CA,Passenger,0,1,1,304,305,0.33
January 31 2019,Penobscot,ME,Passenger,0,1,1,13,14,7.14
March 31 2023,Cass,MN,Passenger,0,1,1,2,3,33.33
January 31 2023,Columbia,WA,Passenger,8,1,9,2431,2440,0.37
January 31 2020,Cowlitz,WA,Passenger,127,111,238,73580,73818,0.32
August 31 2022,San Diego,CA,Passenger,23,7,30,2405,2435,1.23
December 31 2017,Maricopa,AZ,Passenger,1,1,2,1697,1699,0.12
May 31 2018,Virginia Beach,VA,Passenger,2,1,3,685,688,0.44
April 30 2017,Montgomery,MD,Passenger,1,0,1,313,314,0.32
May 31 2021,Hillsborough,FL,Passenger,0,2,2,161,163,1.23
July 31 2017,Lane,OR,Passenger,0,1,1,230,231,0.43
December 31 2022,Collier,FL,Passenger,1,0,1,15,16,6.25
July 31 2024,Chelan,WA,Passenger,873,253,1126,52745,53871,2.09
February 28 2017,Marin,CA,Passenger,1,0,1,60,61,1.64
February 28 2021,Frederick,MD,Passenger,1,1,2,63,65,3.08
January 31 2021,Polk,FL,Passenger,1,0,1,71,72,1.39
May 31 2021,Camden,NJ,Passenger,0,1,1,16,17,5.88
February 28 2021,Yakima,WA,Passenger,186,135,321,167439,167760,0.19
June 30 2019,Whatcom,WA,Passenger,854,427,1281,150653,151934,0.84
September 30 2018,Grant,WA,Passenger,33,50,83,63765,63848,0.13
December 31 2021,Cowlitz,WA,Passenger,274,163,437,71506,71943,0.61
April 30 2017,Marion,OR,Passenger,1,0,1,186,187,0.53
March 31 2024,Mason,WA,Truck,22,0,22,20353,20375,0.11
December 31 2022,St. Mary's,MD,Passenger,2,0,2,186,188,1.06
April 30 2021,Lee,FL,Passenger,1,0,1,41,42,2.38
October 31 2018,Maui,HI,Passenger,2,0,2,57,59,3.39
March 31 2020,Rogers,OK,Passenger,1,0,1,9,10,10
June 30 2019,RÃ­o Grande,PR,Passenger,1,0,1,1,2,50
September 30 2021,Kings,NY,Passenger,1,0,1,72,73,1.37
April 30 2017,New London,CT,Passenger,1,0,1,251,252,0.4
July 31 2017,Adams,WA,Truck,0,0,0,5123,5123,0
February 28 2022,Portsmouth,VA,Passenger,0,1,1,75,76,1.32
June 30 2023,Kootenai,ID,Truck,1,0,1,29,30,3.33
February 28 2023,Isle of Wight,VA,Passenger,0,1,1,18,19,5.26
August 31 2021,Clallam,WA,Truck,1,0,1,22008,22009,0
June 30 2021,Contra Costa,CA,Passenger,2,3,5,254,259,1.93
December 31 2019,Eagle,CO,Passenger,1,0,1,6,7,14.29
February 28 2021,King,WA,Passenger,28223,8446,36669,1363890,1400559,2.62
November 30 2022,Klickitat,WA,Passenger,119,53,172,15074,15246,1.13
February 28 2022,Virginia Beach,VA,Passenger,2,0,2,569,571,0.35
July 31 2019,Whitman,WA,Truck,0,0,0,8630,8630,0
November 30 2023,Asotin,WA,Truck,0,0,0,6621,6621,0
June 30 2018,Ventura,CA,Passenger,0,2,2,334,336,0.6
December 31 2019,Pinellas,FL,Passenger,1,1,2,117,119,1.68
March 31 2019,Saratoga,NY,Passenger,1,0,1,55,56,1.79
June 30 2024,Grant,WA,Passenger,435,191,626,66756,67382,0.93
February 28 2017,Adams,WA,Passenger,2,2,4,12125,12129,0.03
August 31 2020,Virginia Beach,VA,Passenger,1,0,1,662,663,0.15
November 30 2017,Santa Rosa,FL,Passenger,1,0,1,107,108,0.93
October 31 2018,Tarrant,TX,Passenger,1,0,1,209,210,0.48
November 30 2020,Fort Bend,TX,Passenger,1,0,1,42,43,2.33
October 31 2021,DuPage,IL,Passenger,3,1,4,54,58,6.9
February 28 2018,Lumpkin,GA,Passenger,1,0,1,7,8,12.5
February 28 2021,Wilson,TX,Passenger,0,1,1,6,7,14.29
April 30 2018,Snohomish,WA,Passenger,2188,1193,3381,518702,522083,0.65
May 31 2023,Pierce,WA,Passenger,7404,2709,10113,530719,540832,1.87
January 31 2017,Ferry,WA,Passenger,2,1,3,4388,4391,0.07
May 31 2022,Douglas,NE,Passenger,1,2,3,49,52,5.77
September 30 2020,Williamson,TX,Passenger,0,2,2,144,146,1.37
August 31 2023,Collin,TX,Passenger,4,0,4,48,52,7.69
October 31 2019,Putnam,TN,Passenger,0,1,1,3,4,25
November 30 2023,Skagit,WA,Passenger,1309,472,1781,88814,90595,1.97
September 30 2018,Okanogan,WA,Passenger,10,20,30,26045,26075,0.12
November 30 2020,Boulder,CO,Passenger,1,1,2,49,51,3.92
March 31 2018,Skamania,WA,Passenger,12,8,20,8664,8684,0.23
May 31 2019,Columbia,WA,Passenger,2,2,4,2443,2447,0.16
November 30 2018,Deschutes,OR,Passenger,3,0,3,175,178,1.69
June 30 2023,Skamania,WA,Truck,1,0,1,3845,3846,0.03
September 30 2018,Hardin,KY,Passenger,0,1,1,115,116,0.86
September 30 2022,Hardin,KY,Passenger,1,0,1,66,67,1.49
September 30 2021,Lake,IN,Passenger,0,1,1,10,11,9.09
February 29 2020,Kent,MI,Passenger,0,1,1,26,27,3.7
February 28 2018,Shelby,TN,Passenger,0,1,1,107,108,0.93
February 28 2021,Hawaii,HI,Passenger,1,0,1,55,56,1.79
April 30 2018,Walla Walla,WA,Passenger,34,40,74,35446,35520,0.21
March 31 2023,Whatcom,WA,Truck,48,0,48,42883,42931,0.11
May 31 2017,Columbia,WA,Truck,0,0,0,1538,1538,0
July 31 2022,Frederick,MD,Passenger,1,0,1,62,63,1.59
December 31 2020,Oldham,KY,Passenger,0,1,1,4,5,20
October 31 2019,Suffolk,MA,Passenger,0,1,1,41,42,2.38
July 31 2023,Chesapeake,VA,Passenger,2,1,3,307,310,0.97
August 31 2017,Montgomery,TX,Passenger,1,0,1,61,62,1.61
May 31 2018,Salt Lake,UT,Passenger,1,0,1,231,232,0.43
August 31 2018,Montgomery,PA,Passenger,2,0,2,35,37,5.41
April 30 2023,Lake,IN,Passenger,0,1,1,10,11,9.09
December 31 2017,Douglas,WA,Passenger,38,33,71,27169,27240,0.26
January 31 2019,San Diego,CA,Passenger,10,3,13,2590,2603,0.5
October 31 2022,Maui,HI,Passenger,1,0,1,26,27,3.7
August 31 2018,Manatee,FL,Passenger,1,0,1,41,42,2.38
April 30 2019,Benton,WA,Truck,0,0,0,41652,41652,0
February 28 2019,Pacific,WA,Truck,0,0,0,7628,7628,0
November 30 2022,Adams,WA,Truck,1,0,1,5395,5396,0.02
March 31 2022,Alameda,CA,Passenger,5,1,6,219,225,2.67
June 30 2017,Allegheny,PA,Passenger,1,0,1,94,95,1.05
May 31 2023,Los Angeles,CA,Passenger,6,4,10,716,726,1.38
September 30 2019,Shelby,TN,Passenger,0,1,1,98,99,1.01
June 30 2020,Greene,MO,Passenger,0,1,1,35,36,2.78
July 31 2023,Plaquemines,LA,Passenger,1,1,2,16,18,11.11
September 30 2022,Collier,FL,Passenger,1,0,1,15,16,6.25
August 31 2020,Snohomish,WA,Passenger,4643,1781,6424,535846,542270,1.18
February 28 2019,Stevens,WA,Truck,0,0,0,18752,18752,0
January 31 2022,Douglas,WA,Truck,0,0,0,12673,12673,0
April 30 2023,Wilson,TX,Passenger,0,1,1,3,4,25
August 31 2022,Rock Island,IL,Passenger,0,1,1,14,15,6.67
April 30 2019,Fulton,GA,Passenger,1,3,4,115,119,3.36
August 31 2020,Kittitas,WA,Passenger,109,47,156,29759,29915,0.52
February 28 2017,Clallam,WA,Passenger,75,64,139,47980,48119,0.29
June 30 2019,Riverside,CA,Passenger,2,2,4,670,674,0.59
July 31 2023,Asotin,WA,Passenger,37,23,60,12344,12404,0.48
October 31 2021,Larimer,CO,Passenger,1,0,1,45,46,2.17
September 30 2017,DeKalb,GA,Passenger,1,0,1,87,88,1.14
August 31 2022,Columbia,OR,Passenger,1,0,1,19,20,5
June 30 2024,Houston,GA,Passenger,1,0,1,30,31,3.23
May 31 2022,Clark,WA,Truck,5,0,5,82844,82849,0.01
October 31 2021,Montgomery,AL,Passenger,1,0,1,40,41,2.44
April 30 2019,Cascade,MT,Passenger,0,1,1,62,63,1.59
September 30 2020,Loudoun,VA,Passenger,1,0,1,84,85,1.18
November 30 2023,Sonoma,CA,Passenger,2,1,3,61,64,4.69
January 31 2023,Collin,TX,Passenger,4,0,4,70,74,5.41
January 31 2020,Clark,WA,Truck,0,0,0,81740,81740,0
April 30 2024,Placer,CA,Passenger,1,0,1,58,59,1.69
January 31 2022,Geary,KS,Passenger,1,0,1,94,95,1.05
February 28 2019,Franklin,WA,Truck,0,0,0,19109,19109,0
October 31 2020,Allegheny,PA,Passenger,2,0,2,82,84,2.38
August 31 2022,Hennepin,MN,Passenger,1,0,1,58,59,1.69
April 30 2023,Suffolk,VA,Passenger,1,0,1,111,112,0.89
April 30 2017,Tulare,CA,Passenger,1,0,1,195,196,0.51
March 31 2024,Alexandria,VA,Passenger,3,0,3,85,88,3.41
February 29 2024,Hoke,NC,Passenger,1,0,1,60,61,1.64
March 31 2024,Mohave,AZ,Passenger,1,0,1,25,26,3.85
January 31 2021,Kitsap,WA,Passenger,1607,764,2371,179169,181540,1.31
January 31 2017,Klickitat,WA,Passenger,20,22,42,14794,14836,0.28
September 30 2020,Charles,MD,Passenger,1,1,2,80,82,2.44
October 31 2021,Collin,TX,Passenger,3,0,3,118,121,2.48
March 31 2017,Bexar,TX,Passenger,1,2,3,1096,1099,0.27
October 31 2023,Skamania,WA,Truck,1,0,1,3815,3816,0.03
May 31 2024,Cumberland,NC,Passenger,3,2,5,277,282,1.77
April 30 2024,Norfolk,VA,Passenger,0,1,1,245,246,0.41
July 31 2024,Denton,TX,Passenger,1,0,1,29,30,3.33
June 30 2023,Doña Ana,NM,Passenger,1,0,1,11,12,8.33
November 30 2023,Tooele,UT,Passenger,2,0,2,10,12,16.67
March 31 2023,King,WA,Truck,567,2,569,176536,177105,0.32
September 30 2022,Jefferson,WA,Truck,3,0,3,9374,9377,0.03
February 28 2023,Grays Harbor,WA,Truck,2,0,2,21029,21031,0.01
June 30 2024,Adams,WA,Passenger,33,19,52,12903,12955,0.4
March 31 2024,Arapahoe,CO,Passenger,2,1,3,64,67,4.48
November 30 2018,Cook,IL,Passenger,1,0,1,255,256,0.39
April 30 2024,Collier,FL,Passenger,1,0,1,8,9,11.11
July 31 2021,Mercer,NJ,Passenger,0,1,1,11,12,8.33
September 30 2018,DeKalb,IN,Passenger,1,0,1,1,2,50
March 31 2024,Thurston,WA,Truck,113,0,113,53103,53216,0.21
February 28 2023,Adams,WA,Truck,2,0,2,5372,5374,0.04
January 31 2021,Whatcom,WA,Passenger,1253,564,1817,149986,151803,1.2
February 28 2022,Wahkiakum,WA,Passenger,17,11,28,3093,3121,0.9
March 31 2021,Harnett,NC,Passenger,1,1,2,191,193,1.04
September 30 2018,Yakima,WA,Truck,0,0,0,58678,58678,0
May 31 2017,Pima,AZ,Passenger,0,2,2,465,467,0.43
December 31 2019,Douglas,NE,Passenger,0,1,1,61,62,1.61
July 31 2022,Lincoln,WA,Truck,0,0,0,4829,4829,0
March 31 2017,Marin,CA,Passenger,1,0,1,60,61,1.64
November 30 2018,El Paso,CO,Passenger,3,2,5,777,782,0.64
January 31 2024,Richland,SC,Passenger,0,1,1,99,100,1
May 31 2019,Cascade,MT,Passenger,0,1,1,63,64,1.56
January 31 2017,Wahkiakum,WA,Passenger,0,1,1,2861,2862,0.03
December 31 2022,Montgomery,AL,Passenger,1,1,2,36,38,5.26
September 30 2021,Washington,OR,Passenger,1,0,1,390,391,0.26
December 31 2019,St. Mary's,MD,Passenger,1,0,1,211,212,0.47
March 31 2018,Whitman,WA,Truck,0,0,0,8456,8456,0
December 31 2018,Boulder,CO,Passenger,1,0,1,53,54,1.85
April 30 2019,Manatee,FL,Passenger,1,0,1,36,37,2.7
February 28 2023,Lexington,SC,Passenger,1,0,1,22,23,4.35
March 31 2024,Marion,IA,Passenger,1,0,1,0,1,100
August 31 2017,Skagit,WA,Passenger,141,112,253,88459,88712,0.29
April 30 2018,Whitman,WA,Passenger,20,24,44,22554,22598,0.19
October 31 2018,Douglas,WA,Truck,0,0,0,12074,12074,0
May 31 2019,San Mateo,CA,Passenger,2,1,3,129,132,2.27
May 31 2021,Broward,FL,Passenger,1,0,1,111,112,0.89
June 30 2021,Pierce,WA,Truck,0,0,0,145938,145938,0
June 30 2019,Oklahoma,OK,Passenger,0,1,1,132,133,0.75
July 31 2024,Marin,CA,Passenger,1,1,2,27,29,6.9
September 30 2023,Santa Cruz,CA,Passenger,1,0,1,21,22,4.55
March 31 2020,Alameda,CA,Passenger,3,1,4,295,299,1.34
February 28 2018,Utah,UT,Passenger,0,1,1,144,145,0.69
June 30 2017,Polk,FL,Passenger,1,0,1,68,69,1.45
September 30 2022,Tom Green,TX,Passenger,0,1,1,22,23,4.35
December 31 2017,Okaloosa,FL,Passenger,1,0,1,185,186,0.54
May 31 2022,Plaquemines,LA,Passenger,1,1,2,18,20,10
July 31 2024,Isle of Wight,VA,Passenger,0,1,1,15,16,6.25
November 30 2020,Eagle,CO,Passenger,1,0,1,7,8,12.5
April 30 2019,,,Passenger,4,2,6,413,419,1.43
March 31 2021,Ferry,WA,Passenger,10,3,13,4351,4364,0.3
January 31 2023,Jefferson,WA,Truck,6,0,6,9358,9364,0.06
December 31 2023,Anchorage,AK,Passenger,1,0,1,92,93,1.08
May 31 2018,Lincoln,WA,Passenger,2,6,8,7640,7648,0.1
August 31 2017,Adams,WA,Passenger,3,3,6,12180,12186,0.05
September 30 2017,Norfolk,VA,Passenger,1,1,2,314,316,0.63
February 29 2020,Grays Harbor,WA,Truck,0,0,0,20804,20804,0
August 31 2017,Grant,WA,Truck,0,0,0,25347,25347,0
December 31 2022,Stafford,VA,Passenger,3,1,4,90,94,4.26
January 31 2020,Hawaii,HI,Passenger,1,0,1,65,66,1.52
January 31 2022,Nueces,TX,Passenger,1,1,2,66,68,2.94
September 30 2019,Ferry,WA,Truck,0,0,0,3584,3584,0
February 28 2019,Skagit,WA,Passenger,279,187,466,91196,91662,0.51
February 28 2022,Columbia,WA,Passenger,6,1,7,2452,2459,0.28
November 30 2017,San Diego,CA,Passenger,5,2,7,2594,2601,0.27
January 31 2024,Rock Island,IL,Passenger,0,1,1,12,13,7.69
March 31 2019,Klamath,OR,Passenger,1,0,1,40,41,2.44
January 31 2017,Cowlitz,WA,Truck,0,0,0,27945,27945,0
October 31 2018,Grays Harbor,WA,Truck,0,0,0,20280,20280,0
December 31 2017,Norfolk,MA,Passenger,1,0,1,40,41,2.44
January 31 2018,Morris,NJ,Passenger,1,0,1,20,21,4.76
July 31 2023,Mason,WA,Passenger,467,213,680,46244,46924,1.45
April 30 2020,Island,WA,Passenger,405,271,676,62763,63439,1.07
April 30 2021,Island,WA,Passenger,582,307,889,63098,63987,1.39
November 30 2022,Skagit,WA,Passenger,907,352,1259,89315,90574,1.39
July 31 2024,Lewis,WA,Passenger,479,398,877,58058,58935,1.49
December 31 2017,Asotin,WA,Passenger,8,5,13,12512,12525,0.1
June 30 2023,Jefferson,WA,Passenger,558,256,814,24306,25120,3.24
February 28 2022,Franklin,WA,Truck,0,0,0,20903,20903,0
January 31 2018,Duval,FL,Passenger,1,2,3,366,369,0.81
February 28 2021,Stafford,VA,Passenger,2,1,3,103,106,2.83
July 31 2023,Ada,ID,Passenger,2,0,2,120,122,1.64
April 30 2019,Whatcom,WA,Passenger,824,393,1217,150025,151242,0.8
July 31 2021,Pacific,WA,Passenger,46,53,99,16010,16109,0.61
April 30 2018,Jefferson,NY,Passenger,1,0,1,221,222,0.45
February 28 2017,Wahkiakum,WA,Passenger,0,1,1,2843,2844,0.04
October 31 2019,New Haven,CT,Passenger,0,2,2,47,49,4.08
February 28 2019,Collin,TX,Passenger,1,1,2,155,157,1.27
December 31 2023,Marin,CA,Passenger,1,1,2,29,31,6.45
June 30 2018,Monroe,IL,Passenger,1,0,1,4,5,20
January 31 2019,Skamania,WA,Truck,0,0,0,4009,4009,0
April 30 2017,New Haven,CT,Passenger,0,1,1,59,60,1.67
May 31 2024,Sacramento,CA,Passenger,1,1,2,130,132,1.52
December 31 2020,Arapahoe,CO,Passenger,1,0,1,132,133,0.75
December 31 2023,Orange,CA,Passenger,7,2,9,299,308,2.92
July 31 2020,Island,WA,Passenger,430,273,703,62763,63466,1.11
January 31 2024,Moore,NC,Passenger,0,1,1,96,97,1.03
June 30 2018,Queens,NY,Passenger,1,0,1,62,63,1.59
November 30 2023,Marin,CA,Passenger,1,1,2,28,30,6.67
March 31 2023,Marion,IA,Passenger,1,0,1,0,1,100
December 31 2022,Grays Harbor,WA,Passenger,246,160,406,48598,49004,0.83
November 30 2018,Thurston,WA,Passenger,706,566,1272,195334,196606,0.65
December 31 2020,El Paso,TX,Passenger,3,0,3,404,407,0.74
October 31 2020,Dakota,MN,Passenger,0,1,1,29,30,3.33
August 31 2020,Carroll,NH,Passenger,0,1,1,4,5,20
April 30 2023,Spokane,WA,Passenger,2157,1029,3186,321668,324854,0.98
November 30 2021,San Bernardino,CA,Passenger,1,1,2,394,396,0.51
October 31 2020,Utah,UT,Passenger,0,1,1,140,141,0.71
March 31 2017,Chelan,WA,Truck,0,0,0,21217,21217,0
March 31 2023,King,WA,Passenger,52071,13142,65213,1320535,1385748,4.71
March 31 2022,Grant,WA,Passenger,151,100,251,66811,67062,0.37
July 31 2020,Grant,WA,Passenger,61,75,136,65266,65402,0.21
August 31 2021,Okanogan,WA,Truck,0,0,0,16740,16740,0
September 30 2022,Doña Ana,NM,Passenger,1,0,1,12,13,7.69
February 28 2019,Middlesex,MA,Passenger,1,0,1,119,120,0.83
December 31 2022,Snohomish,WA,Truck,91,0,91,122413,122504,0.07
April 30 2021,Lincoln,WA,Truck,0,0,0,4749,4749,0
January 31 2023,Columbia,WA,Truck,0,0,0,1572,1572,0
March 31 2019,Asotin,WA,Passenger,12,9,21,12656,12677,0.17
June 30 2019,Alameda,CA,Passenger,3,2,5,319,324,1.54
June 30 2021,Travis,TX,Passenger,3,3,6,180,186,3.23
December 31 2019,Queens,NY,Passenger,1,0,1,52,53,1.89
January 31 2022,Yellowstone,MT,Passenger,0,1,1,32,33,3.03
September 30 2017,Palm Beach,FL,Passenger,0,2,2,96,98,2.04
September 30 2019,Klamath,OR,Passenger,1,0,1,41,42,2.38
September 30 2022,Cumberland,NC,Passenger,2,4,6,372,378,1.59
September 30 2019,New London,CT,Passenger,0,1,1,238,239,0.42
August 31 2021,Harnett,NC,Passenger,1,1,2,178,180,1.11
July 31 2024,Garfield,WA,Truck,0,0,0,977,977,0
January 31 2019,Twin Falls,ID,Passenger,0,1,1,22,23,4.35
March 31 2024,Monterey,CA,Truck,1,0,1,27,28,3.57
October 31 2020,Botetourt,VA,Passenger,1,0,1,1,2,50
May 31 2023,St. Louis,MN,Passenger,0,1,1,8,9,11.11
June 30 2021,Champaign,IL,Passenger,1,0,1,10,11,9.09
December 31 2022,Asotin,WA,Passenger,29,20,49,12428,12477,0.39
January 31 2020,Ferry,WA,Passenger,5,2,7,4384,4391,0.16
June 30 2022,Pacific,WA,Truck,0,0,0,7905,7905,0
September 30 2021,Camden,NJ,Passenger,0,1,1,15,16,6.25
July 31 2017,Dakota,MN,Passenger,0,1,1,37,38,2.63
November 30 2022,Polk,OR,Passenger,0,1,1,22,23,4.35
April 30 2021,Henrico,VA,Passenger,0,1,1,18,19,5.26
January 31 2024,Salt Lake,UT,Passenger,5,1,6,95,101,5.94
March 31 2018,Okaloosa,FL,Passenger,1,0,1,178,179,0.56
December 31 2018,Montgomery,AL,Passenger,1,1,2,49,51,3.92
June 30 2023,Essex,NJ,Passenger,2,0,2,8,10,20
August 31 2022,Fairfax,VA,Truck,1,0,1,111,112,0.89
October 31 2021,Orange,NC,Passenger,0,1,1,12,13,7.69
January 31 2021,Clark,NV,Passenger,5,3,8,681,689,1.16
May 31 2021,Burlington,NJ,Passenger,0,1,1,125,126,0.79
June 30 2021,Nassau,NY,Passenger,2,0,2,36,38,5.26
April 30 2021,Howard,IN,Passenger,0,1,1,3,4,25
January 31 2021,Kittitas,WA,Passenger,133,52,185,29826,30011,0.62
February 28 2017,Riverside,CA,Passenger,1,1,2,852,854,0.23
December 31 2020,Chelan,WA,Truck,0,0,0,22787,22787,0
July 31 2020,Ada,ID,Passenger,0,1,1,281,282,0.35
August 31 2022,Allegheny,PA,Passenger,2,1,3,69,72,4.17
September 30 2021,Kern,CA,Passenger,0,1,1,199,200,0.5
May 31 2024,Brown,WI,Passenger,1,0,1,4,5,20
January 31 2021,Monroe,IL,Passenger,1,0,1,2,3,33.33
March 31 2022,Island,WA,Truck,1,0,1,21419,21420,0
December 31 2023,King,WA,Truck,1062,2,1064,172779,173843,0.61
September 30 2021,San Juan,WA,Truck,0,0,0,5981,5981,0
November 30 2023,DeKalb,GA,Passenger,2,0,2,38,40,5
May 31 2023,Mercer,NJ,Passenger,0,1,1,12,13,7.69
March 31 2018,Nantucket,MA,Passenger,1,0,1,4,5,20
July 31 2021,Kitsap,WA,Truck,0,0,0,54355,54355,0
August 31 2020,Pinal,AZ,Passenger,1,0,1,190,191,0.52
November 30 2022,Hennepin,MN,Passenger,1,0,1,52,53,1.89
January 31 2024,Essex,NJ,Passenger,2,0,2,7,9,22.22
October 31 2020,Oldham,KY,Passenger,0,1,1,4,5,20
May 31 2017,Travis,TX,Passenger,1,1,2,197,199,1.01
November 30 2023,Fairfax,VA,Passenger,8,3,11,560,571,1.93
March 31 2023,Asotin,WA,Truck,0,0,0,6627,6627,0
April 30 2019,Kitsap,WA,Truck,1,0,1,53865,53866,0
November 30 2022,Lane,OR,Passenger,0,2,2,96,98,2.04
March 31 2020,Okanogan,WA,Passenger,34,31,65,26052,26117,0.25
August 31 2021,Orange,CA,Passenger,6,2,8,438,446,1.79
March 31 2020,Island,WA,Truck,1,0,1,21251,21252,0
July 31 2024,Island,WA,Truck,61,0,61,20287,20348,0.3
July 31 2024,San Juan,WA,Truck,34,0,34,5734,5768,0.59
April 30 2023,Berkeley,SC,Passenger,0,1,1,109,110,0.91
September 30 2021,Newport,RI,Passenger,0,1,1,79,80,1.25
April 30 2018,Arlington,VA,Passenger,1,2,3,177,180,1.67
April 30 2020,Pima,AZ,Passenger,3,1,4,382,386,1.04
August 31 2018,Franklin,MA,Passenger,0,1,1,2,3,33.33
August 31 2017,Mason,WA,Passenger,59,71,130,43925,44055,0.3
January 31 2022,Chesapeake,VA,Passenger,2,1,3,405,408,0.74
February 28 2019,Orange,CA,Passenger,5,2,7,553,560,1.25
July 31 2024,Santa Clara,CA,Passenger,12,1,13,125,138,9.42
March 31 2021,Mercer,NJ,Passenger,0,1,1,10,11,9.09
July 31 2022,Chelan,WA,Passenger,477,125,602,54179,54781,1.1
July 31 2017,Wahkiakum,WA,Passenger,0,2,2,2836,2838,0.07
September 30 2021,Kings,CA,Passenger,1,0,1,333,334,0.3
August 31 2022,San Juan,WA,Truck,5,0,5,5949,5954,0.08
February 29 2024,Pend Oreille,WA,Truck,3,0,3,5584,5587,0.05
February 29 2020,Fairbanks North Star,AK,Passenger,0,1,1,101,102,0.98
February 28 2021,Kern,CA,Passenger,0,1,1,219,220,0.45
August 31 2023,Otero,NM,Passenger,0,1,1,25,26,3.85
December 31 2021,Wood,OH,Passenger,0,1,1,8,9,11.11
March 31 2019,Franklin,WA,Truck,0,0,0,19129,19129,0
February 28 2018,Klickitat,WA,Truck,0,0,0,8029,8029,0
December 31 2017,Skagit,WA,Truck,1,0,1,31722,31723,0
May 31 2024,Sarpy,NE,Passenger,1,0,1,51,52,1.92
July 31 2017,Santa Rosa,FL,Passenger,1,0,1,114,115,0.87
July 31 2021,El Paso,TX,Passenger,4,0,4,392,396,1.01
December 31 2020,Polk,FL,Passenger,1,0,1,72,73,1.37
January 31 2019,Thurston,WA,Passenger,770,589,1359,195924,197283,0.69
July 31 2018,Mason,WA,Passenger,87,91,178,45856,46034,0.39
January 31 2022,Adams,WA,Passenger,17,14,31,13018,13049,0.24
January 31 2020,Skamania,WA,Truck,0,0,0,4105,4105,0
June 30 2022,Bexar,TX,Passenger,3,3,6,480,486,1.23
October 31 2019,Juneau,AK,Passenger,0,2,2,31,33,6.06
December 31 2018,Norfolk,MA,Passenger,1,0,1,37,38,2.63
September 30 2017,Missoula,MT,Passenger,1,0,1,69,70,1.43
April 30 2018,Whitman,WA,Truck,0,0,0,8466,8466,0
September 30 2022,Franklin,WA,Truck,2,0,2,20908,20910,0.01
December 31 2019,Okanogan,WA,Passenger,30,30,60,26222,26282,0.23
March 31 2023,York,VA,Passenger,1,0,1,77,78,1.28
June 30 2020,Pulaski,MO,Passenger,1,0,1,151,152,0.66
December 31 2018,Ferry,WA,Truck,0,0,0,3584,3584,0
November 30 2019,Pend Oreille,WA,Truck,0,0,0,5731,5731,0
February 28 2018,Clark,WA,Passenger,888,616,1504,305252,306756,0.49
February 28 2019,Washoe,NV,Passenger,2,0,2,111,113,1.77
July 31 2017,Deschutes,OR,Passenger,1,0,1,204,205,0.49
June 30 2018,Kootenai,ID,Passenger,0,1,1,223,224,0.45
July 31 2020,Denton,TX,Passenger,1,0,1,96,97,1.03
May 31 2020,Washtenaw,MI,Passenger,1,0,1,35,36,2.78
March 31 2023,Mohave,AZ,Passenger,1,0,1,40,41,2.44
December 31 2020,Marion,IA,Passenger,1,0,1,1,2,50
April 30 2023,Douglas,NE,Passenger,1,1,2,31,33,6.06
October 31 2018,Orange,FL,Passenger,2,1,3,166,169,1.78
February 29 2020,Polk,FL,Passenger,1,0,1,79,80,1.25
April 30 2018,Clark,WA,Passenger,943,657,1600,306397,307997,0.52
March 31 2018,Walla Walla,WA,Passenger,32,36,68,35455,35523,0.19
June 30 2019,Lake,CA,Passenger,0,1,1,9,10,10
January 31 2018,Skagit,WA,Truck,1,0,1,31834,31835,0
August 31 2023,Harris,TX,Passenger,2,1,3,152,155,1.94
February 28 2017,Polk,FL,Passenger,1,0,1,67,68,1.47
September 30 2018,Allegheny,PA,Passenger,1,0,1,88,89,1.12
January 31 2023,Denton,TX,Passenger,2,0,2,57,59,3.39
February 28 2022,Albemarle,VA,Passenger,3,0,3,21,24,12.5
April 30 2024,Spotsylvania,VA,Passenger,0,1,1,21,22,4.55
July 31 2018,Clark,NV,Passenger,2,3,5,758,763,0.66
January 31 2019,Bucks,PA,Passenger,1,0,1,19,20,5
September 30 2019,Bucks,PA,Passenger,1,0,1,27,28,3.57
February 28 2021,Bexar,TX,Passenger,3,5,8,592,600,1.33
November 30 2022,Duval,FL,Passenger,1,1,2,288,290,0.69
September 30 2021,Allegheny,PA,Passenger,2,1,3,78,81,3.7
June 30 2020,Ventura,CA,Passenger,1,1,2,296,298,0.67
March 31 2023,San Diego,CA,Passenger,23,7,30,2278,2308,1.3
January 31 2017,Asotin,WA,Passenger,4,3,7,12315,12322,0.06
August 31 2021,El Paso,TX,Passenger,4,0,4,385,389,1.03
June 30 2019,Broward,FL,Passenger,2,1,3,128,131,2.29
April 30 2023,Champaign,IL,Passenger,1,0,1,11,12,8.33
January 31 2018,Dale,AL,Passenger,0,1,1,63,64,1.56
August 31 2020,Asotin,WA,Passenger,17,14,31,12344,12375,0.25
April 30 2018,Asotin,WA,Passenger,8,6,14,12632,12646,0.11
July 31 2021,Alexandria,VA,Passenger,3,0,3,124,127,2.36
January 31 2021,Dakota,MN,Passenger,0,1,1,28,29,3.45
March 31 2020,Whitman,WA,Truck,0,0,0,8548,8548,0
February 28 2019,Santa Cruz,CA,Passenger,1,0,1,43,44,2.27
December 31 2020,Klamath,OR,Passenger,1,0,1,33,34,2.94
March 31 2022,Broward,FL,Passenger,2,0,2,95,97,2.06
June 30 2021,Oldham,KY,Passenger,0,1,1,4,5,20
October 31 2022,Napa,CA,Passenger,0,1,1,14,15,6.67
August 31 2021,Williams,ND,Passenger,0,1,1,7,8,12.5
February 28 2021,Kitsap,WA,Truck,0,0,0,54238,54238,0
September 30 2018,Kitsap,WA,Truck,1,0,1,53534,53535,0
October 31 2021,Thurston,WA,Passenger,1797,921,2718,196794,199512,1.36
June 30 2018,Whitman,WA,Passenger,19,28,47,22599,22646,0.21
July 31 2020,Riverside,CA,Passenger,3,1,4,631,635,0.63
December 31 2021,Arlington,VA,Passenger,1,0,1,139,140,0.71
February 28 2019,Frederick,MD,Passenger,1,1,2,77,79,2.53
July 31 2022,Anchorage,AK,Passenger,2,0,2,138,140,1.43
November 30 2021,Spartanburg,SC,Passenger,0,1,1,49,50,2
February 29 2024,Richland,SC,Passenger,0,1,1,94,95,1.05
December 31 2023,Columbia,WA,Passenger,12,0,12,2413,2425,0.49
September 30 2021,Grays Harbor,WA,Truck,0,0,0,21394,21394,0
August 31 2020,Washington,OR,Passenger,1,0,1,456,457,0.22
November 30 2019,Lincoln,WA,Passenger,1,11,12,7796,7808,0.15
April 30 2017,Madison,ID,Passenger,1,0,1,40,41,2.44
July 31 2024,Doña Ana,NM,Passenger,1,0,1,8,9,11.11
November 30 2017,Lake,CA,Passenger,0,1,1,10,11,9.09
February 28 2022,Manassas,VA,Passenger,0,1,1,6,7,14.29
August 31 2019,Skamania,WA,Truck,0,0,0,4074,4074,0
August 31 2019,Washoe,NV,Passenger,2,0,2,115,117,1.71
March 31 2020,Mercer,NJ,Passenger,0,1,1,15,16,6.25
August 31 2021,Marion,IA,Passenger,1,0,1,1,2,50
March 31 2017,King,WA,Passenger,9316,3785,13101,1382352,1395453,0.94
December 31 2020,Rockingham,NH,Passenger,1,0,1,21,22,4.55
March 31 2020,Douglas,WA,Passenger,71,40,111,28164,28275,0.39
December 31 2019,Grays Harbor,WA,Passenger,105,100,205,48380,48585,0.42
December 31 2020,Cowlitz,WA,Truck,0,0,0,28923,28923,0
August 31 2023,Salt Lake,UT,Passenger,4,1,5,113,118,4.24
November 30 2019,Grant,WA,Passenger,53,65,118,65489,65607,0.18
February 28 2019,Kern,CA,Passenger,0,1,1,234,235,0.43
December 31 2019,Broward,FL,Passenger,2,1,3,129,132,2.27
April 30 2023,Clark,NV,Passenger,10,3,13,470,483,2.69
April 30 2019,Klamath,OR,Passenger,1,0,1,40,41,2.44
November 30 2019,Solano,CA,Passenger,1,0,1,210,211,0.47
December 31 2017,Jefferson,WA,Passenger,121,74,195,24278,24473,0.8
September 30 2023,Grant,WA,Passenger,328,148,476,67357,67833,0.7
June 30 2021,Grant,WA,Passenger,107,89,196,66932,67128,0.29
July 31 2024,Walla Walla,WA,Passenger,309,164,473,34229,34702,1.36
January 31 2024,Wahkiakum,WA,Passenger,32,22,54,3041,3095,1.74
September 30 2022,Yakima,WA,Truck,3,0,3,61359,61362,0
February 28 2021,Honolulu,HI,Passenger,5,2,7,455,462,1.52
October 31 2023,Monterey,CA,Passenger,0,3,3,128,131,2.29
July 31 2019,Chelan,WA,Passenger,161,68,229,54426,54655,0.42
August 31 2023,Kent,DE,Passenger,1,0,1,43,44,2.27
February 28 2019,Chelan,WA,Truck,0,0,0,22089,22089,0
January 31 2021,Ulster,NY,Passenger,1,0,1,12,13,7.69
October 31 2021,Norfolk,MA,Passenger,1,0,1,28,29,3.45
June 30 2024,Franklin,WA,Passenger,452,184,636,61539,62175,1.02
August 31 2020,Clallam,WA,Passenger,239,171,410,49935,50345,0.81
September 30 2022,Santa Clara,CA,Passenger,14,1,15,249,264,5.68
May 31 2020,Riverside,CA,Passenger,3,1,4,646,650,0.62
June 30 2024,Newport,RI,Passenger,0,2,2,50,52,3.85
April 30 2023,Klickitat,WA,Passenger,138,60,198,15140,15338,1.29
February 28 2022,Duval,FL,Passenger,0,2,2,322,324,0.62
May 31 2021,Fairbanks North Star,AK,Passenger,0,1,1,91,92,1.09
August 31 2022,Salt Lake,UT,Passenger,2,1,3,146,149,2.01
March 31 2020,Kern,CA,Passenger,0,1,1,221,222,0.45
March 31 2023,Stevens,WA,Passenger,102,59,161,29752,29913,0.54
October 31 2017,Columbia,WA,Passenger,1,1,2,2393,2395,0.08
January 31 2017,Grays Harbor,WA,Passenger,27,24,51,44307,44358,0.11
October 31 2022,New York,NY,Passenger,2,0,2,38,40,5
October 31 2021,Clallam,WA,Truck,1,0,1,22043,22044,0
December 31 2017,Snohomish,WA,Truck,1,0,1,121401,121402,0
September 30 2023,Snohomish,WA,Truck,206,0,206,121062,121268,0.17
March 31 2022,Mason,WA,Truck,0,0,0,21133,21133,0
January 31 2023,Kittitas,WA,Passenger,309,94,403,29517,29920,1.35
July 31 2024,Ferry,WA,Passenger,32,4,36,4166,4202,0.86
June 30 2021,Alameda,CA,Passenger,4,0,4,253,257,1.56
January 31 2018,Richland,SC,Passenger,0,1,1,176,177,0.56
June 30 2017,Eagle,CO,Passenger,1,0,1,7,8,12.5
October 31 2020,Clallam,WA,Truck,1,0,1,21759,21760,0
June 30 2023,Madison,IL,Passenger,2,0,2,16,18,11.11
July 31 2020,Boone,MO,Passenger,0,1,1,10,11,9.09
April 30 2021,Okanogan,WA,Passenger,59,36,95,26395,26490,0.36
August 31 2017,Prince George's,MD,Passenger,0,1,1,187,188,0.53
July 31 2023,Dallas,TX,Passenger,2,0,2,87,89,2.25
July 31 2024,Yuba,CA,Passenger,1,0,1,48,49,2.04
April 30 2021,Pennington,SD,Passenger,1,0,1,31,32,3.12
January 31 2024,San Diego,CA,Truck,1,0,1,411,412,0.24
May 31 2021,Williams,ND,Passenger,0,1,1,7,8,12.5
June 30 2020,Yakima,WA,Passenger,132,119,251,165302,165553,0.15
March 31 2023,Pierce,WA,Passenger,6823,2623,9446,533127,542573,1.74
October 31 2020,Santa Cruz,CA,Passenger,1,0,1,33,34,2.94
April 30 2020,Penobscot,ME,Passenger,0,1,1,15,16,6.25
October 31 2019,Whitman,WA,Passenger,38,45,83,22701,22784,0.36
May 31 2023,Kittitas,WA,Passenger,342,104,446,29396,29842,1.49
October 31 2022,Cumberland,NC,Passenger,2,4,6,367,373,1.61
April 30 2021,Lincoln,WA,Passenger,5,13,18,7745,7763,0.23
June 30 2024,Orange,CA,Passenger,5,1,6,245,251,2.39
February 29 2020,Pacific,WA,Truck,0,0,0,7740,7740,0
July 31 2023,Hennepin,MN,Passenger,1,0,1,41,42,2.38
June 30 2021,Island,WA,Passenger,617,316,933,63084,64017,1.46
March 31 2019,Stevens,WA,Passenger,19,27,46,31615,31661,0.15
October 31 2023,Pacific,WA,Passenger,86,100,186,15522,15708,1.18
March 31 2018,Travis,TX,Passenger,1,1,2,199,201,1
December 31 2020,Flathead,MT,Passenger,2,0,2,58,60,3.33
January 31 2017,Loudoun,VA,Passenger,0,1,1,89,90,1.11
April 30 2022,Sonoma,CA,Passenger,0,1,1,86,87,1.15
May 31 2019,Juneau,AK,Passenger,0,2,2,34,36,5.56
May 31 2023,Anchorage,AK,Passenger,1,0,1,112,113,0.88
December 31 2021,Manassas,VA,Passenger,0,1,1,6,7,14.29
March 31 2023,Okanogan,WA,Passenger,113,58,171,26065,26236,0.65
October 31 2023,Chelan,WA,Passenger,708,195,903,54187,55090,1.64
April 30 2024,Salt Lake,UT,Passenger,5,1,6,87,93,6.45
August 31 2019,Carson City,NV,Passenger,1,0,1,11,12,8.33
March 31 2017,Portsmouth,VA,Passenger,0,1,1,65,66,1.52
January 31 2024,Washtenaw,MI,Passenger,0,2,2,18,20,10
September 30 2021,Baltimore,MD,Passenger,1,0,1,106,107,0.93
January 31 2022,Botetourt,VA,Passenger,1,0,1,1,2,50
February 28 2023,Leavenworth,KS,Passenger,0,1,1,92,93,1.08
January 31 2024,Benton,WA,Passenger,1437,668,2105,135633,137738,1.53
May 31 2020,Ventura,CA,Passenger,1,1,2,301,303,0.66
January 31 2022,Washtenaw,MI,Passenger,0,1,1,31,32,3.12
January 31 2020,Collier,FL,Passenger,1,0,1,20,21,4.76
July 31 2023,Lane,OR,Passenger,0,2,2,76,78,2.56
August 31 2023,Carroll,MD,Passenger,0,1,1,18,19,5.26
November 30 2022,Clinton,PA,Passenger,1,0,1,1,2,50
January 31 2021,El Paso,CO,Passenger,3,1,4,708,712,0.56
March 31 2024,Salt Lake,UT,Passenger,5,1,6,89,95,6.32
January 31 2022,Sedgwick,KS,Passenger,0,1,1,84,85,1.18
January 31 2024,Montgomery,AL,Passenger,1,1,2,32,34,5.88
August 31 2023,Lincoln,WA,Passenger,21,21,42,7622,7664,0.55
October 31 2020,El Paso,CO,Passenger,3,1,4,714,718,0.56
June 30 2018,Montgomery,TX,Passenger,1,0,1,66,67,1.49
August 31 2023,Marin,CA,Passenger,1,1,2,32,34,5.88
April 30 2020,Douglas,NE,Passenger,0,1,1,59,60,1.67
May 31 2023,Clallam,WA,Passenger,537,281,818,48966,49784,1.64
May 31 2021,Mercer,NJ,Passenger,0,1,1,10,11,9.09
February 29 2024,Duval,FL,Passenger,1,0,1,212,213,0.47
May 31 2021,Sacramento,CA,Passenger,2,1,3,253,256,1.17
February 29 2024,Yakima,WA,Truck,18,0,18,60817,60835,0.03
May 31 2020,San Juan,WA,Truck,0,0,0,5859,5859,0
August 31 2022,Lake,IN,Passenger,0,1,1,10,11,9.09
January 31 2019,Columbia,WA,Passenger,2,2,4,2423,2427,0.16
September 30 2020,El Dorado,CA,Passenger,1,0,1,36,37,2.7
February 28 2023,Marin,CA,Passenger,1,1,2,34,36,5.56
October 31 2022,Tarrant,TX,Passenger,3,0,3,116,119,2.52
March 31 2017,Monroe,NY,Passenger,1,0,1,30,31,3.23
May 31 2023,Yellowstone,MT,Passenger,0,1,1,17,18,5.56
November 30 2023,Washington,MD,Passenger,1,0,1,14,15,6.67
June 30 2020,San Juan,WA,Passenger,302,93,395,13960,14355,2.75
November 30 2019,Duval,FL,Passenger,1,2,3,373,376,0.8
June 30 2017,Franklin,WA,Truck,0,0,0,18118,18118,0
June 30 2023,Autauga,AL,Passenger,2,0,2,13,15,13.33
February 28 2019,Ada,ID,Passenger,0,2,2,320,322,0.62
August 31 2022,Yellowstone,MT,Passenger,0,1,1,21,22,4.55
June 30 2017,Kitsap,WA,Passenger,606,319,925,173359,174284,0.53
December 31 2019,Lewis,WA,Passenger,106,104,210,59540,59750,0.35
March 31 2017,Grant,WA,Truck,0,0,0,25044,25044,0
April 30 2017,Grays Harbor,WA,Truck,0,0,0,19846,19846,0
January 31 2018,Clark,NV,Passenger,2,3,5,762,767,0.65
September 30 2019,Deschutes,OR,Passenger,4,0,4,168,172,2.33
April 30 2017,Wayne,MI,Passenger,0,1,1,73,74,1.35
May 31 2022,Meade,KY,Passenger,1,0,1,25,26,3.85
January 31 2023,Clark,WA,Passenger,5072,2071,7143,314259,321402,2.22
May 31 2020,Wahkiakum,WA,Passenger,6,6,12,2965,2977,0.4
August 31 2023,Mercer,NJ,Passenger,0,1,1,12,13,7.69
September 30 2021,Fort Bend,TX,Passenger,1,0,1,37,38,2.63
May 31 2024,Maui,HI,Passenger,1,0,1,18,19,5.26
April 30 2018,Thurston,WA,Passenger,522,444,966,191700,192666,0.5
February 28 2018,Norfolk,MA,Passenger,1,0,1,41,42,2.38
October 31 2023,Chesterfield,VA,Passenger,1,0,1,34,35,2.86
November 30 2023,Escambia,FL,Truck,1,0,1,25,26,3.85
February 28 2017,Walla Walla,WA,Passenger,17,21,38,34779,34817,0.11
November 30 2021,Bexar,TX,Passenger,2,4,6,528,534,1.12
August 31 2019,Sedgwick,KS,Passenger,1,1,2,100,102,1.96
April 30 2022,Essex,MA,Passenger,1,0,1,16,17,5.88
June 30 2024,Thurston,WA,Truck,137,0,137,52542,52679,0.26
March 31 2021,Clark,NV,Passenger,5,3,8,679,687,1.16
January 31 2023,Tarrant,TX,Passenger,2,0,2,105,107,1.87
January 31 2023,Wichita,TX,Passenger,1,0,1,39,40,2.5
June 30 2019,Harnett,NC,Passenger,1,1,2,221,223,0.9
December 31 2021,El Paso,CO,Passenger,2,1,3,673,676,0.44
November 30 2017,Montgomery,MD,Passenger,1,0,1,309,310,0.32
May 31 2022,Nassau,NY,Passenger,3,0,3,35,38,7.89
May 31 2019,Riverside,CA,Passenger,2,2,4,673,677,0.59
November 30 2019,Honolulu,HI,Passenger,4,2,6,502,508,1.18
March 31 2021,Klickitat,WA,Truck,0,0,0,8164,8164,0
August 31 2021,Grant,WA,Truck,0,0,0,27979,27979,0
October 31 2018,Marion,IN,Passenger,1,0,1,121,122,0.82
September 30 2020,Frederick,MD,Passenger,1,1,2,67,69,2.9
February 29 2024,Escambia,FL,Truck,1,0,1,23,24,4.17
December 31 2021,Skamania,WA,Passenger,60,42,102,8303,8405,1.21
July 31 2021,Camden,NJ,Passenger,0,1,1,15,16,6.25
February 28 2018,Dakota,MN,Passenger,0,2,2,37,39,5.13
March 31 2020,Klamath,OR,Passenger,1,0,1,38,39,2.56
April 30 2021,Mercer,NJ,Passenger,0,1,1,10,11,9.09
May 31 2022,Santa Cruz,CA,Passenger,1,0,1,28,29,3.45
May 31 2017,Whatcom,WA,Passenger,456,167,623,142647,143270,0.43
December 31 2018,Okanogan,WA,Passenger,16,22,38,26059,26097,0.15
February 28 2023,Mason,WA,Passenger,393,197,590,46600,47190,1.25
November 30 2019,El Paso,CO,Passenger,3,2,5,752,757,0.66
July 31 2023,Riverside,CA,Passenger,7,0,7,404,411,1.7
February 28 2021,Platte,MO,Passenger,1,0,1,20,21,4.76
June 30 2018,Sangamon,IL,Passenger,1,0,1,11,12,8.33
August 31 2017,Dakota,MN,Passenger,0,2,2,37,39,5.13
August 31 2018,Hennepin,MN,Passenger,1,0,1,112,113,0.88
July 31 2018,Ferry,WA,Truck,0,0,0,3534,3534,0
May 31 2022,Hanover,VA,Passenger,1,0,1,1,2,50
February 28 2021,Grant,WA,Passenger,90,86,176,66046,66222,0.27
November 30 2020,Yakima,WA,Passenger,167,122,289,166946,167235,0.17
June 30 2023,Stevens,WA,Truck,1,0,1,18711,18712,0.01
July 31 2022,Contra Costa,CA,Passenger,0,3,3,222,225,1.33
November 30 2017,El Paso,TX,Passenger,1,0,1,517,518,0.19
March 31 2020,Clark,NV,Passenger,4,3,7,717,724,0.97
December 31 2020,San Mateo,CA,Passenger,1,1,2,122,124,1.61
April 30 2023,Orange,FL,Passenger,1,0,1,71,72,1.39
December 31 2019,Allegheny,PA,Passenger,2,0,2,84,86,2.33
September 30 2022,Suffolk,VA,Passenger,1,0,1,121,122,0.82
May 31 2023,Bexar,TX,Passenger,3,3,6,401,407,1.47
November 30 2017,Skagit,WA,Truck,1,0,1,31676,31677,0
June 30 2023,Franklin,WA,Truck,5,0,5,20901,20906,0.02
December 31 2020,Sarasota,FL,Passenger,2,0,2,37,39,5.13
May 31 2020,Howard,MD,Passenger,0,1,1,82,83,1.2
January 31 2018,Santa Fe,NM,Passenger,0,1,1,44,45,2.22
October 31 2022,Oldham,KY,Passenger,0,1,1,4,5,20
December 31 2022,Fulton,GA,Passenger,1,1,2,72,74,2.7
January 31 2021,Riverside,CA,Passenger,4,1,5,608,613,0.82
June 30 2021,Asotin,WA,Truck,0,0,0,6786,6786,0
June 30 2017,Orange,CA,Passenger,3,1,4,638,642,0.62
November 30 2020,Harris,TX,Passenger,1,0,1,256,257,0.39
January 31 2021,Wichita,TX,Passenger,1,0,1,46,47,2.13
July 31 2024,Sacramento,CA,Truck,1,0,1,24,25,4
May 31 2017,Ferry,WA,Passenger,1,1,2,4412,4414,0.05
June 30 2017,Duval,FL,Passenger,1,1,2,379,381,0.52
May 31 2020,Goochland,VA,Passenger,2,1,3,274,277,1.08
December 31 2022,Newport,RI,Passenger,0,1,1,67,68,1.47
November 30 2020,Clackamas,OR,Passenger,2,0,2,186,188,1.06
July 31 2024,Rockingham,NH,Passenger,1,0,1,8,9,11.11
September 30 2019,Pierce,WA,Passenger,1965,1601,3566,545129,548695,0.65
July 31 2017,Jefferson,WA,Passenger,107,61,168,23893,24061,0.7
December 31 2021,Kauai,HI,Passenger,1,0,1,20,21,4.76
July 31 2018,Garfield,WA,Passenger,1,1,2,1320,1322,0.15
December 31 2023,Multnomah,OR,Passenger,2,1,3,386,389,0.77
June 30 2019,Tarrant,TX,Passenger,3,0,3,206,209,1.44
June 30 2021,Washtenaw,MI,Passenger,0,1,1,29,30,3.33
April 30 2020,Contra Costa,CA,Passenger,3,2,5,320,325,1.54
March 31 2023,Pend Oreille,WA,Truck,0,0,0,5584,5584,0
November 30 2021,Clark,WA,Passenger,3364,1533,4897,320554,325451,1.5
June 30 2021,Bexar,TX,Passenger,2,4,6,562,568,1.06
June 30 2021,New London,CT,Passenger,1,2,3,221,224,1.34
August 31 2020,Douglas,CO,Passenger,0,1,1,86,87,1.15
October 31 2019,Brevard,FL,Passenger,0,1,1,96,97,1.03
March 31 2021,Saginaw,MI,Passenger,2,0,2,11,13,15.38
October 31 2023,Kitsap,WA,Truck,91,0,91,51963,52054,0.17
August 31 2017,Ferry,WA,Passenger,1,1,2,4398,4400,0.05
June 30 2023,Suffolk,VA,Passenger,1,0,1,109,110,0.91
May 31 2017,Hardin,KY,Passenger,0,1,1,117,118,0.85
February 29 2024,Hardin,KY,Passenger,1,0,1,57,58,1.72
May 31 2022,Currituck,NC,Passenger,1,0,1,22,23,4.35
May 31 2024,Cumberland,PA,Passenger,1,1,2,32,34,5.88
October 31 2020,San Juan,WA,Passenger,340,103,443,13961,14404,3.08
November 30 2021,Harris,TX,Passenger,1,1,2,210,212,0.94
February 28 2017,Montgomery,TN,Passenger,1,0,1,296,297,0.34
November 30 2020,Bexar,TX,Passenger,3,5,8,599,607,1.32
August 31 2021,Grant,WA,Passenger,123,96,219,66819,67038,0.33
April 30 2024,Multnomah,OR,Passenger,2,1,3,343,346,0.87
September 30 2021,Douglas,WA,Truck,0,0,0,12706,12706,0
February 28 2021,St. Louis,MO,Passenger,1,0,1,96,97,1.03
September 30 2020,Arapahoe,CO,Passenger,1,0,1,137,138,0.72
July 31 2024,Contra Costa,CA,Passenger,2,1,3,122,125,2.4
November 30 2023,Chelan,WA,Passenger,731,203,934,54245,55179,1.69
October 31 2022,San Francisco,CA,Passenger,1,0,1,82,83,1.2
November 30 2023,Moore,NC,Passenger,0,1,1,100,101,0.99
June 30 2020,Hudson,NJ,Passenger,1,0,1,39,40,2.5
October 31 2022,Arlington,VA,Passenger,1,0,1,123,124,0.81
June 30 2020,Placer,CA,Passenger,2,0,2,99,101,1.98
March 31 2017,Oklahoma,OK,Passenger,0,1,1,175,176,0.57
May 31 2019,San Juan,PR,Passenger,0,1,1,3,4,25
August 31 2021,Pierce,WA,Passenger,3772,2025,5797,558354,564151,1.03
June 30 2022,Currituck,NC,Passenger,1,0,1,22,23,4.35
February 28 2022,Montgomery,TX,Passenger,1,0,1,41,42,2.38
October 31 2022,Williams,ND,Passenger,0,1,1,6,7,14.29
April 30 2023,Anne Arundel,MD,Passenger,3,3,6,305,311,1.93
July 31 2021,St. Mary's,MD,Passenger,1,0,1,208,209,0.48
September 30 2023,Moore,NC,Passenger,0,1,1,101,102,0.98
March 31 2019,Whatcom,WA,Passenger,793,385,1178,149693,150871,0.78
March 31 2017,Clark,WA,Passenger,718,454,1172,298235,299407,0.39
April 30 2024,Douglas,CO,Passenger,0,2,2,43,45,4.44
May 31 2023,Pinal,AZ,Passenger,0,1,1,93,94,1.06
September 30 2019,Grant,WA,Passenger,48,63,111,65162,65273,0.17
February 28 2023,Escambia,FL,Passenger,0,1,1,143,144,0.69
June 30 2021,Klamath,OR,Passenger,1,0,1,33,34,2.94
August 31 2023,Columbia,WA,Truck,0,0,0,1551,1551,0
October 31 2018,San Juan,PR,Passenger,0,1,1,4,5,20
October 31 2021,Plaquemines,LA,Passenger,0,1,1,18,19,5.26
April 30 2018,DeKalb,IN,Passenger,1,0,1,1,2,50
March 31 2018,Carroll,NH,Passenger,0,1,1,1,2,50
June 30 2020,Travis,TX,Passenger,3,1,4,195,199,2.01
March 31 2024,Middlesex,NJ,Passenger,1,0,1,18,19,5.26
September 30 2020,Nassau,FL,Passenger,1,0,1,37,38,2.63
March 31 2023,Wahkiakum,WA,Passenger,24,16,40,3059,3099,1.29
February 29 2020,Ventura,CA,Passenger,0,2,2,313,315,0.63
May 31 2022,Bell,TX,Passenger,1,0,1,339,340,0.29
October 31 2019,Garfield,WA,Passenger,0,1,1,1299,1300,0.08
May 31 2017,Grant,WA,Passenger,20,25,45,60668,60713,0.07
October 31 2023,Pacific,WA,Truck,5,0,5,7819,7824,0.06
December 31 2018,Asotin,WA,Truck,0,0,0,6632,6632,0
December 31 2023,Norfolk,VA,Passenger,0,1,1,263,264,0.38
December 31 2021,Hudson,NJ,Passenger,2,0,2,40,42,4.76
April 30 2023,Botetourt,VA,Passenger,1,0,1,1,2,50
November 30 2021,Stevens,WA,Truck,0,0,0,18902,18902,0
April 30 2022,Hennepin,MN,Passenger,3,0,3,66,69,4.35
September 30 2019,Harris,TX,Passenger,1,1,2,286,288,0.69
March 31 2023,Sonoma,CA,Passenger,3,1,4,72,76,5.26
April 30 2024,Calvert,MD,Passenger,1,1,2,69,71,2.82
October 31 2023,Mercer,NJ,Passenger,0,1,1,8,9,11.11
July 31 2022,Solano,CA,Passenger,1,0,1,167,168,0.6
November 30 2018,Nantucket,MA,Passenger,1,0,1,4,5,20
July 31 2017,Twin Falls,ID,Passenger,0,1,1,25,26,3.85
December 31 2019,Benton,WA,Truck,0,0,0,42481,42481,0
February 28 2022,Lincoln,WA,Passenger,7,17,24,7676,7700,0.31
March 31 2020,Skamania,WA,Truck,0,0,0,4081,4081,0
October 31 2020,Fulton,GA,Passenger,1,3,4,96,100,4
November 30 2017,Flathead,MT,Passenger,1,0,1,60,61,1.64
February 28 2019,King,WA,Truck,6,1,7,181969,181976,0
January 31 2022,Stevens,WA,Truck,0,0,0,18917,18917,0
March 31 2022,San Juan,WA,Truck,1,0,1,5994,5995,0.02
October 31 2019,Snohomish,WA,Passenger,3896,1682,5578,534928,540506,1.03
June 30 2020,Kitsap,WA,Passenger,1331,686,2017,179702,181719,1.11
March 31 2019,Franklin,WA,Passenger,51,67,118,59353,59471,0.2
July 31 2023,Harnett,NC,Passenger,4,1,5,138,143,3.5
August 31 2023,Autauga,AL,Passenger,2,0,2,11,13,15.38
August 31 2018,Hamilton,IN,Passenger,1,0,1,46,47,2.13
March 31 2024,Wilson,TX,Passenger,0,1,1,3,4,25
February 28 2017,Chelan,WA,Truck,0,0,0,21246,21246,0
March 31 2017,,,Passenger,2,0,2,460,462,0.43
December 31 2018,Whitman,WA,Truck,0,0,0,8545,8545,0
November 30 2017,Skamania,WA,Truck,0,0,0,3893,3893,0
March 31 2021,Albemarle,VA,Passenger,1,0,1,22,23,4.35
October 31 2020,Hampshire,MA,Passenger,1,0,1,10,11,9.09
March 31 2023,Gwinnett,GA,Passenger,1,0,1,56,57,1.75
December 31 2018,Clallam,WA,Passenger,150,124,274,50355,50629,0.54
November 30 2022,Asotin,WA,Passenger,29,20,49,12458,12507,0.39
April 30 2023,Mason,WA,Truck,11,0,11,20776,20787,0.05
June 30 2024,Spokane,WA,Truck,112,0,112,100031,100143,0.11
March 31 2018,Pacific,WA,Truck,0,0,0,7572,7572,0
September 30 2017,Gwinnett,GA,Passenger,0,1,1,88,89,1.12
March 31 2021,Nueces,TX,Passenger,1,0,1,83,84,1.19
May 31 2019,Shelby,TN,Passenger,0,1,1,98,99,1.01
October 31 2022,Yavapai,AZ,Passenger,0,1,1,25,26,3.85
February 28 2023,Allegheny,PA,Passenger,2,0,2,64,66,3.03
November 30 2020,Mercer,NJ,Passenger,0,1,1,12,13,7.69
December 31 2019,Putnam,TN,Passenger,0,1,1,3,4,25
January 31 2021,Washoe,NV,Passenger,1,0,1,105,106,0.94
December 31 2017,Lane,OR,Passenger,0,1,1,210,211,0.47
October 31 2019,Nueces,TX,Passenger,1,1,2,91,93,2.15
October 31 2018,Washtenaw,MI,Passenger,1,0,1,37,38,2.63
September 30 2023,Oldham,KY,Passenger,0,1,1,3,4,25
October 31 2022,Thurston,WA,Passenger,2465,1106,3571,192116,195687,1.82
August 31 2022,Galveston,TX,Passenger,0,1,1,18,19,5.26
February 29 2020,Dallas,TX,Passenger,1,0,1,213,214,0.47
October 31 2018,Charleston,SC,Passenger,1,0,1,128,129,0.78
August 31 2023,Hawaii,HI,Passenger,1,0,1,32,33,3.03
May 31 2021,Yakima,WA,Passenger,213,145,358,169224,169582,0.21
October 31 2023,Mason,WA,Passenger,513,222,735,46176,46911,1.57
April 30 2024,Mason,WA,Truck,23,0,23,20352,20375,0.11
November 30 2023,Sarpy,NE,Passenger,1,0,1,56,57,1.75
August 31 2021,Burlington,NJ,Passenger,0,1,1,118,119,0.84
September 30 2022,Saratoga,NY,Passenger,1,0,1,41,42,2.38
February 29 2024,Isle of Wight,VA,Passenger,0,1,1,15,16,6.25
August 31 2018,Snohomish,WA,Truck,1,0,1,121694,121695,0
June 30 2017,Lane,OR,Passenger,0,1,1,239,240,0.42
August 31 2019,Honolulu,HI,Passenger,4,2,6,506,512,1.17
October 31 2023,Marin,CA,Passenger,1,1,2,29,31,6.45
January 31 2017,Maui,HI,Passenger,1,0,1,84,85,1.18
September 30 2021,Platte,MO,Passenger,1,0,1,18,19,5.26
September 30 2020,Carson City,NV,Passenger,1,0,1,10,11,9.09
July 31 2022,Cumberland,PA,Passenger,1,0,1,43,44,2.27
February 28 2021,Pinellas,FL,Passenger,1,1,2,107,109,1.83
April 30 2019,Spartanburg,SC,Passenger,0,1,1,38,39,2.56
November 30 2020,Utah,UT,Passenger,0,1,1,139,140,0.71
February 28 2023,Kings,CA,Passenger,2,1,3,299,302,0.99
April 30 2023,Arapahoe,CO,Passenger,1,1,2,89,91,2.2
April 30 2021,Kittitas,WA,Truck,0,0,0,14775,14775,0
January 31 2017,Mason,WA,Truck,0,0,0,19181,19181,0
April 30 2020,Howard,MD,Passenger,0,1,1,82,83,1.2
December 31 2019,Moore,NC,Passenger,0,1,1,161,162,0.62
June 30 2021,Camden,NJ,Passenger,0,1,1,16,17,5.88
January 31 2022,Rockdale,GA,Passenger,1,0,1,6,7,14.29
February 28 2018,Cowlitz,WA,Passenger,54,70,124,70936,71060,0.17
May 31 2021,Cowlitz,WA,Truck,0,0,0,29129,29129,0
November 30 2021,Fresno,CA,Passenger,1,0,1,183,184,0.54
July 31 2017,Yakima,WA,Passenger,49,62,111,159633,159744,0.07
March 31 2020,Pacific,WA,Passenger,29,34,63,16017,16080,0.39
September 30 2022,Skamania,WA,Passenger,85,51,136,8096,8232,1.65
May 31 2018,Okaloosa,FL,Passenger,1,0,1,174,175,0.57
January 31 2024,Columbia,WA,Passenger,12,0,12,2418,2430,0.49
March 31 2023,Lewis,WA,Truck,5,0,5,26093,26098,0.02
August 31 2023,Pacific,WA,Truck,5,0,5,7844,7849,0.06
October 31 2021,Bexar,TX,Passenger,2,5,7,531,538,1.3
September 30 2023,Atlantic,NJ,Passenger,1,0,1,12,13,7.69
March 31 2023,Douglas,WA,Truck,6,0,6,12881,12887,0.05
August 31 2019,New Haven,CT,Passenger,0,2,2,47,49,4.08
March 31 2019,Nueces,TX,Passenger,1,1,2,92,94,2.13
December 31 2020,Greene,MO,Passenger,0,1,1,36,37,2.7
January 31 2018,Monterey,CA,Passenger,0,2,2,201,203,0.99
October 31 2019,Kootenai,ID,Passenger,1,2,3,229,232,1.29
May 31 2022,San Bernardino,CA,Passenger,2,1,3,366,369,0.81
July 31 2023,Fulton,GA,Passenger,1,1,2,62,64,3.12
January 31 2023,Marin,CA,Passenger,1,1,2,35,37,5.41
June 30 2022,New Haven,CT,Passenger,0,2,2,34,36,5.56
May 31 2023,Meade,KY,Passenger,1,0,1,19,20,5
February 29 2024,Skagit,WA,Passenger,1395,499,1894,88507,90401,2.1
May 31 2024,Sonoma,CA,Passenger,2,1,3,58,61,4.92
June 30 2019,Santa Cruz,CA,Passenger,1,0,1,43,44,2.27
September 30 2020,Kauai,HI,Passenger,1,0,1,17,18,5.56
July 31 2024,Kings,NY,Passenger,1,0,1,26,27,3.7
February 28 2022,Botetourt,VA,Passenger,1,0,1,1,2,50
August 31 2021,Spokane,WA,Truck,0,0,0,102379,102379,0
April 30 2018,Lewis,WA,Passenger,78,53,131,57354,57485,0.23
July 31 2021,Loudoun,VA,Passenger,1,0,1,74,75,1.33
May 31 2022,Howard,MD,Passenger,0,2,2,69,71,2.82
July 31 2023,Loudoun,VA,Passenger,2,1,3,62,65,4.62
September 30 2021,Juneau,AK,Passenger,0,1,1,31,32,3.12
July 31 2023,Washington,MD,Passenger,1,0,1,14,15,6.67
May 31 2024,Autauga,AL,Passenger,2,1,3,11,14,21.43
May 31 2022,Pierce,WA,Truck,5,0,5,142116,142121,0
February 29 2020,Spokane,WA,Passenger,695,469,1164,317411,318575,0.37
June 30 2023,Shasta,CA,Passenger,1,0,1,26,27,3.7
March 31 2021,Pulaski,MO,Passenger,1,0,1,148,149,0.67
November 30 2022,Contra Costa,CA,Passenger,0,2,2,201,203,0.99
September 30 2022,Bryan,GA,Passenger,0,1,1,37,38,2.63
April 30 2018,Canyon,ID,Passenger,0,1,1,93,94,1.06
May 31 2024,Loudoun,VA,Passenger,2,1,3,48,51,5.88
September 30 2021,Howard,IN,Passenger,0,1,1,6,7,14.29
April 30 2021,Adams,WA,Passenger,11,9,20,13042,13062,0.15
October 31 2017,Skamania,WA,Truck,0,0,0,3892,3892,0
May 31 2023,Camden,NJ,Passenger,0,1,1,14,15,6.67
October 31 2019,Montgomery,TX,Passenger,1,0,1,62,63,1.59
July 31 2021,Grays Harbor,WA,Truck,0,0,0,21411,21411,0
June 30 2019,Arlington,VA,Passenger,0,2,2,164,166,1.2
July 31 2021,New York,NY,Passenger,2,0,2,49,51,3.92
March 31 2021,Collier,FL,Passenger,1,0,1,21,22,4.55
September 30 2023,Howard,MD,Passenger,0,2,2,60,62,3.23
June 30 2024,Grays Harbor,WA,Passenger,449,238,687,47254,47941,1.43
April 30 2021,Columbia,WA,Passenger,5,4,9,2476,2485,0.36
September 30 2021,Clark,WA,Truck,0,0,0,84097,84097,0
August 31 2018,Fresno,CA,Passenger,1,0,1,204,205,0.49
January 31 2023,Garfield,WA,Truck,0,0,0,970,970,0
May 31 2017,Muscogee,GA,Passenger,0,1,1,244,245,0.41
February 28 2023,Bartow,GA,Passenger,0,1,1,4,5,20
April 30 2020,Arapahoe,CO,Passenger,1,0,1,142,143,0.7
April 30 2022,Williams,ND,Passenger,0,1,1,8,9,11.11
July 31 2022,Okanogan,WA,Passenger,86,49,135,26259,26394,0.51
May 31 2017,Lewis,WA,Truck,0,0,0,24831,24831,0
June 30 2020,Asotin,WA,Passenger,16,12,28,12312,12340,0.23
March 31 2024,Clallam,WA,Passenger,722,331,1053,48586,49639,2.12
August 31 2017,Okaloosa,FL,Passenger,1,0,1,185,186,0.54
May 31 2022,Queens,NY,Passenger,1,0,1,49,50,2
May 31 2020,Queens,NY,Passenger,1,0,1,51,52,1.92
April 30 2023,Harnett,NC,Passenger,4,0,4,143,147,2.72
April 30 2021,Rogers,OK,Passenger,1,0,1,7,8,12.5
July 31 2019,Boone,MO,Passenger,0,1,1,10,11,9.09
August 31 2020,Lake,IL,Passenger,1,0,1,173,174,0.57
November 30 2023,Howard,MD,Passenger,0,2,2,60,62,3.23
November 30 2019,Richland,SC,Passenger,0,1,1,158,159,0.63
June 30 2017,Kitsap,WA,Truck,1,0,1,52522,52523,0
February 28 2018,Gwinnett,GA,Passenger,0,1,1,81,82,1.22
February 28 2017,Pacific,WA,Truck,0,0,0,7482,7482,0
July 31 2024,Pend Oreille,WA,Truck,3,0,3,5385,5388,0.06
September 30 2022,Jefferson,WA,Passenger,456,225,681,24409,25090,2.71
May 31 2017,Douglas,WA,Passenger,32,23,55,26681,26736,0.21
September 30 2023,Cumberland,PA,Passenger,1,0,1,33,34,2.94
December 31 2020,St. Mary's,MD,Passenger,1,0,1,207,208,0.48
April 30 2024,Moore,NC,Passenger,0,1,1,93,94,1.06
April 30 2018,Douglas,WA,Truck,0,0,0,11879,11879,0
March 31 2022,Chesapeake,VA,Passenger,2,1,3,390,393,0.76
August 31 2021,Sarasota,FL,Passenger,2,0,2,39,41,4.88
July 31 2022,Jefferson,NY,Passenger,1,0,1,218,219,0.46
March 31 2020,Nassau,NY,Passenger,4,0,4,42,46,8.7
June 30 2017,Cobb,GA,Passenger,0,1,1,78,79,1.27
November 30 2021,Sarasota,FL,Passenger,2,0,2,40,42,4.76
October 31 2023,Riverside,CA,Passenger,5,0,5,378,383,1.31
June 30 2020,Fairbanks North Star,AK,Passenger,0,1,1,100,101,0.99
September 30 2023,Doña Ana,NM,Passenger,1,0,1,13,14,7.14
January 31 2020,Thurston,WA,Truck,0,0,0,55738,55738,0
September 30 2020,Nueces,TX,Passenger,1,0,1,89,90,1.11
April 30 2021,Hamilton,IN,Passenger,2,0,2,40,42,4.76
August 31 2019,Cochise,AZ,Passenger,0,1,1,106,107,0.93
January 31 2022,Harrison,MS,Passenger,2,0,2,49,51,3.92
August 31 2020,Rockingham,NH,Passenger,1,0,1,20,21,4.76
May 31 2021,Vigo,IN,Passenger,1,0,1,5,6,16.67
October 31 2017,Lee,AL,Passenger,1,0,1,35,36,2.78
January 31 2023,Spokane,WA,Passenger,1990,950,2940,323634,326574,0.9
November 30 2018,Grant,WA,Passenger,32,52,84,64032,64116,0.13
May 31 2024,Travis,TX,Passenger,1,0,1,61,62,1.61
August 31 2017,San Mateo,CA,Passenger,0,1,1,152,153,0.65
June 30 2024,Whatcom,WA,Passenger,3339,1205,4544,145776,150320,3.02
September 30 2018,Chelan,WA,Passenger,117,59,176,53800,53976,0.33
July 31 2018,Multnomah,OR,Passenger,3,4,7,800,807,0.87
June 30 2017,Palm Beach,FL,Passenger,0,2,2,98,100,2
February 28 2023,New Haven,CT,Passenger,0,2,2,29,31,6.45
December 31 2022,Moore,NC,Passenger,0,1,1,107,108,0.93
March 31 2019,Oldham,KY,Passenger,0,1,1,5,6,16.67
February 29 2020,Grant,WA,Truck,0,0,0,27055,27055,0
May 31 2020,Flathead,MT,Passenger,1,0,1,69,70,1.43
September 30 2023,Rockdale,GA,Passenger,1,0,1,5,6,16.67
September 30 2019,Mercer,NJ,Passenger,0,1,1,17,18,5.56
May 31 2022,Skagit,WA,Passenger,760,332,1092,89997,91089,1.2
March 31 2019,Clark,WA,Truck,0,0,0,79964,79964,0
October 31 2018,Manatee,FL,Passenger,1,0,1,43,44,2.27
November 30 2019,Portsmouth,VA,Passenger,0,1,1,77,78,1.28
June 30 2022,Essex,NJ,Passenger,2,0,2,12,14,14.29
January 31 2022,Cowlitz,WA,Passenger,273,164,437,71255,71692,0.61
July 31 2019,Cook,IL,Passenger,1,0,1,249,250,0.4
October 31 2023,Arapahoe,CO,Passenger,1,1,2,71,73,2.74
May 31 2019,Kalamazoo,MI,Passenger,1,0,1,14,15,6.67
September 30 2017,Yakima,WA,Truck,0,0,0,57697,57697,0
March 31 2019,Lincoln,WA,Truck,0,0,0,4683,4683,0
November 30 2019,Lewis,WA,Truck,0,0,0,26109,26109,0
September 30 2017,Island,WA,Truck,0,0,0,20559,20559,0
December 31 2020,Garfield,WA,Truck,0,0,0,994,994,0
February 28 2018,Juneau,AK,Passenger,0,1,1,43,44,2.27
October 31 2020,Portsmouth,VA,Passenger,0,1,1,70,71,1.41
September 30 2021,Albemarle,VA,Passenger,2,0,2,22,24,8.33
February 28 2019,Lincoln,WA,Passenger,3,5,8,7733,7741,0.1
March 31 2021,Charles,MD,Passenger,1,1,2,75,77,2.6
July 31 2024,Montgomery,AL,Passenger,1,1,2,26,28,7.14
September 30 2020,Jefferson,WA,Passenger,258,148,406,24718,25124,1.62
September 30 2017,,,Passenger,3,0,3,439,442,0.68
May 31 2024,San Joaquin,CA,Passenger,1,0,1,62,63,1.59
April 30 2023,Kent,DE,Passenger,1,0,1,47,48,2.08
February 28 2022,Montgomery,AL,Passenger,1,0,1,39,40,2.5
May 31 2024,Hardin,KY,Truck,1,0,1,18,19,5.26
December 31 2022,Jefferson,WA,Passenger,482,231,713,24279,24992,2.85
April 30 2020,Ferry,WA,Truck,0,0,0,3544,3544,0
May 31 2021,Moore,NC,Passenger,0,1,1,131,132,0.76
February 28 2021,Rockingham,NH,Passenger,1,0,1,22,23,4.35
April 30 2019,Penobscot,ME,Passenger,0,1,1,14,15,6.67
October 31 2022,Harrison,MS,Passenger,1,0,1,43,44,2.27
February 28 2023,Sonoma,CA,Passenger,3,1,4,75,79,5.06
March 31 2024,Orange,CA,Passenger,6,2,8,271,279,2.87
January 31 2024,Wake,NC,Passenger,4,0,4,73,77,5.19
June 30 2019,DeKalb,GA,Passenger,1,0,1,83,84,1.19
January 31 2020,Fairbanks North Star,AK,Passenger,0,1,1,103,104,0.96
March 31 2022,Eagle,CO,Passenger,1,0,1,6,7,14.29
July 31 2017,Lewis,WA,Passenger,52,38,90,55559,55649,0.16
April 30 2022,Suffolk,MA,Passenger,0,1,1,25,26,3.85
March 31 2022,Saratoga,NY,Passenger,1,0,1,43,44,2.27
August 31 2023,Plaquemines,LA,Passenger,1,1,2,16,18,11.11
December 31 2022,Eagle,CO,Passenger,1,0,1,7,8,12.5
August 31 2021,Alameda,CA,Passenger,5,0,5,244,249,2.01
December 31 2020,Williamson,TX,Passenger,0,2,2,141,143,1.4
January 31 2024,Charleston,SC,Passenger,1,2,3,43,46,6.52
February 28 2019,Pacific,WA,Passenger,22,26,48,15855,15903,0.3
July 31 2019,Kittitas,WA,Truck,0,0,0,14493,14493,0
February 29 2024,Calvert,MD,Passenger,1,1,2,73,75,2.67
February 28 2019,Bucks,PA,Passenger,1,0,1,20,21,4.76
February 29 2020,New Haven,CT,Passenger,0,2,2,42,44,4.55
December 31 2019,San Juan,WA,Passenger,253,79,332,14401,14733,2.25
February 28 2021,Cowlitz,WA,Truck,0,0,0,28963,28963,0
July 31 2023,Cook,IL,Passenger,2,1,3,167,170,1.76
March 31 2021,Ulster,NY,Passenger,1,0,1,12,13,7.69
November 30 2018,Sumter,FL,Passenger,0,1,1,11,12,8.33
March 31 2023,St. Louis,MN,Passenger,0,1,1,8,9,11.11
July 31 2022,San Juan,WA,Passenger,521,160,681,14007,14688,4.64
December 31 2019,Adams,WA,Passenger,6,7,13,12927,12940,0.1
April 30 2021,Ferry,WA,Passenger,10,3,13,4408,4421,0.29
May 31 2019,Garfield,WA,Truck,0,0,0,953,953,0
June 30 2021,Kauai,HI,Passenger,1,0,1,20,21,4.76
August 31 2023,Coryell,TX,Passenger,1,0,1,72,73,1.37
June 30 2020,Eagle,CO,Passenger,1,0,1,7,8,12.5
January 31 2024,Escambia,FL,Truck,1,0,1,24,25,4
June 30 2019,Stevens,WA,Truck,0,0,0,18652,18652,0
December 31 2017,Ada,ID,Passenger,0,1,1,362,363,0.28
December 31 2021,Multnomah,OR,Passenger,3,5,8,642,650,1.23
July 31 2019,Putnam,TN,Passenger,0,1,1,3,4,25
May 31 2021,Grant,WA,Passenger,102,87,189,66824,67013,0.28
February 28 2017,Arlington,VA,Passenger,1,1,2,175,177,1.13
April 30 2022,Norfolk,VA,Passenger,2,3,5,310,315,1.59
February 28 2023,Denton,TX,Passenger,2,0,2,58,60,3.33
March 31 2024,Frederick,MD,Passenger,1,1,2,42,44,4.55
July 31 2024,Otero,NM,Passenger,0,1,1,19,20,5
April 30 2023,Tooele,UT,Passenger,1,0,1,10,11,9.09
August 31 2017,Pierce,WA,Passenger,999,866,1865,524794,526659,0.35
November 30 2019,King,WA,Passenger,21593,7454,29047,1394819,1423866,2.04
May 31 2017,Whitman,WA,Passenger,10,20,30,21982,22012,0.14
March 31 2021,Jefferson,WA,Passenger,303,174,477,24811,25288,1.89
January 31 2023,Beaufort,SC,Passenger,1,0,1,30,31,3.23
May 31 2023,Collier,FL,Passenger,1,0,1,14,15,6.67
December 31 2020,Skagit,WA,Truck,1,0,1,32765,32766,0
July 31 2019,Tarrant,TX,Passenger,3,0,3,206,209,1.44
February 29 2024,Cumberland,PA,Passenger,1,1,2,33,35,5.71
December 31 2018,Guadalupe,TX,Passenger,1,0,1,82,83,1.2
June 30 2019,Mason,WA,Truck,0,0,0,20351,20351,0
August 31 2019,Kittitas,WA,Truck,0,0,0,14528,14528,0
March 31 2017,Clackamas,OR,Passenger,1,2,3,339,342,0.88
October 31 2019,Whitman,WA,Truck,0,0,0,8596,8596,0
July 31 2020,Manassas,VA,Passenger,0,1,1,5,6,16.67
August 31 2022,Frederick,MD,Passenger,1,0,1,60,61,1.64
December 31 2022,Doña Ana,NM,Passenger,1,0,1,12,13,7.69
May 31 2021,Pend Oreille,WA,Passenger,14,6,20,9267,9287,0.22
August 31 2023,Riverside,CA,Passenger,6,0,6,394,400,1.5
January 31 2022,Marin,CA,Passenger,1,1,2,39,41,4.88
October 31 2023,Wahkiakum,WA,Truck,4,0,4,1764,1768,0.23
July 31 2022,Wilson,TX,Passenger,0,1,1,3,4,25
March 31 2022,Columbia,WA,Truck,0,0,0,1588,1588,0
July 31 2021,Penobscot,ME,Passenger,0,1,1,8,9,11.11
December 31 2017,Kittitas,WA,Passenger,36,26,62,28440,28502,0.22
February 28 2022,Clallam,WA,Passenger,394,243,637,50107,50744,1.26
November 30 2018,Whatcom,WA,Passenger,731,354,1085,149089,150174,0.72
June 30 2018,Lincoln,WA,Truck,0,0,0,4558,4558,0
April 30 2022,Plaquemines,LA,Passenger,1,1,2,18,20,10
April 30 2018,Monterey,CA,Passenger,0,1,1,192,193,0.52
November 30 2019,Shasta,CA,Passenger,1,0,1,40,41,2.44
June 30 2021,,,Passenger,4,2,6,344,350,1.71
April 30 2019,San Juan,PR,Passenger,0,1,1,3,4,25
June 30 2018,Camden,NJ,Passenger,0,1,1,33,34,2.94
February 29 2024,Solano,CA,Passenger,5,0,5,130,135,3.7
August 31 2017,Pima,AZ,Passenger,1,2,3,442,445,0.67
April 30 2019,Okanogan,WA,Truck,0,0,0,16476,16476,0
February 28 2018,Lincoln,WA,Truck,0,0,0,4511,4511,0
July 31 2017,Asotin,WA,Truck,0,0,0,6528,6528,0
January 31 2020,New Haven,CT,Passenger,0,2,2,44,46,4.35
January 31 2018,Utah,UT,Passenger,0,1,1,146,147,0.68
September 30 2020,Thurston,WA,Truck,0,0,0,56096,56096,0
May 31 2018,Benton,WA,Truck,0,0,0,40983,40983,0
June 30 2020,San Juan,WA,Truck,0,0,0,5852,5852,0
January 31 2023,Grant,WA,Passenger,231,113,344,66813,67157,0.51
August 31 2018,San Diego,CA,Passenger,8,3,11,2573,2584,0.43
December 31 2020,Stafford,VA,Passenger,2,1,3,100,103,2.91
April 30 2018,Honolulu,HI,Passenger,2,2,4,544,548,0.73
May 31 2023,Marion,OR,Passenger,1,0,1,74,75,1.33
July 31 2023,Anchorage,AK,Passenger,1,0,1,105,106,0.94
February 28 2019,Snohomish,WA,Passenger,3145,1498,4643,527496,532139,0.87
April 30 2020,Jefferson,WA,Passenger,234,142,376,24897,25273,1.49
October 31 2020,Los Angeles,CA,Passenger,8,10,18,1028,1046,1.72
July 31 2019,Fairfax,VA,Passenger,4,1,5,786,791,0.63
January 31 2020,Columbia,WA,Truck,0,0,0,1534,1534,0
May 31 2017,Prince William,VA,Passenger,0,4,4,275,279,1.43
March 31 2022,Arlington,VA,Passenger,1,0,1,140,141,0.71
June 30 2019,Randolph,NC,Passenger,1,0,1,6,7,14.29
March 31 2024,Grant,WA,Truck,19,0,19,28013,28032,0.07
June 30 2021,Kittitas,WA,Truck,0,0,0,14784,14784,0
November 30 2017,Polk,FL,Passenger,1,0,1,66,67,1.49
August 31 2019,Kent,MI,Passenger,0,1,1,26,27,3.7
May 31 2021,Benton,WA,Truck,0,0,0,43658,43658,0
November 30 2023,San Joaquin,CA,Passenger,1,1,2,69,71,2.82
August 31 2020,Montgomery,PA,Passenger,1,0,1,28,29,3.45
September 30 2023,Berkeley,SC,Passenger,1,1,2,97,99,2.02
December 31 2020,Mohave,AZ,Passenger,1,0,1,67,68,1.47
September 30 2019,DeKalb,IN,Passenger,1,0,1,1,2,50
December 31 2019,San Mateo,CA,Passenger,1,1,2,131,133,1.5
April 30 2018,Hawaii,HI,Passenger,1,0,1,80,81,1.23
March 31 2024,Montgomery,MD,Passenger,6,1,7,178,185,3.78
February 29 2020,Spokane,WA,Truck,1,0,1,97125,97126,0
May 31 2017,Nassau,NY,Passenger,0,1,1,40,41,2.44
October 31 2021,Currituck,NC,Passenger,1,0,1,22,23,4.35
November 30 2023,Kitsap,WA,Passenger,3827,1474,5301,175330,180631,2.93
May 31 2021,San Diego,CA,Passenger,18,4,22,2640,2662,0.83
February 28 2017,Hardin,KY,Passenger,0,1,1,123,124,0.81
December 31 2021,Travis,TX,Passenger,3,0,3,151,154,1.95
June 30 2023,Tooele,UT,Passenger,1,0,1,10,11,9.09
March 31 2017,Cowlitz,WA,Passenger,51,48,99,69288,69387,0.14
March 31 2021,Pend Oreille,WA,Passenger,12,6,18,9273,9291,0.19
April 30 2023,Benton,WA,Passenger,1088,548,1636,135445,137081,1.19
June 30 2021,Lincoln,WA,Passenger,5,13,18,7732,7750,0.23
January 31 2017,Grays Harbor,WA,Truck,0,0,0,19859,19859,0
March 31 2023,Charles,MD,Passenger,1,1,2,57,59,3.39
July 31 2023,Mohave,AZ,Passenger,1,0,1,35,36,2.78
August 31 2017,Volusia,FL,Passenger,0,1,1,47,48,2.08
July 31 2018,Dale,AL,Passenger,0,1,1,56,57,1.75
July 31 2023,Isle of Wight,VA,Passenger,0,1,1,18,19,5.26
August 31 2018,Pacific,WA,Passenger,19,22,41,15665,15706,0.26
August 31 2019,Monterey,CA,Passenger,0,1,1,196,197,0.51
August 31 2017,Howard,MD,Passenger,0,2,2,91,93,2.15
April 30 2024,,,Passenger,2,1,3,227,230,1.3
October 31 2023,Norfolk,VA,Passenger,1,1,2,271,273,0.73
May 31 2022,Placer,CA,Passenger,2,0,2,74,76,2.63
July 31 2018,Richland,SC,Passenger,0,1,1,172,173,0.58
October 31 2020,Ferry,WA,Truck,0,0,0,3598,3598,0
December 31 2023,Asotin,WA,Truck,0,0,0,6605,6605,0
December 31 2023,Lewis,WA,Passenger,402,308,710,59581,60291,1.18
March 31 2018,Pima,AZ,Passenger,1,1,2,441,443,0.45
February 28 2017,Dale,AL,Passenger,0,1,1,63,64,1.56
March 31 2023,Lexington,SC,Passenger,1,0,1,23,24,4.17
May 31 2021,Lee,FL,Passenger,1,0,1,39,40,2.5
November 30 2021,Loudoun,VA,Passenger,1,0,1,70,71,1.41
August 31 2018,Twin Falls,ID,Passenger,0,1,1,25,26,3.85
November 30 2020,Plaquemines,LA,Passenger,0,1,1,13,14,7.14
February 29 2024,Spokane,WA,Passenger,3050,1474,4524,320712,325236,1.39
September 30 2023,San Juan,WA,Passenger,655,184,839,13760,14599,5.75
November 30 2019,Wahkiakum,WA,Passenger,4,3,7,3038,3045,0.23
July 31 2024,Muscogee,GA,Passenger,2,2,4,72,76,5.26
August 31 2017,Lane,OR,Passenger,0,1,1,224,225,0.44
September 30 2023,Grant,WA,Truck,12,0,12,28105,28117,0.04
January 31 2023,Douglas,NE,Passenger,2,1,3,35,38,7.89
March 31 2023,Harford,MD,Passenger,1,1,2,43,45,4.44
November 30 2022,Madison,IL,Passenger,1,0,1,16,17,5.88
May 31 2021,Richland,SC,Passenger,0,1,1,145,146,0.68
January 31 2020,Snohomish,WA,Passenger,4243,1717,5960,537694,543654,1.1
November 30 2022,Platte,MO,Passenger,1,0,1,22,23,4.35
August 31 2018,San Juan,WA,Passenger,152,66,218,14145,14363,1.52
November 30 2017,Santa Clara,CA,Passenger,7,1,8,393,401,2
July 31 2021,Spokane,WA,Truck,0,0,0,102236,102236,0
January 31 2017,Virginia Beach,VA,Passenger,2,1,3,652,655,0.46
January 31 2021,Santa Cruz,CA,Passenger,1,0,1,30,31,3.23
August 31 2023,Newport,RI,Passenger,0,1,1,60,61,1.64
October 31 2018,Allegheny,PA,Passenger,1,0,1,92,93,1.08
March 31 2019,Harnett,NC,Passenger,1,0,1,220,221,0.45
August 31 2017,Franklin,OH,Passenger,0,1,1,116,117,0.85
April 30 2018,DuPage,IL,Passenger,1,0,1,67,68,1.47
June 30 2022,Thurston,WA,Passenger,2177,1052,3229,193839,197068,1.64
November 30 2019,Charles,MD,Passenger,0,1,1,90,91,1.1
December 31 2023,Otero,NM,Passenger,0,1,1,23,24,4.17
December 31 2021,Juneau,AK,Passenger,0,1,1,32,33,3.03
December 31 2020,Shelby,OH,Passenger,0,1,1,2,3,33.33
May 31 2022,Skamania,WA,Passenger,70,45,115,8184,8299,1.39
February 28 2018,Virginia Beach,VA,Passenger,2,1,3,676,679,0.44
May 31 2022,Grays Harbor,WA,Truck,0,0,0,21292,21292,0
August 31 2019,Contra Costa,CA,Passenger,2,2,4,363,367,1.09
November 30 2022,Hardin,KY,Passenger,1,0,1,61,62,1.61
July 31 2018,Lincoln,WA,Passenger,3,6,9,7745,7754,0.12
November 30 2020,Gwinnett,GA,Passenger,1,0,1,72,73,1.37
March 31 2019,Chelan,WA,Truck,0,0,0,22120,22120,0
May 31 2017,Cobb,GA,Passenger,0,1,1,79,80,1.25
February 28 2022,Kittitas,WA,Passenger,217,73,290,29762,30052,0.96
September 30 2021,Chesapeake,VA,Passenger,1,1,2,415,417,0.48
September 30 2020,Benton,WA,Truck,0,0,0,43078,43078,0
August 31 2019,Clallam,WA,Truck,1,0,1,21815,21816,0
November 30 2017,Duval,FL,Passenger,1,1,2,363,365,0.55
June 30 2021,Clackamas,OR,Passenger,2,0,2,182,184,1.09
November 30 2023,Mobile,AL,Passenger,1,0,1,27,28,3.57
October 31 2017,Cowlitz,WA,Passenger,54,65,119,70422,70541,0.17
July 31 2019,Garfield,WA,Passenger,1,1,2,1296,1298,0.15
May 31 2019,Dallas,TX,Passenger,1,0,1,214,215,0.47
July 31 2023,Collin,TX,Passenger,4,0,4,52,56,7.14
March 31 2017,Santa Fe,NM,Passenger,0,1,1,45,46,2.17
May 31 2018,Fulton,GA,Passenger,1,2,3,100,103,2.91
May 31 2019,Kitsap,WA,Truck,1,0,1,54008,54009,0
January 31 2019,Pierce,WA,Passenger,1581,1423,3004,539556,542560,0.55
May 31 2017,Kittitas,WA,Passenger,23,17,40,27354,27394,0.15
February 28 2018,Ventura,CA,Passenger,0,1,1,345,346,0.29
September 30 2019,Greene,MO,Passenger,0,1,1,34,35,2.86
September 30 2021,Pacific,WA,Passenger,49,57,106,16057,16163,0.66
July 31 2024,Cowlitz,WA,Truck,22,0,22,27017,27039,0.08
October 31 2020,Harford,MD,Passenger,0,1,1,61,62,1.61
February 29 2020,San Francisco,CA,Passenger,2,1,3,105,108,2.78
October 31 2019,Pinellas,FL,Passenger,1,1,2,117,119,1.68
August 31 2021,Arapahoe,CO,Passenger,1,0,1,121,122,0.82
April 30 2023,Isle of Wight,VA,Passenger,0,1,1,18,19,5.26
August 31 2021,RÃ­o Grande,PR,Passenger,1,0,1,0,1,100
November 30 2020,Grant,WA,Passenger,78,79,157,65742,65899,0.24
January 31 2022,Grays Harbor,WA,Passenger,197,158,355,49305,49660,0.71
April 30 2020,Kootenai,ID,Passenger,1,1,2,228,230,0.87
February 28 2017,Whatcom,WA,Truck,2,0,2,41323,41325,0
September 30 2021,Douglas,WA,Passenger,104,51,155,28565,28720,0.54
January 31 2018,Lewis,WA,Passenger,52,45,97,56804,56901,0.17
June 30 2019,Kittitas,WA,Truck,0,0,0,14427,14427,0
May 31 2018,Santa Clara,CA,Passenger,7,0,7,390,397,1.76
June 30 2021,Kern,CA,Passenger,0,1,1,211,212,0.47
March 31 2018,Nueces,TX,Passenger,1,1,2,92,94,2.13
November 30 2017,Collier,FL,Passenger,1,0,1,24,25,4
June 30 2022,Spokane,WA,Truck,1,0,1,102107,102108,0
September 30 2023,Ferry,WA,Passenger,23,4,27,4315,4342,0.62
July 31 2017,Lincoln,WA,Truck,0,0,0,4445,4445,0
September 30 2023,Charleston,SC,Passenger,1,2,3,52,55,5.45
December 31 2023,Harnett,NC,Passenger,4,1,5,131,136,3.68
January 31 2023,Washtenaw,MI,Passenger,0,2,2,24,26,7.69
June 30 2020,Snohomish,WA,Passenger,4433,1764,6197,534321,540518,1.15
June 30 2024,Grays Harbor,WA,Truck,23,0,23,20481,20504,0.11
August 31 2019,Benton,WA,Truck,0,0,0,42171,42171,0
December 31 2022,Onslow,NC,Passenger,0,1,1,159,160,0.62
July 31 2020,Montgomery,PA,Passenger,1,0,1,30,31,3.23
October 31 2018,Clackamas,OR,Passenger,0,1,1,220,221,0.45
November 30 2019,Randolph,NC,Passenger,1,0,1,7,8,12.5
June 30 2024,Brown,WI,Passenger,1,0,1,4,5,20
April 30 2020,Asotin,WA,Passenger,16,12,28,12436,12464,0.22
February 28 2021,DeKalb,GA,Passenger,1,0,1,69,70,1.43
April 30 2019,Camden,NJ,Passenger,0,1,1,25,26,3.85
October 31 2023,Collier,FL,Passenger,1,0,1,11,12,8.33
April 30 2019,Thurston,WA,Passenger,820,612,1432,196647,198079,0.72
April 30 2023,Dallas,TX,Passenger,2,0,2,97,99,2.02
August 31 2021,Leavenworth,KS,Passenger,0,1,1,110,111,0.9
July 31 2020,Harford,MD,Passenger,0,1,1,59,60,1.67
July 31 2020,Henrico,VA,Passenger,0,1,1,19,20,5
August 31 2022,Adams,WA,Passenger,21,9,30,12932,12962,0.23
June 30 2024,Whatcom,WA,Truck,107,0,107,41727,41834,0.26
April 30 2022,Grant,WA,Truck,0,0,0,28064,28064,0
March 31 2023,Coryell,TX,Passenger,1,0,1,84,85,1.18
April 30 2021,Fort Bend,TX,Passenger,1,0,1,39,40,2.5
September 30 2018,Monroe,IL,Passenger,1,0,1,4,5,20
September 30 2023,Currituck,NC,Passenger,1,0,1,19,20,5
December 31 2023,Spokane,WA,Passenger,2865,1407,4272,322991,327263,1.31
November 30 2020,Kings,NY,Passenger,1,0,1,68,69,1.45
July 31 2019,Norfolk,VA,Passenger,2,2,4,350,354,1.13
November 30 2020,Hudson,NJ,Passenger,1,0,1,39,40,2.5
August 31 2022,Kitsap,WA,Passenger,2519,1092,3611,177396,181007,1.99
May 31 2019,Benton,WA,Passenger,253,272,525,133593,134118,0.39
September 30 2018,Kittitas,WA,Truck,0,0,0,14108,14108,0
April 30 2019,Montgomery,MD,Passenger,1,0,1,279,280,0.36
October 31 2021,Wichita,TX,Passenger,1,0,1,45,46,2.17
November 30 2020,Pinellas,FL,Passenger,1,1,2,107,109,1.83
May 31 2020,RÃ­o Grande,PR,Passenger,1,0,1,1,2,50
August 31 2019,Jones,GA,Passenger,1,0,1,1,2,50
January 31 2023,Pierce,WA,Truck,97,0,97,138961,139058,0.07
December 31 2019,Kitsap,WA,Truck,1,0,1,54426,54427,0
March 31 2022,King,WA,Truck,25,1,26,181895,181921,0.01
April 30 2023,Thurston,WA,Passenger,2909,1191,4100,190272,194372,2.11
May 31 2023,Hennepin,MN,Passenger,1,0,1,44,45,2.22
March 31 2024,Washoe,NV,Passenger,2,0,2,45,47,4.26
October 31 2022,El Paso,CO,Passenger,3,3,6,598,604,0.99
October 31 2020,Monterey,CA,Passenger,0,2,2,168,170,1.18
April 30 2018,Okaloosa,FL,Passenger,1,0,1,175,176,0.57
November 30 2023,Rockingham,NH,Passenger,1,0,1,9,10,10
June 30 2019,Cowlitz,WA,Passenger,98,108,206,72995,73201,0.28
July 31 2018,Kittitas,WA,Passenger,49,32,81,28985,29066,0.28
June 30 2022,Yakima,WA,Passenger,336,190,526,166892,167418,0.31
December 31 2023,San Diego,CA,Passenger,20,9,29,1994,2023,1.43
January 31 2020,Harris,TX,Passenger,1,0,1,278,279,0.36
November 30 2018,Arlington,VA,Passenger,1,1,2,171,173,1.16
September 30 2018,Garfield,WA,Truck,0,0,0,964,964,0
June 30 2024,Middlesex,MA,Passenger,2,0,2,56,58,3.45
May 31 2023,Snohomish,WA,Passenger,12179,2987,15166,527891,543057,2.79
September 30 2017,Skagit,WA,Passenger,149,120,269,88633,88902,0.3
September 30 2021,Kitsap,WA,Truck,0,0,0,54252,54252,0
May 31 2018,Sumter,FL,Passenger,0,1,1,10,11,9.09
July 31 2024,District of Columbia,DC,Passenger,2,0,2,116,118,1.69
May 31 2020,Douglas,NE,Passenger,0,1,1,58,59,1.69
May 31 2019,Lumpkin,GA,Passenger,1,0,1,4,5,20
November 30 2020,Spokane,WA,Passenger,858,541,1399,320056,321455,0.44
January 31 2023,Arlington,VA,Passenger,1,0,1,123,124,0.81
May 31 2023,Stevens,WA,Passenger,110,63,173,29669,29842,0.58
August 31 2023,King,WA,Truck,831,2,833,174577,175410,0.47
May 31 2023,Kings,CA,Passenger,2,2,4,290,294,1.36
February 29 2024,Benton,WA,Truck,37,0,37,42918,42955,0.09
August 31 2018,Clark,WA,Truck,0,0,0,79280,79280,0
July 31 2018,Wahkiakum,WA,Truck,0,0,0,1681,1681,0
May 31 2022,Wichita,TX,Passenger,1,0,1,42,43,2.33
January 31 2017,Thurston,WA,Passenger,335,299,634,184891,185525,0.34
April 30 2019,Richland,SC,Passenger,0,1,1,163,164,0.61
June 30 2024,Travis,TX,Passenger,1,0,1,55,56,1.79
October 31 2019,Klamath,OR,Passenger,1,0,1,41,42,2.38
January 31 2024,Pulaski,AR,Passenger,2,0,2,19,21,9.52
July 31 2019,Yakima,WA,Passenger,109,107,216,165353,165569,0.13
July 31 2020,El Paso,CO,Passenger,3,1,4,728,732,0.55
March 31 2017,San Mateo,CA,Passenger,0,1,1,157,158,0.63
November 30 2023,Essex,MA,Passenger,1,0,1,10,11,9.09
October 31 2021,Rogers,OK,Passenger,1,0,1,7,8,12.5
May 31 2023,Chelan,WA,Passenger,620,158,778,54196,54974,1.42
May 31 2017,Stevens,WA,Truck,0,0,0,18250,18250,0
June 30 2022,Prince George's,MD,Passenger,3,1,4,135,139,2.88
November 30 2020,Washtenaw,MI,Passenger,1,1,2,33,35,5.71
May 31 2018,Walla Walla,WA,Passenger,34,42,76,35562,35638,0.21
June 30 2019,,,Passenger,5,2,7,411,418,1.67
July 31 2023,Prince George's,MD,Passenger,3,1,4,120,124,3.23
April 30 2021,San Mateo,CA,Passenger,1,1,2,115,117,1.71
December 31 2020,Richland,SC,Passenger,0,1,1,144,145,0.69
May 31 2019,Brevard,FL,Passenger,0,1,1,89,90,1.11
February 28 2021,El Dorado,CA,Passenger,1,0,1,36,37,2.7
December 31 2020,Dallas,IA,Passenger,0,1,1,10,11,9.09
March 31 2021,Botetourt,VA,Passenger,1,0,1,1,2,50
December 31 2019,Placer,CA,Passenger,1,0,1,105,106,0.94
July 31 2017,Hawaii,HI,Passenger,1,0,1,84,85,1.18
June 30 2024,,,Passenger,2,2,4,217,221,1.81
January 31 2023,Hardin,KY,Passenger,1,0,1,58,59,1.69
January 31 2018,Orleans,LA,Passenger,0,1,1,46,47,2.13
July 31 2022,Isle of Wight,VA,Passenger,0,1,1,19,20,5
October 31 2019,Berkshire,MA,Passenger,0,1,1,4,5,20
July 31 2019,Carson City,NV,Passenger,1,0,1,11,12,8.33
January 31 2017,Adams,WA,Passenger,1,1,2,12174,12176,0.02
September 30 2018,Ferry,WA,Truck,0,0,0,3557,3557,0
July 31 2018,Lane,OR,Passenger,0,1,1,186,187,0.53
August 31 2019,Clark,NV,Passenger,5,3,8,718,726,1.1
December 31 2022,Middlesex,MA,Passenger,2,0,2,85,87,2.3
January 31 2017,Saratoga,NY,Passenger,1,1,2,78,80,2.5
December 31 2023,Williamson,TX,Passenger,1,1,2,50,52,3.85
June 30 2017,Fulton,GA,Passenger,1,0,1,115,116,0.86
November 30 2021,Arlington,VA,Passenger,1,1,2,139,141,1.42
May 31 2020,Walla Walla,WA,Passenger,70,62,132,35804,35936,0.37
January 31 2019,Arlington,VA,Passenger,1,2,3,166,169,1.78
September 30 2021,Orange,NC,Passenger,0,1,1,13,14,7.14
June 30 2017,Spokane,WA,Truck,1,0,1,90612,90613,0
February 28 2017,Ventura,CA,Passenger,0,2,2,389,391,0.51
April 30 2023,El Paso,CO,Passenger,3,2,5,540,545,0.92
January 31 2023,Lincoln,WA,Passenger,14,19,33,7753,7786,0.42
February 28 2018,Kitsap,WA,Truck,1,0,1,52840,52841,0
October 31 2022,Douglas,WA,Truck,2,0,2,12807,12809,0.02
January 31 2022,Douglas,CO,Passenger,0,1,1,89,90,1.11
August 31 2021,Richland,SC,Passenger,0,1,1,141,142,0.7
October 31 2018,DeKalb,GA,Passenger,1,0,1,82,83,1.2
September 30 2022,Sarpy,NE,Passenger,1,0,1,63,64,1.56
February 28 2017,Grays Harbor,WA,Truck,0,0,0,19816,19816,0
October 31 2023,Cumberland,NC,Passenger,2,3,5,315,320,1.56
January 31 2021,Solano,CA,Passenger,1,0,1,204,205,0.49
April 30 2018,Orange,FL,Passenger,2,1,3,171,174,1.72
April 30 2023,Sarpy,NE,Passenger,1,0,1,61,62,1.61
July 31 2020,Randolph,NC,Passenger,1,0,1,8,9,11.11
October 31 2017,Kent,MI,Passenger,0,1,1,34,35,2.86
March 31 2024,Harford,MD,Passenger,2,1,3,41,44,6.82
October 31 2020,Kootenai,ID,Passenger,0,1,1,216,217,0.46
April 30 2021,Clackamas,OR,Passenger,2,0,2,186,188,1.06
August 31 2023,Flathead,MT,Passenger,1,0,1,22,23,4.35
December 31 2022,Adams,WA,Passenger,23,11,34,12987,13021,0.26
August 31 2019,Palm Beach,FL,Passenger,0,2,2,87,89,2.25
February 29 2020,DeKalb,GA,Passenger,1,0,1,88,89,1.12
October 31 2019,Dakota,MN,Passenger,0,1,1,34,35,2.86
December 31 2021,Wahkiakum,WA,Truck,0,0,0,1823,1823,0
June 30 2017,Hawaii,HI,Passenger,1,0,1,85,86,1.16
May 31 2022,Walla Walla,WA,Passenger,171,96,267,35934,36201,0.74
September 30 2020,Franklin,WA,Truck,0,0,0,20282,20282,0
June 30 2020,Douglas,WA,Truck,0,0,0,12303,12303,0
September 30 2022,Skamania,WA,Truck,0,0,0,3904,3904,0
December 31 2023,Essex,MA,Passenger,1,0,1,10,11,9.09
May 31 2020,Asotin,WA,Passenger,16,12,28,12328,12356,0.23
May 31 2017,Clallam,WA,Passenger,84,74,158,48205,48363,0.33
March 31 2018,St. Lucie,FL,Passenger,1,0,1,26,27,3.7
July 31 2020,Valencia,NM,Passenger,1,0,1,8,9,11.11
November 30 2023,District of Columbia,DC,Passenger,1,0,1,133,134,0.75
June 30 2017,Salt Lake,UT,Passenger,1,1,2,267,269,0.74
September 30 2022,Rockdale,GA,Passenger,1,0,1,7,8,12.5
June 30 2023,Yuba,CA,Passenger,1,0,1,55,56,1.79
May 31 2024,Utah,UT,Passenger,1,0,1,65,66,1.52
December 31 2018,Yakima,WA,Passenger,82,99,181,164731,164912,0.11
April 30 2017,Pacific,WA,Passenger,9,8,17,15073,15090,0.11
November 30 2017,,,Passenger,3,0,3,445,448,0.67
June 30 2018,Pend Oreille,WA,Truck,0,0,0,5685,5685,0
December 31 2022,Lane,OR,Passenger,0,2,2,96,98,2.04
January 31 2019,Flathead,MT,Passenger,1,0,1,64,65,1.54
November 30 2018,Lumpkin,GA,Passenger,1,0,1,7,8,12.5
March 31 2024,Chelan,WA,Passenger,815,225,1040,54147,55187,1.88
October 31 2019,Skamania,WA,Passenger,25,19,44,8792,8836,0.5
September 30 2018,Douglas,WA,Truck,0,0,0,12009,12009,0
September 30 2020,Ventura,CA,Passenger,1,1,2,293,295,0.68
October 31 2019,Guadalupe,TX,Passenger,1,0,1,73,74,1.35
January 31 2020,Carson City,NV,Passenger,1,0,1,9,10,10
July 31 2018,King,WA,Truck,7,1,8,182932,182940,0
September 30 2023,Pacific,WA,Passenger,83,97,180,15520,15700,1.15
August 31 2021,Placer,CA,Passenger,2,0,2,77,79,2.53
July 31 2018,Bexar,TX,Passenger,2,4,6,749,755,0.79
September 30 2018,Eagle,CO,Passenger,1,0,1,5,6,16.67
May 31 2022,Franklin,WA,Passenger,181,110,291,61958,62249,0.47
July 31 2023,Wilson,TX,Passenger,0,1,1,3,4,25
June 30 2023,Alameda,CA,Passenger,5,2,7,179,186,3.76
August 31 2017,Alameda,CA,Passenger,0,1,1,362,363,0.28
August 31 2020,San Joaquin,CA,Passenger,1,0,1,129,130,0.77
June 30 2020,Denton,TX,Passenger,1,0,1,95,96,1.04
October 31 2022,Franklin,WA,Passenger,239,112,351,61715,62066,0.57
April 30 2023,Bell,TX,Passenger,1,0,1,286,287,0.35
October 31 2022,Skagit,WA,Truck,8,0,8,32189,32197,0.02
July 31 2020,Okanogan,WA,Truck,0,0,0,16488,16488,0
April 30 2021,Portsmouth,VA,Passenger,0,1,1,78,79,1.27
January 31 2018,Travis,TX,Passenger,1,1,2,196,198,1.01
June 30 2022,Gwinnett,GA,Passenger,1,0,1,56,57,1.75
February 28 2023,St. Lawrence,NY,Passenger,1,0,1,4,5,20
December 31 2019,Pierce,WA,Truck,0,0,0,140795,140795,0
July 31 2022,Grays Harbor,WA,Truck,2,0,2,21219,21221,0.01
July 31 2023,Benton,WA,Truck,26,0,26,43139,43165,0.06
November 30 2020,Dakota,MN,Passenger,0,1,1,29,30,3.33
May 31 2019,Santa Cruz,CA,Passenger,1,0,1,42,43,2.33
November 30 2018,DuPage,IL,Passenger,1,0,1,61,62,1.61
May 31 2023,Essex,MA,Passenger,1,0,1,9,10,10
July 31 2022,Rockdale,GA,Passenger,1,0,1,8,9,11.11
December 31 2020,Placer,CA,Passenger,2,0,2,90,92,2.17
March 31 2022,Los Angeles,CA,Passenger,5,7,12,878,890,1.35
April 30 2019,Fairfax,VA,Passenger,4,1,5,788,793,0.63
October 31 2021,Fort Bend,TX,Passenger,1,0,1,35,36,2.78
May 31 2023,Pulaski,MO,Passenger,3,0,3,98,101,2.97
August 31 2021,Dallas,IA,Passenger,0,1,1,10,11,9.09
May 31 2019,Maui,HI,Passenger,2,0,2,49,51,3.92
December 31 2021,Rockdale,GA,Passenger,1,0,1,6,7,14.29
November 30 2018,Carson City,NV,Passenger,1,0,1,15,16,6.25
November 30 2020,Clark,WA,Passenger,2286,1140,3426,318668,322094,1.06
April 30 2019,Multnomah,OR,Passenger,4,5,9,772,781,1.15
March 31 2019,Collin,TX,Passenger,1,1,2,153,155,1.29
September 30 2023,Frederick,MD,Passenger,2,1,3,49,52,5.77
June 30 2021,El Paso,TX,Passenger,4,0,4,400,404,0.99
December 31 2023,Oldham,KY,Passenger,0,1,1,2,3,33.33
June 30 2019,Travis,TX,Passenger,4,1,5,214,219,2.28
June 30 2022,Berkeley,SC,Passenger,0,1,1,123,124,0.81
April 30 2024,San Joaquin,CA,Passenger,1,0,1,63,64,1.56
January 31 2024,Contra Costa,CA,Passenger,2,1,3,152,155,1.94
March 31 2018,Juneau,AK,Passenger,0,1,1,44,45,2.22
January 31 2018,Montgomery,MD,Passenger,1,0,1,307,308,0.32
April 30 2021,Kitsap,WA,Truck,0,0,0,54523,54523,0
August 31 2022,Grant,WA,Truck,1,0,1,27974,27975,0
June 30 2022,Suffolk,MA,Passenger,0,1,1,23,24,4.17
April 30 2020,Flathead,MT,Passenger,1,0,1,70,71,1.41
December 31 2022,Palm Beach,FL,Passenger,2,1,3,59,62,4.84
February 29 2024,Sacramento,CA,Truck,1,0,1,28,29,3.45
September 30 2022,San Mateo,CA,Passenger,1,0,1,86,87,1.15
June 30 2024,Collier,FL,Passenger,1,0,1,6,7,14.29
April 30 2020,Grays Harbor,WA,Passenger,106,110,216,48060,48276,0.45
February 28 2018,New London,CT,Passenger,1,0,1,245,246,0.41
February 28 2023,Polk,OR,Passenger,1,1,2,19,21,9.52
April 30 2022,DeKalb,GA,Passenger,1,0,1,57,58,1.72
June 30 2017,Sumter,FL,Passenger,0,1,1,11,12,8.33
September 30 2018,Whitman,WA,Passenger,20,32,52,22681,22733,0.23
January 31 2019,Jefferson,WA,Truck,0,0,0,9614,9614,0
October 31 2021,Sonoma,CA,Passenger,0,1,1,93,94,1.06
January 31 2024,Polk,OR,Passenger,1,1,2,16,18,11.11
March 31 2022,Denton,TX,Passenger,2,0,2,75,77,2.6
July 31 2020,Bradley,TN,Passenger,1,0,1,3,4,25
March 31 2017,Benton,WA,Passenger,140,139,279,127917,128196,0.22
March 31 2017,Jefferson,NY,Passenger,1,1,2,260,262,0.76
July 31 2021,Skagit,WA,Passenger,610,281,891,91795,92686,0.96
January 31 2021,Pend Oreille,WA,Passenger,12,3,15,9173,9188,0.16
March 31 2021,Larimer,CO,Passenger,1,0,1,48,49,2.04
February 28 2017,Bergen,NJ,Passenger,0,2,2,32,34,5.88
July 31 2017,Dale,AL,Passenger,0,1,1,62,63,1.59
June 30 2022,Boone,MO,Passenger,0,1,1,9,10,10
September 30 2018,Flathead,MT,Passenger,1,0,1,57,58,1.72
March 31 2018,Skamania,WA,Truck,0,0,0,3925,3925,0
October 31 2019,Jefferson,WA,Truck,0,0,0,9668,9668,0
January 31 2024,Meade,KY,Passenger,1,0,1,16,17,5.88
November 30 2023,Gwinnett,GA,Passenger,1,0,1,46,47,2.13
May 31 2017,Pinal,AZ,Passenger,2,0,2,255,257,0.78
June 30 2023,St. Louis,MO,Passenger,1,0,1,54,55,1.82
February 28 2023,Middlesex,MA,Passenger,2,0,2,85,87,2.3
February 28 2023,Montgomery,PA,Passenger,1,0,1,21,22,4.55
April 30 2022,Clinton,PA,Passenger,1,0,1,1,2,50
March 31 2021,Pierce,WA,Passenger,3124,1844,4968,556162,561130,0.89
March 31 2022,Franklin,WA,Passenger,179,106,285,62017,62302,0.46
August 31 2017,Douglas,WA,Truck,0,0,0,11570,11570,0
December 31 2019,Jefferson,NY,Passenger,0,1,1,214,215,0.47
May 31 2020,Collier,FL,Passenger,1,0,1,22,23,4.35
January 31 2017,Whatcom,WA,Passenger,384,141,525,141854,142379,0.37
September 30 2021,Whitman,WA,Passenger,64,56,120,21887,22007,0.55
July 31 2023,Contra Costa,CA,Passenger,1,2,3,171,174,1.72
May 31 2022,Klickitat,WA,Truck,1,0,1,8283,8284,0.01
March 31 2023,Doña Ana,NM,Passenger,1,0,1,12,13,7.69
November 30 2021,Camden,NJ,Passenger,0,1,1,15,16,6.25
May 31 2024,Spokane,WA,Passenger,3289,1593,4882,319447,324329,1.51
May 31 2020,Skagit,WA,Passenger,402,216,618,91131,91749,0.67
August 31 2017,Skagit,WA,Truck,1,0,1,31505,31506,0
August 31 2019,Orange,CA,Passenger,6,3,9,543,552,1.63
February 29 2020,Calvert,MD,Passenger,0,2,2,92,94,2.13
September 30 2023,Essex,MA,Passenger,1,0,1,10,11,9.09
May 31 2023,Clark,WA,Truck,90,0,90,81407,81497,0.11
June 30 2022,Pend Oreille,WA,Passenger,17,11,28,9040,9068,0.31
February 28 2022,Camden,NJ,Passenger,0,1,1,13,14,7.14
March 31 2019,Alameda,CA,Passenger,2,2,4,331,335,1.19
November 30 2022,Louisa,VA,Passenger,0,1,1,1,2,50
December 31 2023,Grant,WA,Passenger,368,163,531,67493,68024,0.78
June 30 2021,San Juan,WA,Passenger,431,135,566,14248,14814,3.82
September 30 2021,Lake,FL,Passenger,1,0,1,25,26,3.85
October 31 2017,Moore,NC,Passenger,0,1,1,197,198,0.51
May 31 2018,Arlington,VA,Passenger,1,2,3,176,179,1.68
April 30 2019,Orange,CA,Passenger,6,1,7,549,556,1.26
August 31 2018,New Haven,CT,Passenger,0,1,1,48,49,2.04
December 31 2017,Santa Clara,CA,Passenger,7,1,8,391,399,2.01
July 31 2021,Harnett,NC,Passenger,1,1,2,182,184,1.09
March 31 2019,DeKalb,GA,Passenger,1,0,1,84,85,1.18
December 31 2020,Sumter,FL,Passenger,0,1,1,11,12,8.33
June 30 2017,Manatee,FL,Passenger,1,0,1,49,50,2
August 31 2018,Thurston,WA,Truck,0,0,0,54551,54551,0
May 31 2018,Portsmouth,VA,Passenger,0,1,1,71,72,1.39
November 30 2018,Walla Walla,WA,Passenger,38,52,90,36084,36174,0.25
June 30 2018,Collier,FL,Passenger,1,0,1,23,24,4.17
April 30 2018,Lumpkin,GA,Passenger,1,0,1,7,8,12.5
August 31 2022,Cowlitz,WA,Truck,2,0,2,28425,28427,0.01
July 31 2020,Clallam,WA,Truck,1,0,1,21690,21691,0
December 31 2022,Chelan,WA,Passenger,534,142,676,54181,54857,1.23
August 31 2020,Whitman,WA,Passenger,46,48,94,22003,22097,0.43
August 31 2021,Lincoln,WA,Passenger,7,15,22,7688,7710,0.29
February 28 2022,Mercer,NJ,Passenger,0,1,1,11,12,8.33
August 31 2021,Spartanburg,SC,Passenger,0,1,1,52,53,1.89
February 29 2024,Oldham,KY,Passenger,0,1,1,2,3,33.33
August 31 2023,Lewis,WA,Passenger,347,251,598,59418,60016,1
September 30 2017,Chelan,WA,Truck,0,0,0,21411,21411,0
October 31 2022,Franklin,WA,Truck,2,0,2,20860,20862,0.01
January 31 2019,Saratoga,NY,Passenger,1,0,1,58,59,1.69
August 31 2017,Moore,NC,Passenger,0,1,1,195,196,0.51
December 31 2020,Twin Falls,ID,Passenger,0,1,1,27,28,3.57
June 30 2023,Benton,WA,Passenger,1143,570,1713,135330,137043,1.25
March 31 2018,San Diego,CA,Passenger,6,2,8,2566,2574,0.31
June 30 2021,Skagit,WA,Truck,1,0,1,33002,33003,0
March 31 2017,Mason,WA,Truck,0,0,0,19221,19221,0
January 31 2017,Klickitat,WA,Truck,0,0,0,7940,7940,0
February 28 2019,Montgomery,MD,Passenger,1,0,1,283,284,0.35
February 28 2022,Sarasota,FL,Passenger,2,0,2,38,40,5
July 31 2017,Kent,MI,Passenger,0,1,1,37,38,2.63
August 31 2023,Grant,WA,Passenger,307,138,445,67275,67720,0.66
March 31 2018,Ada,ID,Passenger,0,2,2,350,352,0.57
November 30 2021,Chelan,WA,Truck,0,0,0,23079,23079,0
February 28 2021,Stevens,WA,Passenger,39,42,81,30203,30284,0.27
March 31 2021,Hamilton,IN,Passenger,2,0,2,41,43,4.65
December 31 2018,Pinal,AZ,Passenger,2,0,2,207,209,0.96
October 31 2022,Bartow,GA,Passenger,0,1,1,4,5,20
March 31 2017,Gwinnett,GA,Passenger,0,1,1,87,88,1.14
January 31 2020,Randolph,NC,Passenger,1,0,1,7,8,12.5
March 31 2020,RÃ­o Grande,PR,Passenger,1,0,1,1,2,50
May 31 2017,Skagit,WA,Passenger,135,102,237,87849,88086,0.27
September 30 2023,Columbia,WA,Passenger,12,0,12,2431,2443,0.49
March 31 2018,Pend Oreille,WA,Truck,0,0,0,5660,5660,0
August 31 2022,Adams,WA,Truck,1,0,1,5431,5432,0.02
March 31 2023,Orange,CA,Passenger,11,3,14,357,371,3.77
November 30 2021,Tom Green,TX,Passenger,0,1,1,25,26,3.85
June 30 2019,Clark,WA,Passenger,1538,927,2465,313762,316227,0.78
May 31 2019,Travis,TX,Passenger,4,1,5,218,223,2.24
May 31 2018,San Juan,WA,Truck,0,0,0,5700,5700,0
August 31 2020,Riverside,CA,Passenger,3,0,3,632,635,0.47
February 28 2017,Moore,NC,Passenger,0,1,1,207,208,0.48
April 30 2019,Santa Cruz,CA,Passenger,1,0,1,41,42,2.38
March 31 2024,Norfolk,VA,Passenger,0,1,1,250,251,0.4
December 31 2021,San Bernardino,CA,Passenger,1,1,2,390,392,0.51
June 30 2018,Grays Harbor,WA,Truck,0,0,0,20217,20217,0
April 30 2020,Klamath,OR,Passenger,1,0,1,35,36,2.78
March 31 2017,Grays Harbor,WA,Truck,0,0,0,19861,19861,0
April 30 2021,Nassau,NY,Passenger,4,0,4,35,39,10.26
December 31 2017,Shelby,TN,Passenger,0,1,1,106,107,0.93
June 30 2024,Lewis,WA,Truck,17,0,17,25195,25212,0.07
April 30 2024,Marion,OR,Passenger,1,0,1,42,43,2.33
September 30 2017,Snohomish,WA,Passenger,1911,974,2885,514284,517169,0.56
December 31 2023,Whitman,WA,Truck,7,0,7,8646,8653,0.08
June 30 2022,Flathead,MT,Passenger,1,0,1,37,38,2.63
April 30 2021,Yakima,WA,Truck,0,0,0,61637,61637,0
April 30 2017,Pacific,WA,Truck,0,0,0,7460,7460,0
December 31 2017,Skamania,WA,Passenger,10,7,17,8586,8603,0.2
December 31 2020,Hawaii,HI,Passenger,1,0,1,59,60,1.67
March 31 2023,Columbia,OR,Passenger,1,0,1,13,14,7.14
July 31 2022,Juneau,AK,Passenger,0,1,1,32,33,3.03
November 30 2021,Walla Walla,WA,Passenger,137,84,221,36366,36587,0.6
June 30 2018,Kittitas,WA,Passenger,48,32,80,28918,28998,0.28
September 30 2019,Kitsap,WA,Truck,1,0,1,54198,54199,0
June 30 2023,Saratoga,NY,Passenger,1,1,2,35,37,5.41
October 31 2021,Lee,FL,Passenger,1,0,1,39,40,2.5
April 30 2022,Orange,NC,Passenger,0,1,1,10,11,9.09
April 30 2020,Jones,GA,Passenger,1,0,1,1,2,50
March 31 2018,Latah,ID,Passenger,0,1,1,81,82,1.22
September 30 2021,Cumberland,NC,Passenger,1,4,5,427,432,1.16
June 30 2022,Ventura,CA,Passenger,1,3,4,256,260,1.54
October 31 2023,Franklin,WA,Truck,7,0,7,20939,20946,0.03
November 30 2023,DuPage,IL,Passenger,2,1,3,30,33,9.09
October 31 2023,Lincoln,WA,Truck,0,0,0,4807,4807,0
March 31 2019,Mercer,NJ,Passenger,0,1,1,17,18,5.56
May 31 2018,Lee,AL,Passenger,1,0,1,33,34,2.94
December 31 2017,Benton,WA,Passenger,172,168,340,130209,130549,0.26
August 31 2017,Lewis,WA,Passenger,55,40,95,55796,55891,0.17
November 30 2019,,,Passenger,7,2,9,417,426,2.11
October 31 2018,Volusia,FL,Passenger,0,1,1,40,41,2.44
October 31 2020,Twin Falls,ID,Passenger,0,1,1,26,27,3.7
August 31 2017,Yakima,WA,Passenger,54,67,121,160126,160247,0.08
February 29 2020,Yakima,WA,Passenger,122,116,238,165911,166149,0.14
March 31 2019,Salt Lake,UT,Passenger,1,0,1,217,218,0.46
May 31 2017,,,Passenger,2,0,2,459,461,0.43
June 30 2021,Columbia,WA,Passenger,6,2,8,2465,2473,0.32
September 30 2020,Ferry,WA,Passenger,8,3,11,4308,4319,0.25
September 30 2022,Yavapai,AZ,Passenger,0,1,1,25,26,3.85
July 31 2022,Duval,FL,Passenger,1,2,3,301,304,0.99
January 31 2019,Lee,AL,Passenger,1,0,1,35,36,2.78
November 30 2020,Shelby,OH,Passenger,0,1,1,2,3,33.33
January 31 2019,Montgomery,MD,Passenger,1,0,1,282,283,0.35
February 28 2022,Goochland,VA,Passenger,4,2,6,199,205,2.93
December 31 2019,Garfield,WA,Truck,0,0,0,967,967,0
June 30 2021,Sumter,SC,Passenger,0,1,1,37,38,2.63
April 30 2019,DeKalb,IN,Passenger,1,0,1,1,2,50
January 31 2019,Garfield,OK,Passenger,1,0,1,15,16,6.25
March 31 2022,Kauai,HI,Passenger,1,0,1,20,21,4.76
July 31 2017,Wahkiakum,WA,Truck,0,0,0,1659,1659,0
June 30 2024,Flathead,MT,Passenger,1,0,1,15,16,6.25
September 30 2020,Williams,ND,Passenger,0,1,1,11,12,8.33
April 30 2020,Skamania,WA,Passenger,29,16,45,8602,8647,0.52
December 31 2017,Travis,TX,Passenger,1,1,2,196,198,1.01
October 31 2020,Denton,TX,Passenger,1,0,1,90,91,1.1
June 30 2017,Cowlitz,WA,Truck,0,0,0,27909,27909,0
March 31 2024,Yuba,CA,Passenger,1,0,1,49,50,2
January 31 2017,Island,WA,Passenger,103,119,222,59391,59613,0.37
May 31 2019,Moore,NC,Passenger,0,1,1,180,181,0.55
May 31 2022,Island,WA,Truck,1,0,1,21376,21377,0
August 31 2023,Island,WA,Truck,35,0,35,20943,20978,0.17
November 30 2022,Columbia,OR,Passenger,1,0,1,14,15,6.67
July 31 2022,Washoe,NV,Passenger,1,0,1,72,73,1.37
July 31 2020,Kitsap,WA,Passenger,1378,696,2074,179761,181835,1.14
October 31 2019,Kittitas,WA,Passenger,87,45,132,29956,30088,0.44
January 31 2018,Columbia,WA,Truck,0,0,0,1545,1545,0
April 30 2022,Howard,IN,Passenger,0,1,1,5,6,16.67
December 31 2020,Fulton,GA,Passenger,1,3,4,96,100,4
August 31 2017,Benton,WA,Passenger,161,147,308,129023,129331,0.24
April 30 2019,Frederick,MD,Passenger,1,1,2,75,77,2.6
May 31 2018,Dallas,TX,Passenger,0,1,1,201,202,0.5
July 31 2023,Columbia,OR,Passenger,1,0,1,11,12,8.33
February 28 2018,Hawaii,HI,Passenger,1,0,1,86,87,1.15
July 31 2024,Sonoma,CA,Passenger,2,1,3,54,57,5.26
December 31 2018,Eagle,CO,Passenger,1,0,1,5,6,16.67
February 28 2018,DeKalb,IN,Passenger,1,0,1,1,2,50
August 31 2019,Clallam,WA,Passenger,184,148,332,50721,51053,0.65
January 31 2020,San Juan,WA,Truck,0,0,0,5926,5926,0
June 30 2019,Pinal,AZ,Passenger,2,0,2,201,203,0.99
May 31 2018,Manatee,FL,Passenger,1,0,1,41,42,2.38
January 31 2020,Wilson,TX,Passenger,0,1,1,8,9,11.11
May 31 2024,Yakima,WA,Passenger,760,339,1099,165723,166822,0.66
June 30 2023,Calvert,MD,Passenger,1,1,2,78,80,2.5
December 31 2023,Ulster,NY,Passenger,1,0,1,7,8,12.5
April 30 2020,Valencia,NM,Passenger,1,0,1,7,8,12.5
January 31 2019,Maricopa,AZ,Passenger,4,3,7,1636,1643,0.43
January 31 2024,Clallam,WA,Truck,29,0,29,21516,21545,0.13
March 31 2021,Honolulu,HI,Passenger,5,2,7,457,464,1.51
June 30 2024,Honolulu,HI,Passenger,5,2,7,209,216,3.24
September 30 2023,Harford,MD,Passenger,1,1,2,40,42,4.76
May 31 2022,San Juan,WA,Truck,1,0,1,5977,5978,0.02
February 28 2018,Santa Rosa,FL,Passenger,1,0,1,101,102,0.98
January 31 2020,Pacific,WA,Truck,0,0,0,7743,7743,0
June 30 2020,Ulster,NY,Passenger,1,0,1,12,13,7.69
July 31 2022,Adams,CO,Passenger,1,0,1,41,42,2.38
September 30 2017,San Juan,WA,Truck,0,0,0,5558,5558,0
November 30 2023,Montgomery,OH,Passenger,0,1,1,39,40,2.5
August 31 2023,San Juan,WA,Truck,15,0,15,5926,5941,0.25
July 31 2018,Pend Oreille,WA,Truck,0,0,0,5702,5702,0
March 31 2017,Volusia,FL,Passenger,0,1,1,49,50,2
February 28 2018,Klickitat,WA,Passenger,25,27,52,14943,14995,0.35
February 28 2022,Maricopa,AZ,Passenger,12,4,16,1186,1202,1.33
March 31 2024,Ventura,CA,Passenger,3,3,6,200,206,2.91
October 31 2020,Sacramento,CA,Passenger,1,1,2,268,270,0.74
July 31 2024,Grant,WA,Truck,26,0,26,27301,27327,0.1
July 31 2021,Norfolk,VA,Passenger,2,3,5,325,330,1.52
November 30 2021,Saratoga,NY,Passenger,1,0,1,41,42,2.38
February 28 2023,Middlesex,NJ,Passenger,1,0,1,21,22,4.55
April 30 2024,Skamania,WA,Passenger,145,53,198,7884,8082,2.45
March 31 2020,Chesapeake,VA,Passenger,0,1,1,440,441,0.23
July 31 2021,Douglas,WA,Truck,0,0,0,12689,12689,0
February 28 2022,Hennepin,MN,Passenger,3,0,3,71,74,4.05
July 31 2017,Montgomery,PA,Passenger,1,0,1,38,39,2.56
July 31 2022,Manassas,VA,Passenger,0,1,1,7,8,12.5
July 31 2019,Powhatan,VA,Passenger,1,0,1,1,2,50
May 31 2024,San Juan,WA,Passenger,740,207,947,13467,14414,6.57
June 30 2022,Pend Oreille,WA,Truck,0,0,0,5664,5664,0
October 31 2023,Douglas,NE,Passenger,1,1,2,27,29,6.9
May 31 2018,Franklin,MA,Passenger,0,1,1,3,4,25
October 31 2023,San Bernardino,CA,Passenger,3,1,4,300,304,1.32
June 30 2019,Ferry,WA,Truck,0,0,0,3571,3571,0
October 31 2017,Sangamon,IL,Passenger,1,0,1,11,12,8.33
June 30 2024,San Juan,WA,Truck,32,0,32,5798,5830,0.55
December 31 2018,Yakima,WA,Truck,0,0,0,58836,58836,0
February 28 2022,Garfield,WA,Truck,0,0,0,997,997,0
October 31 2017,Palm Beach,FL,Passenger,0,2,2,95,97,2.06
April 30 2024,Kauai,HI,Passenger,0,1,1,15,16,6.25
October 31 2019,Los Angeles,CA,Passenger,7,9,16,1115,1131,1.41
January 31 2018,Prince George,VA,Passenger,0,1,1,73,74,1.35
September 30 2022,Carroll,NH,Passenger,0,1,1,4,5,20
February 29 2024,Chesterfield,VA,Passenger,1,0,1,31,32,3.12
August 31 2023,Champaign,IL,Passenger,1,0,1,11,12,8.33
December 31 2017,San Mateo,CA,Passenger,0,1,1,149,150,0.67
October 31 2018,Twin Falls,ID,Passenger,0,1,1,24,25,4
March 31 2022,Fredericksburg,VA,Passenger,1,0,1,9,10,10
February 28 2022,Ferry,WA,Passenger,15,3,18,4444,4462,0.4
October 31 2020,Goochland,VA,Passenger,3,2,5,269,274,1.82
October 31 2019,Pacific,WA,Truck,0,0,0,7720,7720,0
February 28 2018,Ramsey,MN,Passenger,1,0,1,40,41,2.44
September 30 2023,Galveston,TX,Passenger,0,1,1,14,15,6.67
December 31 2022,Rockingham,NH,Passenger,1,0,1,15,16,6.25
March 31 2022,Allen,IN,Passenger,1,0,1,20,21,4.76
February 28 2022,Hanover,VA,Passenger,1,0,1,1,2,50
November 30 2022,Cowlitz,WA,Truck,4,0,4,28367,28371,0.01
April 30 2023,Ferry,WA,Truck,0,0,0,3567,3567,0
September 30 2022,Pulaski,MO,Passenger,2,0,2,113,115,1.74
May 31 2022,Rockingham,NH,Passenger,1,0,1,17,18,5.56
April 30 2021,Kauai,HI,Passenger,1,0,1,19,20,5
September 30 2020,Stevens,WA,Truck,0,0,0,18700,18700,0
June 30 2023,Orange,CA,Passenger,9,3,12,344,356,3.37
April 30 2022,Contra Costa,CA,Passenger,0,2,2,245,247,0.81
May 31 2024,Albemarle,VA,Passenger,2,0,2,12,14,14.29
October 31 2021,Riverside,CA,Passenger,5,1,6,555,561,1.07
April 30 2018,Kootenai,ID,Passenger,0,1,1,228,229,0.44
March 31 2019,Ada,ID,Passenger,0,2,2,321,323,0.62
July 31 2021,Baltimore,MD,Passenger,1,0,1,113,114,0.88
May 31 2023,Kauai,HI,Passenger,1,1,2,14,16,12.5
March 31 2022,Richmond,NY,Passenger,1,0,1,4,5,20
June 30 2022,Cowlitz,WA,Passenger,335,172,507,70651,71158,0.71
August 31 2019,Kootenai,ID,Passenger,1,2,3,224,227,1.32
February 29 2020,Chesapeake,VA,Passenger,0,1,1,445,446,0.22
October 31 2022,Burlington,NJ,Passenger,0,2,2,95,97,2.06
December 31 2018,Sedgwick,KS,Passenger,0,1,1,100,101,0.99
July 31 2019,Cowlitz,WA,Truck,0,0,0,28861,28861,0
October 31 2022,,,Passenger,4,1,5,301,306,1.63
May 31 2020,Prince William,VA,Passenger,2,4,6,221,227,2.64
November 30 2022,Tarrant,TX,Passenger,2,0,2,112,114,1.75
April 30 2024,Tarrant,TX,Passenger,2,0,2,76,78,2.56
July 31 2022,Suffolk,VA,Passenger,1,0,1,124,125,0.8
February 28 2017,Cobb,GA,Passenger,0,1,1,82,83,1.2
August 31 2023,San Joaquin,CA,Passenger,0,1,1,75,76,1.32
April 30 2023,Kootenai,ID,Passenger,0,2,2,136,138,1.45
May 31 2023,Douglas,NE,Passenger,1,1,2,32,34,5.88
January 31 2023,Fairfax,VA,Truck,1,0,1,100,101,0.99
February 29 2024,Kootenai,ID,Truck,1,0,1,20,21,4.76
November 30 2023,Galveston,TX,Passenger,0,1,1,14,15,6.67
May 31 2022,Douglas,WA,Truck,0,0,0,12761,12761,0
April 30 2020,Polk,FL,Passenger,1,0,1,78,79,1.27
December 31 2018,Sumter,FL,Passenger,0,1,1,11,12,8.33
March 31 2020,Moore,NC,Passenger,0,1,1,159,160,0.62
August 31 2022,Boulder,CO,Passenger,2,0,2,46,48,4.17
September 30 2021,Sumter,SC,Passenger,0,1,1,35,36,2.78
February 29 2020,Walla Walla,WA,Truck,0,0,0,13696,13696,0
July 31 2023,Lewis,WA,Truck,7,0,7,25979,25986,0.03
June 30 2020,Goochland,VA,Passenger,2,1,3,275,278,1.08
May 31 2021,Boone,MO,Passenger,0,1,1,9,10,10
March 31 2024,Orange,NC,Passenger,0,1,1,3,4,25
October 31 2019,Shelby,OH,Passenger,0,1,1,2,3,33.33
January 31 2018,Kittitas,WA,Passenger,37,27,64,28629,28693,0.22
July 31 2023,Yuba,CA,Passenger,1,0,1,55,56,1.79
March 31 2017,Canyon,ID,Passenger,0,1,1,109,110,0.91
January 31 2021,Cowlitz,WA,Truck,0,0,0,28962,28962,0
September 30 2019,Shasta,CA,Passenger,1,0,1,41,42,2.38
February 28 2017,Orange,FL,Passenger,1,1,2,152,154,1.3
February 28 2017,Ferry,WA,Passenger,2,1,3,4393,4396,0.07
October 31 2018,Okanogan,WA,Truck,0,0,0,16504,16504,0
September 30 2020,Mercer,NJ,Passenger,0,1,1,13,14,7.14
April 30 2023,Okanogan,WA,Truck,3,0,3,16459,16462,0.02
August 31 2020,Asotin,WA,Truck,0,0,0,6666,6666,0
June 30 2020,Island,WA,Passenger,420,269,689,62705,63394,1.09
December 31 2019,Skagit,WA,Passenger,365,213,578,92614,93192,0.62
February 29 2024,Okanogan,WA,Passenger,174,83,257,26124,26381,0.97
October 31 2018,Orange,CA,Passenger,5,1,6,565,571,1.05
August 31 2021,Calvert,MD,Passenger,0,2,2,91,93,2.15
August 31 2018,Williamson,TX,Passenger,0,1,1,170,171,0.58
November 30 2018,Montgomery,TX,Passenger,2,0,2,66,68,2.94
February 28 2022,Ulster,NY,Passenger,1,0,1,14,15,6.67
July 31 2024,Palm Beach,FL,Passenger,1,0,1,38,39,2.56
November 30 2018,Maricopa,AZ,Passenger,2,3,5,1618,1623,0.31
December 31 2017,Los Angeles,CA,Passenger,4,2,6,1244,1250,0.48
November 30 2017,Contra Costa,CA,Passenger,0,1,1,463,464,0.22
December 31 2017,Sumter,FL,Passenger,0,1,1,11,12,8.33
November 30 2022,Lincoln,OR,Passenger,0,1,1,22,23,4.35
July 31 2023,St. Louis,MO,Passenger,1,0,1,53,54,1.85
March 31 2020,Klickitat,WA,Passenger,51,41,92,15591,15683,0.59
May 31 2020,Kitsap,WA,Truck,0,0,0,53843,53843,0
February 29 2024,Saratoga,NY,Passenger,1,1,2,27,29,6.9
April 30 2024,Orange,FL,Passenger,1,0,1,38,39,2.56
June 30 2020,Montgomery,AL,Passenger,1,1,2,39,41,4.88
July 31 2023,Grays Harbor,WA,Passenger,318,194,512,48211,48723,1.05
May 31 2023,Boulder,CO,Passenger,2,0,2,39,41,4.88
June 30 2024,Contra Costa,CA,Passenger,2,1,3,127,130,2.31
July 31 2021,Benton,WA,Truck,0,0,0,43642,43642,0
January 31 2021,Allegheny,PA,Passenger,2,1,3,79,82,3.66
January 31 2018,Hardin,KY,Passenger,0,1,1,112,113,0.88
January 31 2018,Multnomah,OR,Passenger,3,4,7,851,858,0.82
July 31 2019,Boulder,CO,Passenger,1,0,1,51,52,1.92
October 31 2017,DeKalb,GA,Passenger,1,0,1,88,89,1.12
April 30 2022,Cowlitz,WA,Truck,0,1,1,28710,28711,0
April 30 2022,Sedgwick,KS,Passenger,0,1,1,81,82,1.22
January 31 2021,Henrico,VA,Passenger,0,1,1,18,19,5.26
August 31 2018,Okanogan,WA,Truck,0,0,0,16471,16471,0
October 31 2022,Berkeley,SC,Passenger,0,1,1,120,121,0.83
May 31 2023,Goochland,VA,Passenger,2,2,4,76,80,5
November 30 2022,Doña Ana,NM,Passenger,1,0,1,12,13,7.69
March 31 2018,King,WA,Passenger,11968,5149,17117,1367414,1384531,1.24
July 31 2018,Skagit,WA,Passenger,216,171,387,90698,91085,0.42
January 31 2024,Essex,MA,Passenger,1,0,1,10,11,9.09
February 29 2024,Jefferson,NY,Passenger,2,0,2,173,175,1.14
December 31 2020,Spartanburg,SC,Passenger,0,1,1,53,54,1.85
April 30 2020,San Francisco,CA,Passenger,2,1,3,103,106,2.83
February 29 2020,Queens,NY,Passenger,1,0,1,53,54,1.85
May 31 2023,Marin,CA,Passenger,1,1,2,34,36,5.56
January 31 2024,Lincoln,WA,Passenger,23,27,50,7588,7638,0.65
April 30 2023,Wahkiakum,WA,Passenger,26,16,42,3045,3087,1.36
April 30 2018,Columbia,WA,Passenger,2,1,3,2413,2416,0.12
February 28 2022,Arlington,VA,Passenger,1,0,1,140,141,0.71
May 31 2017,Dakota,MN,Passenger,0,1,1,41,42,2.38
February 28 2023,Washoe,NV,Passenger,2,0,2,57,59,3.39
March 31 2019,Mecklenburg,NC,Passenger,1,0,1,83,84,1.19
July 31 2023,Santa Cruz,CA,Passenger,1,0,1,21,22,4.55
January 31 2020,Rockingham,NH,Passenger,1,0,1,27,28,3.57
December 31 2021,Mohave,AZ,Passenger,1,0,1,54,55,1.82
August 31 2017,Kittitas,WA,Passenger,28,21,49,27882,27931,0.18
July 31 2020,Nassau,NY,Passenger,4,0,4,36,40,10
December 31 2018,Cumberland,NC,Passenger,1,1,2,537,539,0.37
July 31 2021,Salt Lake,UT,Passenger,1,1,2,185,187,1.07
November 30 2023,Skamania,WA,Truck,1,0,1,3826,3827,0.03
July 31 2022,Albemarle,VA,Passenger,3,0,3,19,22,13.64
January 31 2023,Prince William,VA,Passenger,1,4,5,188,193,2.59
February 28 2018,Dallas,TX,Passenger,0,1,1,195,196,0.51
July 31 2020,Kootenai,ID,Passenger,1,1,2,220,222,0.9
September 30 2018,Mason,WA,Passenger,94,98,192,46174,46366,0.41
February 29 2024,Charles,MD,Passenger,1,1,2,50,52,3.85
May 31 2023,Whitman,WA,Truck,4,0,4,8585,8589,0.05
February 29 2020,Douglas,NE,Passenger,0,1,1,61,62,1.61
March 31 2019,Santa Cruz,CA,Passenger,1,0,1,43,44,2.27
March 31 2022,Juneau,AK,Passenger,0,1,1,34,35,2.86
May 31 2024,Bell,TX,Passenger,2,0,2,199,201,1
October 31 2023,Duval,FL,Passenger,1,0,1,236,237,0.42
June 30 2020,St. Mary's,MD,Passenger,1,0,1,211,212,0.47
September 30 2021,Portsmouth,VA,Passenger,0,1,1,77,78,1.28
July 31 2023,Douglas,NE,Passenger,1,1,2,27,29,6.9
November 30 2019,Flathead,MT,Passenger,1,0,1,72,73,1.37
October 31 2023,King,WA,Truck,899,2,901,173622,174523,0.52
February 28 2021,Lake,IL,Passenger,2,0,2,167,169,1.18
June 30 2017,Portsmouth,VA,Passenger,0,1,1,66,67,1.49
November 30 2020,Virginia Beach,VA,Passenger,1,0,1,649,650,0.15
December 31 2019,Dallas,TX,Passenger,1,0,1,218,219,0.46
August 31 2020,Hennepin,MN,Passenger,3,0,3,95,98,3.06
August 31 2021,Hawaii,HI,Passenger,1,0,1,52,53,1.89
January 31 2022,Camden,NJ,Passenger,0,1,1,13,14,7.14
July 31 2018,Yakima,WA,Passenger,65,93,158,163943,164101,0.1
February 28 2021,Grays Harbor,WA,Passenger,142,130,272,48767,49039,0.55
December 31 2019,Ferry,WA,Passenger,5,2,7,4401,4408,0.16
November 30 2019,Ventura,CA,Passenger,0,2,2,319,321,0.62
July 31 2017,Garfield,WA,Truck,0,0,0,925,925,0
August 31 2019,Moore,NC,Passenger,0,1,1,178,179,0.56
August 31 2021,Hanover,VA,Passenger,1,0,1,1,2,50
December 31 2019,Los Angeles,CA,Passenger,6,10,16,1109,1125,1.42
January 31 2021,Kootenai,ID,Passenger,0,1,1,206,207,0.48
May 31 2022,Henrico,VA,Passenger,0,1,1,14,15,6.67
April 30 2019,Skagit,WA,Passenger,293,197,490,91523,92013,0.53
December 31 2022,Kings,CA,Passenger,2,1,3,302,305,0.98
June 30 2023,Placer,CA,Passenger,1,0,1,69,70,1.43
May 31 2021,Douglas,CO,Passenger,0,1,1,82,83,1.2
April 30 2022,Collier,FL,Passenger,1,0,1,18,19,5.26
October 31 2023,Washtenaw,MI,Passenger,0,2,2,19,21,9.52
January 31 2022,Bexar,TX,Passenger,2,4,6,520,526,1.14
October 31 2018,Prince William,VA,Passenger,0,5,5,255,260,1.92
September 30 2023,New York,NY,Passenger,2,0,2,35,37,5.41
April 30 2022,Burlington,NJ,Passenger,0,2,2,106,108,1.85
February 29 2024,Berkeley,SC,Passenger,2,1,3,85,88,3.41
July 31 2022,Hillsborough,FL,Passenger,1,2,3,137,140,2.14
February 28 2021,Tulsa,OK,Passenger,1,1,2,51,53,3.77
August 31 2020,Walla Walla,WA,Truck,0,0,0,13747,13747,0
June 30 2018,Brevard,FL,Passenger,0,1,1,96,97,1.03
March 31 2021,Missoula,MT,Passenger,1,0,1,71,72,1.39
October 31 2018,Frederick,MD,Passenger,0,1,1,80,81,1.23
August 31 2023,Cache,UT,Passenger,1,0,1,10,11,9.09
September 30 2020,Cumberland,NC,Passenger,1,3,4,465,469,0.85
December 31 2023,Williamsburg,VA,Passenger,0,1,1,4,5,20
March 31 2017,Yakima,WA,Truck,0,0,0,57256,57256,0
April 30 2024,Nueces,TX,Passenger,1,1,2,43,45,4.44
January 31 2020,Alameda,CA,Passenger,4,1,5,299,304,1.64
September 30 2020,Santa Clara,CA,Passenger,7,2,9,297,306,2.94
July 31 2020,Montgomery,TX,Passenger,1,0,1,54,55,1.82
February 28 2018,Sumter,FL,Passenger,0,1,1,11,12,8.33
December 31 2020,Yakima,WA,Passenger,171,128,299,167230,167529,0.18
September 30 2023,Harrison,MS,Passenger,1,0,1,30,31,3.23
August 31 2023,Pima,AZ,Passenger,1,0,1,197,198,0.51
May 31 2020,Gwinnett,GA,Passenger,1,0,1,77,78,1.28
July 31 2022,Arlington,VA,Passenger,1,0,1,135,136,0.74
November 30 2018,Skagit,WA,Passenger,250,184,434,91172,91606,0.47
February 29 2020,Maricopa,AZ,Passenger,8,9,17,1597,1614,1.05
December 31 2020,Maricopa,AZ,Passenger,7,9,16,1453,1469,1.09
February 29 2024,Virginia Beach,VA,Passenger,5,2,7,407,414,1.69
June 30 2024,Hoke,NC,Passenger,1,0,1,54,55,1.82
June 30 2021,Kings,NY,Passenger,1,0,1,72,73,1.37
December 31 2021,Spokane,WA,Passenger,1307,758,2065,326936,329001,0.63
February 28 2021,Arapahoe,CO,Passenger,1,0,1,131,132,0.76
January 31 2021,Nassau,FL,Passenger,1,0,1,37,38,2.63
March 31 2022,Jefferson,WA,Passenger,408,208,616,24670,25286,2.44
September 30 2021,Walla Walla,WA,Passenger,128,81,209,36412,36621,0.57
February 29 2020,Whitman,WA,Truck,0,0,0,8554,8554,0
February 28 2018,Columbia,WA,Truck,0,0,0,1535,1535,0
November 30 2022,Bexar,TX,Passenger,4,3,7,443,450,1.56
June 30 2017,Prince William,VA,Passenger,0,4,4,270,274,1.46
December 31 2020,Bradley,TN,Passenger,1,0,1,0,1,100
July 31 2020,Mason,WA,Truck,0,0,0,20705,20705,0
November 30 2020,Asotin,WA,Truck,0,0,0,6663,6663,0
November 30 2018,Whitman,WA,Truck,0,0,0,8534,8534,0
August 31 2020,Dallas,IA,Passenger,0,1,1,10,11,9.09
April 30 2021,Milwaukee,WI,Passenger,1,0,1,45,46,2.17
November 30 2020,New Haven,CT,Passenger,0,2,2,35,37,5.41
March 31 2019,Sacramento,CA,Passenger,0,1,1,305,306,0.33
September 30 2022,Dorchester,SC,Passenger,1,0,1,62,63,1.59
March 31 2021,Island,WA,Passenger,556,298,854,62862,63716,1.34
September 30 2020,Klickitat,WA,Passenger,58,42,100,15016,15116,0.66
November 30 2019,Grays Harbor,WA,Truck,0,0,0,20744,20744,0
November 30 2021,Broward,FL,Passenger,2,0,2,106,108,1.85
June 30 2024,Kent,DE,Passenger,1,0,1,36,37,2.7
March 31 2021,St. Louis,MO,Passenger,1,0,1,97,98,1.02
August 31 2021,Botetourt,VA,Passenger,1,0,1,1,2,50
September 30 2022,Montgomery,PA,Passenger,1,0,1,24,25,4
January 31 2019,Franklin,MA,Passenger,0,1,1,2,3,33.33
December 31 2022,Lincoln,WA,Passenger,12,18,30,7750,7780,0.39
April 30 2024,Charles,MD,Passenger,1,1,2,50,52,3.85
May 31 2018,Williamson,TX,Passenger,0,1,1,170,171,0.58
October 31 2018,Prince George,VA,Passenger,0,1,1,76,77,1.3
December 31 2017,Wahkiakum,WA,Truck,0,0,0,1670,1670,0
August 31 2021,Currituck,NC,Passenger,1,0,1,24,25,4
September 30 2023,Prince William,VA,Passenger,1,4,5,162,167,2.99
January 31 2017,Howard,MD,Passenger,0,2,2,92,94,2.13
January 31 2020,Suffolk,VA,Passenger,1,0,1,125,126,0.79
January 31 2022,Kings,CA,Passenger,2,1,3,333,336,0.89
October 31 2021,Gwinnett,GA,Passenger,1,0,1,64,65,1.54
August 31 2020,Suffolk,MA,Passenger,0,2,2,40,42,4.76
April 30 2023,Muscogee,GA,Passenger,1,2,3,106,109,2.75
December 31 2022,Douglas,NE,Passenger,2,1,3,37,40,7.5
December 31 2017,Volusia,FL,Passenger,0,1,1,39,40,2.5
October 31 2019,Kitsap,WA,Passenger,1177,645,1822,182072,183894,0.99
February 28 2022,Chesapeake,VA,Passenger,2,1,3,395,398,0.75
December 31 2018,Charles,MD,Passenger,0,1,1,80,81,1.23
May 31 2021,San Juan,WA,Passenger,423,131,554,14210,14764,3.75
June 30 2018,Alameda,CA,Passenger,0,1,1,356,357,0.28
September 30 2020,Travis,TX,Passenger,3,1,4,189,193,2.07
February 28 2022,Coryell,TX,Passenger,1,0,1,106,107,0.93
February 29 2024,Madison,IL,Passenger,2,0,2,14,16,12.5
December 31 2019,Valencia,NM,Passenger,1,0,1,7,8,12.5
July 31 2021,Lake,IN,Passenger,0,1,1,11,12,8.33
May 31 2024,Williamsburg,VA,Passenger,0,1,1,1,2,50
August 31 2018,Kitsap,WA,Truck,1,0,1,53437,53438,0
September 30 2022,San Diego,CA,Passenger,23,7,30,2395,2425,1.24
July 31 2020,Pinellas,FL,Passenger,1,1,2,118,120,1.67
August 31 2018,Kittitas,WA,Truck,0,0,0,14117,14117,0
April 30 2024,El Dorado,CA,Passenger,1,0,1,14,15,6.67
August 31 2018,Dallas,TX,Passenger,0,1,1,208,209,0.48
September 30 2018,Virginia Beach,VA,Passenger,2,1,3,693,696,0.43
March 31 2019,Lewis,WA,Truck,0,0,0,25753,25753,0
April 30 2017,Canyon,ID,Passenger,0,1,1,107,108,0.93
October 31 2021,Orange,FL,Passenger,2,0,2,118,120,1.67
January 31 2019,El Paso,TX,Passenger,2,0,2,492,494,0.4
January 31 2021,Frederick,MD,Passenger,1,1,2,63,65,3.08
September 30 2021,Owyhee,ID,Passenger,1,0,1,3,4,25
May 31 2021,Washington,OR,Passenger,1,0,1,413,414,0.24
November 30 2019,San Joaquin,CA,Passenger,1,0,1,143,144,0.69
June 30 2023,San Francisco,CA,Passenger,2,0,2,70,72,2.78
January 31 2023,Kitsap,WA,Truck,40,0,40,52800,52840,0.08
February 28 2019,Tarrant,TX,Passenger,2,0,2,210,212,0.94
June 30 2018,Orange,FL,Passenger,2,1,3,176,179,1.68
April 30 2023,Columbia,OR,Passenger,1,0,1,13,14,7.14
January 31 2020,Montgomery,OH,Passenger,0,1,1,49,50,2
March 31 2017,Snohomish,WA,Passenger,1656,848,2504,513305,515809,0.49
August 31 2020,Arlington,VA,Passenger,0,2,2,154,156,1.28
December 31 2020,Ferry,WA,Truck,0,0,0,3609,3609,0
April 30 2018,Sangamon,IL,Passenger,1,0,1,11,12,8.33
October 31 2020,Tarrant,TX,Passenger,1,0,1,174,175,0.57
December 31 2019,Greene,MO,Passenger,0,1,1,33,34,2.94
June 30 2024,Carroll,MD,Passenger,0,1,1,11,12,8.33
June 30 2019,San Diego,CA,Passenger,11,3,14,2686,2700,0.52
November 30 2019,Tarrant,TX,Passenger,3,0,3,200,203,1.48
February 28 2019,Charles,MD,Passenger,0,1,1,81,82,1.22
June 30 2020,Dallas,IA,Passenger,0,1,1,10,11,9.09
October 31 2022,King,WA,Passenger,45314,11903,57217,1339540,1396757,4.1
April 30 2022,Broward,FL,Passenger,2,0,2,94,96,2.08
October 31 2020,Asotin,WA,Truck,0,0,0,6683,6683,0
November 30 2018,District of Columbia,DC,Passenger,1,3,4,189,193,2.07
January 31 2018,Manatee,FL,Passenger,1,0,1,41,42,2.38
March 31 2018,DeKalb,IN,Passenger,1,0,1,1,2,50
May 31 2021,Santa Clara,CA,Passenger,9,3,12,284,296,4.05
July 31 2017,Franklin,OH,Passenger,0,1,1,120,121,0.83
July 31 2019,Harris,TX,Passenger,1,1,2,287,289,0.69
August 31 2019,Boone,MO,Passenger,0,1,1,10,11,9.09
April 30 2020,Duval,FL,Passenger,0,2,2,363,365,0.55
October 31 2017,Clallam,WA,Truck,0,0,0,21148,21148,0
May 31 2022,Middlesex,MA,Passenger,1,0,1,95,96,1.04
August 31 2019,Lewis,WA,Truck,0,0,0,25983,25983,0
November 30 2023,Pitt,NC,Passenger,0,1,1,7,8,12.5
August 31 2017,Cowlitz,WA,Truck,0,0,0,27988,27988,0
April 30 2023,Pacific,WA,Truck,3,0,3,7815,7818,0.04
June 30 2021,Grays Harbor,WA,Passenger,168,144,312,49419,49731,0.63
March 31 2019,Island,WA,Passenger,300,235,535,63077,63612,0.84
October 31 2021,Cumberland,NC,Passenger,1,4,5,422,427,1.17
April 30 2017,Thurston,WA,Truck,0,0,0,53229,53229,0
April 30 2019,Volusia,FL,Passenger,0,1,1,39,40,2.5
April 30 2021,Montgomery,TX,Passenger,1,1,2,51,53,3.77
July 31 2018,Kootenai,ID,Passenger,0,1,1,223,224,0.45
May 31 2024,Montgomery,AL,Passenger,1,1,2,30,32,6.25
November 30 2017,Spokane,WA,Passenger,291,239,530,299570,300100,0.18
November 30 2022,Jefferson,WA,Passenger,476,230,706,24363,25069,2.82
December 31 2017,St. Clair,IL,Passenger,0,1,1,161,162,0.62
February 28 2018,Island,WA,Truck,0,0,0,20820,20820,0
July 31 2022,Cowlitz,WA,Truck,2,0,2,28454,28456,0.01
July 31 2024,Pacific,WA,Truck,11,0,11,7597,7608,0.14
April 30 2023,Mason,WA,Passenger,417,204,621,46312,46933,1.32
October 31 2023,Sonoma,CA,Passenger,2,1,3,61,64,4.69
June 30 2018,Hardin,KY,Passenger,0,1,1,114,115,0.87
February 28 2023,Gwinnett,GA,Passenger,1,0,1,56,57,1.75
August 31 2023,Allegheny,PA,Passenger,1,0,1,59,60,1.67
May 31 2019,Sangamon,IL,Passenger,1,0,1,7,8,12.5
April 30 2019,Clark,WA,Passenger,1414,897,2311,312492,314803,0.73
November 30 2023,Pend Oreille,WA,Passenger,33,20,53,8784,8837,0.6
August 31 2017,Fulton,GA,Passenger,1,0,1,110,111,0.9
July 31 2024,Pima,AZ,Passenger,1,0,1,141,142,0.7
July 31 2023,Newport News,VA,Passenger,1,0,1,109,110,0.91
March 31 2019,St. Lucie,FL,Passenger,1,0,1,29,30,3.33
March 31 2019,Shelby,TN,Passenger,0,1,1,101,102,0.98
January 31 2020,Benton,WA,Passenger,336,315,651,135269,135920,0.48
January 31 2017,Stevens,WA,Truck,0,0,0,18337,18337,0
March 31 2019,Honolulu,HI,Passenger,2,3,5,513,518,0.97
August 31 2018,Lee,FL,Passenger,1,0,1,57,58,1.72
October 31 2019,Montgomery,PA,Passenger,2,0,2,37,39,5.13
September 30 2021,Mohave,AZ,Passenger,1,0,1,60,61,1.64
January 31 2018,Franklin,WA,Passenger,31,51,82,57007,57089,0.14
August 31 2020,Hudson,NJ,Passenger,1,0,1,39,40,2.5
November 30 2021,Pinellas,FL,Passenger,0,1,1,98,99,1.01
February 29 2024,Santa Clara,CA,Passenger,16,1,17,156,173,9.83
December 31 2020,Okaloosa,FL,Passenger,0,1,1,143,144,0.69
October 31 2018,Mercer,NJ,Passenger,0,1,1,18,19,5.26
September 30 2018,Columbia,WA,Truck,0,0,0,1521,1521,0
October 31 2023,Anne Arundel,MD,Passenger,5,3,8,283,291,2.75
January 31 2017,Arlington,VA,Passenger,1,1,2,181,183,1.09
May 31 2019,Charleston,SC,Passenger,1,0,1,119,120,0.83
March 31 2017,Ventura,CA,Passenger,0,2,2,388,390,0.51
December 31 2022,Dorchester,SC,Passenger,1,0,1,55,56,1.79
August 31 2018,Richland,SC,Passenger,0,1,1,174,175,0.57
September 30 2021,Salt Lake,UT,Passenger,1,1,2,180,182,1.1
October 31 2019,Oldham,KY,Passenger,0,1,1,5,6,16.67
October 31 2017,Cumberland,NC,Passenger,1,0,1,572,573,0.17
November 30 2018,Clackamas,OR,Passenger,1,1,2,224,226,0.88
October 31 2019,Flathead,MT,Passenger,1,0,1,71,72,1.39
July 31 2019,San Diego,CA,Passenger,11,3,14,2729,2743,0.51
November 30 2022,King,WA,Truck,337,2,339,178750,179089,0.19
February 28 2021,San Joaquin,CA,Passenger,1,0,1,116,117,0.85
February 29 2024,Boulder,CO,Passenger,1,0,1,23,24,4.17
February 28 2017,Pierce,WA,Passenger,862,778,1640,526639,528279,0.31
October 31 2020,Maui,HI,Passenger,2,0,2,32,34,5.88
March 31 2024,Hennepin,MN,Passenger,1,0,1,26,27,3.7
August 31 2022,Skagit,WA,Truck,5,0,5,32188,32193,0.02
October 31 2023,Ada,ID,Passenger,2,0,2,109,111,1.8
February 28 2023,Kauai,HI,Passenger,1,1,2,15,17,11.76
October 31 2023,Williamsburg,VA,Passenger,0,1,1,4,5,20
December 31 2021,Klickitat,WA,Passenger,89,53,142,15328,15470,0.92
January 31 2024,Kitsap,WA,Truck,114,0,114,51744,51858,0.22
December 31 2018,Clay,FL,Passenger,0,1,1,89,90,1.11
April 30 2020,Greene,MO,Passenger,0,1,1,34,35,2.86
April 30 2023,Shasta,CA,Passenger,1,0,1,25,26,3.85
November 30 2020,Salt Lake,UT,Passenger,1,1,2,187,189,1.06
October 31 2021,Travis,TX,Passenger,4,3,7,156,163,4.29
January 31 2017,St. Mary's,MD,Passenger,0,1,1,202,203,0.49
February 28 2017,Portsmouth,VA,Passenger,0,1,1,64,65,1.54
September 30 2021,Bartow,GA,Passenger,0,1,1,4,5,20
February 29 2024,Bartow,GA,Passenger,0,1,1,2,3,33.33
December 31 2017,Spokane,WA,Passenger,297,240,537,300031,300568,0.18
October 31 2019,Mason,WA,Passenger,140,127,267,47550,47817,0.56
August 31 2019,Island,WA,Truck,0,0,0,21263,21263,0
February 29 2020,Anne Arundel,MD,Passenger,1,1,2,419,421,0.48
August 31 2019,Jefferson,CO,Passenger,0,2,2,56,58,3.45
January 31 2020,Albemarle,VA,Passenger,1,0,1,26,27,3.7
October 31 2020,Lee,FL,Passenger,1,0,1,47,48,2.08
April 30 2023,Island,WA,Passenger,1009,421,1430,61050,62480,2.29
April 30 2020,Okanogan,WA,Passenger,34,31,65,25874,25939,0.25
June 30 2019,Asotin,WA,Passenger,12,8,20,12635,12655,0.16
September 30 2019,El Paso,TX,Passenger,3,0,3,466,469,0.64
April 30 2019,Howard,MD,Passenger,0,1,1,84,85,1.18
February 28 2021,San Diego,CA,Passenger,14,3,17,2684,2701,0.63
March 31 2023,Santa Cruz,CA,Passenger,1,0,1,20,21,4.76
October 31 2023,New Haven,CT,Passenger,0,2,2,26,28,7.14
September 30 2019,Harrison,MS,Passenger,1,0,1,63,64,1.56
December 31 2021,Currituck,NC,Passenger,1,0,1,22,23,4.35
April 30 2021,Platte,MO,Passenger,1,0,1,20,21,4.76
August 31 2021,Shelby,OH,Passenger,0,1,1,4,5,20
August 31 2023,Stevens,WA,Passenger,123,69,192,29556,29748,0.65
December 31 2021,Yakima,WA,Truck,0,0,0,61765,61765,0
April 30 2021,Anne Arundel,MD,Passenger,3,1,4,387,391,1.02
July 31 2022,Los Angeles,CA,Passenger,6,8,14,836,850,1.65
April 30 2021,Hudson,NJ,Passenger,1,0,1,43,44,2.27
April 30 2019,Kern,CA,Passenger,0,1,1,226,227,0.44
May 31 2024,Whitman,WA,Truck,11,0,11,8562,8573,0.13
May 31 2019,Larimer,CO,Passenger,1,0,1,56,57,1.75
July 31 2022,King,WA,Truck,123,2,125,180189,180314,0.07
March 31 2021,Ventura,CA,Passenger,1,2,3,287,290,1.03
January 31 2018,Orange,FL,Passenger,2,1,3,167,170,1.76
October 31 2019,Oklahoma,OK,Passenger,0,1,1,137,138,0.72
March 31 2021,Milwaukee,WI,Passenger,1,0,1,45,46,2.17
April 30 2018,Saratoga,NY,Passenger,1,1,2,64,66,3.03
January 31 2019,Clay,FL,Passenger,0,1,1,88,89,1.12
March 31 2017,Montgomery,PA,Passenger,1,0,1,41,42,2.38
February 28 2019,Kitsap,WA,Passenger,987,571,1558,179731,181289,0.86
March 31 2024,Whatcom,WA,Truck,103,0,103,42321,42424,0.24
October 31 2020,Riverside,CA,Passenger,4,1,5,626,631,0.79
July 31 2023,Yolo,CA,Passenger,2,0,2,26,28,7.14
January 31 2022,Sarpy,NE,Passenger,1,0,1,71,72,1.39
January 31 2024,Cache,UT,Passenger,1,0,1,8,9,11.11
February 28 2022,Lane,OR,Passenger,0,2,2,119,121,1.65
November 30 2019,Montgomery,PA,Passenger,2,0,2,37,39,5.13
May 31 2023,Denton,TX,Passenger,2,0,2,57,59,3.39
August 31 2017,Clallam,WA,Truck,0,0,0,21059,21059,0
January 31 2018,Pacific,WA,Truck,0,0,0,7529,7529,0
January 31 2018,Nassau,NY,Passenger,1,0,1,40,41,2.44
July 31 2024,Benton,WA,Truck,47,0,47,41627,41674,0.11
October 31 2017,Lincoln,WA,Truck,0,0,0,4491,4491,0
January 31 2018,Lincoln,WA,Truck,0,0,0,4504,4504,0
July 31 2020,Stevens,WA,Passenger,38,35,73,30609,30682,0.24
July 31 2019,Jefferson,WA,Passenger,202,118,320,25058,25378,1.26
April 30 2020,Harnett,NC,Passenger,1,0,1,210,211,0.47
December 31 2021,Clackamas,OR,Passenger,2,0,2,177,179,1.12
February 28 2022,Oldham,KY,Passenger,0,1,1,4,5,20
November 30 2020,Clallam,WA,Passenger,262,176,438,49854,50292,0.87
November 30 2017,Monterey,CA,Passenger,0,2,2,202,204,0.98
October 31 2021,Island,WA,Truck,0,0,0,21520,21520,0
January 31 2023,Hamilton,OH,Passenger,1,0,1,35,36,2.78
December 31 2023,Yakima,WA,Truck,15,0,15,60942,60957,0.02
February 28 2022,Snohomish,WA,Truck,3,0,3,125075,125078,0
April 30 2021,Gwinnett,GA,Passenger,1,0,1,69,70,1.43
July 31 2021,Kootenai,ID,Passenger,0,1,1,198,199,0.5
December 31 2020,Whitman,WA,Truck,0,0,0,8507,8507,0
July 31 2017,New Haven,CT,Passenger,0,1,1,57,58,1.72
January 31 2019,Marion,IN,Passenger,1,0,1,120,121,0.83
November 30 2019,Grant,WA,Truck,0,0,0,26944,26944,0
February 28 2021,Saginaw,MI,Passenger,2,0,2,10,12,16.67
February 28 2019,Juneau,AK,Passenger,0,1,1,41,42,2.38
December 31 2020,Hampshire,MA,Passenger,1,0,1,10,11,9.09
November 30 2022,Bartow,GA,Passenger,0,1,1,4,5,20
June 30 2023,Jefferson,NY,Passenger,2,0,2,195,197,1.02
February 29 2024,Stevens,WA,Truck,3,0,3,18702,18705,0.02
October 31 2021,Fairbanks North Star,AK,Passenger,0,1,1,82,83,1.2
February 28 2019,Montgomery,AL,Passenger,1,1,2,47,49,4.08
October 31 2023,Allen,IN,Passenger,1,0,1,11,12,8.33
February 28 2017,Durham,NC,Passenger,0,1,1,38,39,2.56
March 31 2017,Manatee,FL,Passenger,1,0,1,55,56,1.79
June 30 2019,Norfolk,MA,Passenger,1,0,1,40,41,2.44
September 30 2023,Richmond,NY,Passenger,1,0,1,4,5,20
March 31 2022,Howard,IN,Passenger,0,1,1,6,7,14.29
September 30 2021,Grant,WA,Passenger,125,97,222,66837,67059,0.33
June 30 2023,Middlesex,MA,Passenger,2,0,2,85,87,2.3
November 30 2021,Meade,KY,Passenger,1,0,1,25,26,3.85
April 30 2018,Spokane,WA,Truck,1,0,1,92039,92040,0
October 31 2022,Kern,CA,Passenger,1,1,2,203,205,0.98
October 31 2022,Collin,TX,Passenger,4,0,4,81,85,4.71
October 31 2021,Rockdale,GA,Passenger,1,0,1,6,7,14.29
May 31 2024,St. Charles,MO,Passenger,1,0,1,20,21,4.76
April 30 2017,Montgomery,PA,Passenger,1,0,1,40,41,2.44
February 28 2019,Calvert,MD,Passenger,0,1,1,87,88,1.14
September 30 2022,Whitman,WA,Passenger,96,64,160,21897,22057,0.73
December 31 2019,Fulton,GA,Passenger,0,3,3,107,110,2.73
June 30 2022,Lane,OR,Passenger,0,2,2,106,108,1.85
June 30 2024,Stevens,WA,Passenger,150,80,230,29203,29433,0.78
November 30 2018,Virginia Beach,VA,Passenger,2,1,3,692,695,0.43
September 30 2018,Nueces,TX,Passenger,1,1,2,87,89,2.25
June 30 2022,Fresno,CA,Passenger,1,0,1,166,167,0.6
March 31 2021,Carson City,NV,Passenger,1,0,1,12,13,7.69
October 31 2020,Powhatan,VA,Passenger,1,0,1,1,2,50
January 31 2020,King,WA,Truck,6,1,7,182599,182606,0
January 31 2019,Walla Walla,WA,Truck,0,0,0,13535,13535,0
May 31 2021,Lane,OR,Passenger,0,2,2,140,142,1.41
September 30 2021,New London,CT,Passenger,1,4,5,211,216,2.31
August 31 2021,Klamath,OR,Passenger,1,0,1,32,33,3.03
June 30 2020,Kent,MI,Passenger,0,1,1,27,28,3.57
December 31 2021,Nassau,NY,Passenger,3,0,3,34,37,8.11
March 31 2021,Garfield,WA,Truck,0,0,0,1009,1009,0
January 31 2021,Platte,MO,Passenger,1,0,1,20,21,4.76
October 31 2020,Owyhee,ID,Passenger,1,0,1,4,5,20
June 30 2020,Calvert,MD,Passenger,0,2,2,92,94,2.13
March 31 2019,Skagit,WA,Truck,1,0,1,32248,32249,0
February 28 2017,Hawaii,HI,Passenger,1,0,1,90,91,1.1
March 31 2018,Cook,IL,Passenger,1,0,1,281,282,0.35
May 31 2023,Ferry,WA,Truck,0,0,0,3564,3564,0
December 31 2021,Camden,NJ,Passenger,0,1,1,14,15,6.67
May 31 2021,Okanogan,WA,Passenger,60,37,97,26395,26492,0.37
July 31 2022,Douglas,CO,Passenger,0,1,1,81,82,1.22
October 31 2018,Shelby,TN,Passenger,0,1,1,108,109,0.92
January 31 2020,Richland,SC,Passenger,0,1,1,157,158,0.63
July 31 2018,Marin,CA,Passenger,1,0,1,57,58,1.72
March 31 2020,Eagle,CO,Passenger,1,0,1,8,9,11.11
June 30 2017,King,WA,Passenger,10024,4101,14125,1374938,1389063,1.02
December 31 2017,Island,WA,Truck,0,0,0,20746,20746,0
September 30 2022,Clackamas,OR,Passenger,1,0,1,150,151,0.66
June 30 2023,Walla Walla,WA,Truck,5,0,5,13698,13703,0.04
March 31 2021,Yakima,WA,Passenger,190,135,325,168164,168489,0.19
March 31 2024,Honolulu,HI,Passenger,5,2,7,241,248,2.82
April 30 2020,Frederick,MD,Passenger,1,1,2,70,72,2.78
April 30 2018,Gwinnett,GA,Passenger,0,1,1,83,84,1.19
April 30 2021,Saginaw,MI,Passenger,2,0,2,11,13,15.38
January 31 2021,Fairfax,VA,Passenger,5,2,7,714,721,0.97
March 31 2017,Cumberland,NC,Passenger,2,0,2,631,633,0.32
March 31 2021,Wahkiakum,WA,Passenger,9,7,16,3082,3098,0.52
June 30 2019,Nassau,NY,Passenger,4,0,4,43,47,8.51
October 31 2017,Howard,MD,Passenger,0,2,2,90,92,2.17
May 31 2018,Franklin,WA,Truck,0,0,0,18640,18640,0
September 30 2019,New Haven,CT,Passenger,0,2,2,46,48,4.17
September 30 2021,Wilson,TX,Passenger,0,1,1,3,4,25
May 31 2020,Owyhee,ID,Passenger,1,0,1,4,5,20
October 31 2020,Dallas,TX,Passenger,1,0,1,195,196,0.51
November 30 2023,Sacramento,CA,Passenger,2,1,3,152,155,1.94
June 30 2017,Bergen,NJ,Passenger,0,2,2,31,33,6.06
January 31 2020,Bexar,TX,Passenger,1,5,6,670,676,0.89
January 31 2020,Prince George's,MD,Passenger,1,1,2,176,178,1.12
December 31 2021,Williamson,TX,Passenger,1,2,3,108,111,2.7
July 31 2018,Hawaii,HI,Passenger,1,0,1,78,79,1.27
June 30 2019,Maricopa,AZ,Passenger,5,5,10,1616,1626,0.62
January 31 2018,Riverside,CA,Passenger,1,2,3,741,744,0.4
November 30 2021,Jefferson,WA,Truck,0,0,0,9599,9599,0
February 28 2023,St. Louis,MO,Passenger,1,0,1,60,61,1.64
March 31 2019,Pend Oreille,WA,Passenger,5,5,10,9470,9480,0.11
November 30 2021,Okaloosa,FL,Passenger,0,1,1,119,120,0.83
November 30 2019,Boulder,CO,Passenger,1,1,2,54,56,3.57
March 31 2024,King,WA,Truck,1204,2,1206,171030,172236,0.7
April 30 2019,Yakima,WA,Passenger,93,103,196,164577,164773,0.12
February 28 2017,Cowlitz,WA,Passenger,50,46,96,69045,69141,0.14
December 31 2019,Honolulu,HI,Passenger,4,2,6,500,506,1.19
July 31 2024,Virginia Beach,VA,Passenger,4,2,6,351,357,1.68
January 31 2022,San Joaquin,CA,Passenger,1,1,2,100,102,1.96
January 31 2023,Williamson,TX,Passenger,0,2,2,72,74,2.7
June 30 2021,Williams,ND,Passenger,0,1,1,7,8,12.5
April 30 2019,Franklin,WA,Passenger,52,66,118,59451,59569,0.2
May 31 2021,San Juan,WA,Truck,0,0,0,5922,5922,0
January 31 2019,Anne Arundel,MD,Passenger,0,1,1,449,450,0.22
December 31 2020,Philadelphia,PA,Passenger,1,0,1,65,66,1.52
September 30 2020,Broward,FL,Passenger,1,1,2,115,117,1.71
January 31 2022,Prince George's,MD,Passenger,2,1,3,152,155,1.94
May 31 2022,Allegheny,PA,Passenger,2,1,3,69,72,4.17
November 30 2023,Beaufort,SC,Passenger,1,0,1,27,28,3.57
February 29 2024,Autauga,AL,Passenger,2,1,3,12,15,20
February 28 2023,Alameda,CA,Passenger,5,1,6,185,191,3.14
November 30 2021,Kings,CA,Passenger,2,0,2,336,338,0.59
October 31 2022,San Juan,WA,Truck,7,0,7,5946,5953,0.12
September 30 2020,San Joaquin,CA,Passenger,1,0,1,123,124,0.81
November 30 2022,Montgomery,AL,Passenger,1,1,2,36,38,5.26
May 31 2021,Pierce,WA,Truck,0,0,0,145764,145764,0
May 31 2023,Ferry,WA,Passenger,20,4,24,4314,4338,0.55
January 31 2023,Clark,NV,Passenger,10,3,13,499,512,2.54
May 31 2020,Harris,TX,Passenger,1,0,1,270,271,0.37
January 31 2023,Salt Lake,UT,Passenger,2,1,3,135,138,2.17
May 31 2022,Ulster,NY,Passenger,1,0,1,14,15,6.67
May 31 2018,Fairfax,VA,Passenger,3,1,4,832,836,0.48
March 31 2021,Harris,TX,Passenger,1,1,2,244,246,0.81
April 30 2022,Washington,MD,Passenger,2,0,2,12,14,14.29
September 30 2022,Stevens,WA,Passenger,82,56,138,29992,30130,0.46
May 31 2018,Clark,WA,Passenger,963,696,1659,307098,308757,0.54
May 31 2018,Cook,IL,Passenger,1,0,1,273,274,0.36
November 30 2021,Skamania,WA,Passenger,57,40,97,8327,8424,1.15
May 31 2023,El Paso,CO,Passenger,3,2,5,537,542,0.92
November 30 2019,San Juan,WA,Truck,0,0,0,5927,5927,0
January 31 2019,Montgomery,PA,Passenger,2,0,2,35,37,5.41
March 31 2019,Walla Walla,WA,Passenger,44,56,100,36057,36157,0.28
December 31 2021,Baltimore,MD,Passenger,1,0,1,96,97,1.03
February 28 2018,Broward,FL,Passenger,0,1,1,141,142,0.7
March 31 2021,Nassau,NY,Passenger,4,0,4,36,40,10
April 30 2024,Skamania,WA,Truck,3,0,3,3811,3814,0.08
March 31 2024,DeKalb,GA,Passenger,1,0,1,33,34,2.94
May 31 2020,Douglas,WA,Passenger,69,40,109,27954,28063,0.39
October 31 2021,Kootenai,ID,Passenger,0,1,1,195,196,0.51
December 31 2021,Okanogan,WA,Truck,0,0,0,16673,16673,0
October 31 2023,Maui,HI,Passenger,1,0,1,21,22,4.55
April 30 2024,Los Angeles,CA,Passenger,10,3,13,534,547,2.38
January 31 2024,New York,NY,Passenger,2,0,2,33,35,5.71
March 31 2018,Polk,FL,Passenger,1,0,1,66,67,1.49
September 30 2023,Franklin,WA,Passenger,358,151,509,62135,62644,0.81
October 31 2021,San Diego,CA,Passenger,19,5,24,2577,2601,0.92
February 29 2020,Jefferson,WA,Truck,0,0,0,9638,9638,0
January 31 2017,Fulton,GA,Passenger,1,2,3,135,138,2.17
May 31 2024,San Mateo,CA,Passenger,3,0,3,48,51,5.88
May 31 2022,Mercer,NJ,Passenger,0,1,1,11,12,8.33
June 30 2022,Skamania,WA,Passenger,73,47,120,8188,8308,1.44
August 31 2019,Bexar,TX,Passenger,1,5,6,665,671,0.89
August 31 2019,Boulder,CO,Passenger,1,0,1,56,57,1.75
February 28 2023,Okaloosa,FL,Passenger,0,1,1,101,102,0.98
December 31 2022,Hamilton,OH,Truck,1,0,1,4,5,20
November 30 2017,Chelan,WA,Passenger,83,36,119,52832,52951,0.22
May 31 2018,Pacific,WA,Passenger,16,19,35,15541,15576,0.22
January 31 2020,Klickitat,WA,Truck,0,0,0,8295,8295,0
September 30 2021,Yamhill,OR,Passenger,1,0,1,37,38,2.63
July 31 2024,Snohomish,WA,Truck,412,0,412,115849,116261,0.35
April 30 2022,Chelan,WA,Truck,0,0,0,23047,23047,0
July 31 2019,Klickitat,WA,Truck,0,0,0,8248,8248,0
May 31 2022,Clallam,WA,Passenger,411,244,655,49744,50399,1.3
September 30 2021,St. Mary's,MD,Passenger,1,0,1,206,207,0.48
December 31 2019,Virginia Beach,VA,Passenger,1,0,1,694,695,0.14
November 30 2021,New London,CT,Passenger,1,4,5,218,223,2.24
November 30 2018,Sedgwick,KS,Passenger,0,1,1,101,102,0.98
July 31 2023,Douglas,WA,Passenger,212,64,276,28763,29039,0.95
February 28 2017,Grays Harbor,WA,Passenger,27,24,51,44244,44295,0.12
December 31 2018,Pima,AZ,Passenger,1,1,2,427,429,0.47
November 30 2017,Chelan,WA,Truck,0,0,0,21515,21515,0
November 30 2023,Mason,WA,Truck,17,0,17,20502,20519,0.08
July 31 2020,Broward,FL,Passenger,2,1,3,113,116,2.59
November 30 2021,Sedgwick,KS,Passenger,0,1,1,84,85,1.18
August 31 2019,Nantucket,MA,Passenger,1,0,1,2,3,33.33
May 31 2020,Loudoun,VA,Passenger,1,0,1,89,90,1.11
November 30 2018,Riverside,CA,Passenger,2,2,4,698,702,0.57
October 31 2022,Harris,TX,Passenger,1,0,1,169,170,0.59
November 30 2022,Rockingham,NH,Passenger,1,0,1,14,15,6.67
January 31 2018,El Paso,TX,Passenger,1,0,1,513,514,0.19
January 31 2018,Flathead,MT,Passenger,1,0,1,58,59,1.69
May 31 2018,Utah,UT,Passenger,0,1,1,144,145,0.69
September 30 2019,Franklin,WA,Passenger,50,72,122,60340,60462,0.2
December 31 2023,Jefferson,WA,Passenger,661,276,937,24159,25096,3.73
May 31 2017,Island,WA,Passenger,113,130,243,59894,60137,0.4
April 30 2024,Whitman,WA,Truck,11,0,11,8603,8614,0.13
November 30 2017,Volusia,FL,Passenger,0,1,1,40,41,2.44
February 28 2017,Tulare,CA,Passenger,1,0,1,201,202,0.5
February 29 2024,York,VA,Passenger,1,0,1,63,64,1.56
October 31 2020,El Dorado,CA,Passenger,1,0,1,35,36,2.78
October 31 2023,Shelby,AL,Passenger,1,0,1,5,6,16.67
December 31 2022,King,WA,Passenger,48119,12232,60351,1334289,1394640,4.33
May 31 2019,Harnett,NC,Passenger,1,1,2,219,221,0.9
May 31 2024,San Diego,CA,Truck,1,0,1,380,381,0.26
September 30 2017,Shelby,TN,Passenger,0,1,1,109,110,0.91
April 30 2021,Monterey,CA,Passenger,0,2,2,163,165,1.21
March 31 2021,Morris,NJ,Passenger,1,0,1,15,16,6.25
December 31 2023,Grant,WA,Truck,14,0,14,28101,28115,0.05
October 31 2022,Wake,NC,Passenger,1,0,1,90,91,1.1
April 30 2022,Lincoln,WA,Truck,0,0,0,4850,4850,0
December 31 2023,Currituck,NC,Passenger,1,0,1,19,20,5
January 31 2022,Lee,FL,Passenger,1,0,1,34,35,2.86
October 31 2019,Jefferson,WA,Passenger,210,126,336,25150,25486,1.32
May 31 2022,Orange,CA,Passenger,7,3,10,406,416,2.4
February 29 2020,Stevens,WA,Truck,0,0,0,18752,18752,0
November 30 2021,Clackamas,OR,Passenger,2,0,2,180,182,1.1
June 30 2017,Franklin,OH,Passenger,0,1,1,123,124,0.81
July 31 2021,Meade,KY,Passenger,1,0,1,28,29,3.45
July 31 2023,Harrison,MS,Passenger,1,0,1,32,33,3.03
August 31 2019,Island,WA,Passenger,334,245,579,63393,63972,0.91
October 31 2018,Arlington,VA,Passenger,1,1,2,170,172,1.16
May 31 2018,Marin,CA,Passenger,1,0,1,58,59,1.69
June 30 2020,Jefferson,WA,Truck,0,0,0,9530,9530,0
July 31 2022,Snohomish,WA,Truck,27,0,27,123401,123428,0.02
February 28 2023,Newport News,VA,Passenger,1,0,1,114,115,0.87
December 31 2023,Chesterfield,VA,Passenger,1,0,1,31,32,3.12
July 31 2018,Hennepin,MN,Passenger,1,0,1,110,111,0.9
March 31 2024,Santa Clara,CA,Passenger,15,1,16,150,166,9.64
March 31 2024,Orange,FL,Passenger,1,0,1,41,42,2.38
September 30 2021,Douglas,NE,Passenger,1,1,2,54,56,3.57
November 30 2018,Chelan,WA,Truck,0,0,0,22075,22075,0
September 30 2020,Kern,CA,Passenger,0,1,1,224,225,0.44
February 29 2024,Lexington,SC,Passenger,1,0,1,17,18,5.56
May 31 2020,Henrico,VA,Passenger,0,1,1,19,20,5
July 31 2024,Albemarle,VA,Passenger,1,0,1,11,12,8.33
April 30 2023,Grant,WA,Truck,10,0,10,27969,27979,0.04
April 30 2018,San Francisco,CA,Passenger,0,1,1,136,137,0.73
August 31 2017,Maui,HI,Passenger,1,0,1,70,71,1.41
January 31 2023,Okanogan,WA,Truck,2,0,2,16426,16428,0.01
December 31 2020,Multnomah,OR,Passenger,4,6,10,709,719,1.39
April 30 2024,Prince William,VA,Passenger,2,4,6,135,141,4.26
June 30 2018,Palm Beach,FL,Passenger,0,2,2,84,86,2.33
May 31 2020,Norfolk,VA,Passenger,2,2,4,343,347,1.15
January 31 2017,Kittitas,WA,Passenger,15,16,31,27152,27183,0.11
February 28 2021,Clallam,WA,Passenger,282,195,477,49971,50448,0.95
September 30 2019,Clackamas,OR,Passenger,2,1,3,218,221,1.36
February 29 2020,Solano,CA,Passenger,1,0,1,215,216,0.46
December 31 2022,District of Columbia,DC,Passenger,2,0,2,149,151,1.32
September 30 2021,Larimer,CO,Passenger,1,0,1,43,44,2.27
January 31 2022,Sumter,SC,Passenger,0,1,1,33,34,2.94
August 31 2022,Rockingham,NH,Passenger,1,0,1,16,17,5.88
July 31 2024,Hardin,KY,Truck,1,0,1,17,18,5.56
December 31 2023,Marion,IA,Passenger,1,0,1,0,1,100
March 31 2021,Monterey,CA,Passenger,0,2,2,162,164,1.22
April 30 2020,Jefferson,WA,Truck,0,0,0,9527,9527,0
January 31 2024,Boulder,CO,Passenger,1,0,1,24,25,4
May 31 2020,Jones,GA,Passenger,1,0,1,1,2,50
March 31 2017,Asotin,WA,Passenger,5,2,7,12331,12338,0.06
June 30 2023,Bexar,TX,Passenger,2,3,5,394,399,1.25
August 31 2022,Clallam,WA,Truck,4,0,4,21857,21861,0.02
February 28 2023,Moore,NC,Passenger,0,1,1,105,106,0.94
January 31 2019,Larimer,CO,Passenger,1,0,1,57,58,1.72
November 30 2023,Laramie,WY,Passenger,1,0,1,25,26,3.85
March 31 2019,Yakima,WA,Passenger,89,102,191,164171,164362,0.12
December 31 2022,Pend Oreille,WA,Passenger,21,13,34,8936,8970,0.38
June 30 2019,Okanogan,WA,Passenger,22,25,47,26065,26112,0.18
December 31 2023,Frederick,MD,Passenger,2,1,3,48,51,5.88
December 31 2023,St. Louis,MN,Passenger,0,1,1,4,5,20
November 30 2019,San Juan,WA,Passenger,243,78,321,14401,14722,2.18
October 31 2019,Skamania,WA,Truck,0,0,0,4100,4100,0
November 30 2017,Dallas,TX,Passenger,0,1,1,191,192,0.52
April 30 2024,Richland,SC,Passenger,0,1,1,89,90,1.11
March 31 2024,Collier,FL,Passenger,1,0,1,8,9,11.11
September 30 2019,Yakima,WA,Truck,0,0,0,59388,59388,0
March 31 2019,Kitsap,WA,Truck,1,0,1,53733,53734,0
November 30 2021,Fairbanks North Star,AK,Passenger,0,1,1,81,82,1.22
August 31 2021,Howard,IN,Passenger,0,1,1,5,6,16.67
January 31 2019,Sangamon,IL,Passenger,1,0,1,8,9,11.11
August 31 2017,Spokane,WA,Passenger,268,220,488,297351,297839,0.16
January 31 2018,Ferry,WA,Passenger,1,3,4,4409,4413,0.09
April 30 2022,Lincoln,WA,Passenger,7,18,25,7659,7684,0.33
October 31 2023,El Paso,TX,Passenger,4,1,5,277,282,1.77
February 28 2022,Rockingham,NH,Passenger,1,0,1,18,19,5.26
October 31 2021,Platte,MO,Passenger,1,0,1,21,22,4.55
May 31 2022,Platte,MO,Passenger,1,0,1,24,25,4
March 31 2024,Sedgwick,KS,Passenger,0,1,1,42,43,2.33
May 31 2024,San Diego,CA,Passenger,20,8,28,1762,1790,1.56
March 31 2018,Adams,WA,Passenger,5,4,9,12464,12473,0.07
November 30 2017,Cumberland,NC,Passenger,1,0,1,570,571,0.18
November 30 2022,Sumter,SC,Passenger,0,1,1,35,36,2.78
November 30 2023,Philadelphia,PA,Passenger,0,1,1,35,36,2.78
April 30 2023,Henrico,VA,Passenger,0,1,1,8,9,11.11
December 31 2018,Ferry,WA,Passenger,3,2,5,4386,4391,0.11
December 31 2019,Clay,FL,Passenger,0,1,1,88,89,1.12
March 31 2019,Virginia Beach,VA,Passenger,1,1,2,690,692,0.29
July 31 2024,Kitsap,WA,Truck,158,0,158,50211,50369,0.31
February 28 2023,Pend Oreille,WA,Truck,0,0,0,5580,5580,0
November 30 2021,Pulaski,MO,Passenger,2,0,2,130,132,1.52
March 31 2022,Washington,MD,Passenger,2,0,2,12,14,14.29
December 31 2022,Hamilton,OH,Passenger,1,0,1,35,36,2.78
May 31 2020,Yakima,WA,Passenger,131,117,248,164971,165219,0.15
July 31 2024,Snohomish,WA,Passenger,19219,4075,23294,511668,534962,4.35
October 31 2018,Jefferson,WA,Passenger,163,101,264,24777,25041,1.05
August 31 2019,Lake,IL,Passenger,1,0,1,176,177,0.56
December 31 2023,Hudson,NJ,Passenger,2,0,2,16,18,11.11
March 31 2019,Kittitas,WA,Truck,0,0,0,14254,14254,0
October 31 2018,Rogers,OK,Passenger,1,0,1,7,8,12.5
September 30 2023,Harnett,NC,Passenger,4,1,5,134,139,3.6
December 31 2023,Rockingham,NH,Passenger,1,0,1,8,9,11.11
December 31 2021,Kitsap,WA,Passenger,2128,957,3085,179754,182839,1.69
January 31 2018,Island,WA,Passenger,159,168,327,61797,62124,0.53
June 30 2017,Lincoln,WA,Passenger,2,5,7,7524,7531,0.09
August 31 2017,Klickitat,WA,Passenger,22,24,46,14785,14831,0.31
June 30 2020,Skamania,WA,Passenger,31,17,48,8468,8516,0.56
July 31 2020,Lincoln,WA,Passenger,5,11,16,7644,7660,0.21
May 31 2023,Riverside,CA,Passenger,7,1,8,422,430,1.86
July 31 2018,Sacramento,CA,Passenger,0,1,1,317,318,0.31
January 31 2017,Walla Walla,WA,Truck,0,0,0,13168,13168,0
April 30 2024,Muscogee,GA,Passenger,2,2,4,81,85,4.71
February 28 2022,Williamson,TX,Passenger,1,2,3,105,108,2.78
December 31 2021,Escambia,FL,Passenger,0,1,1,145,146,0.68
February 28 2022,Placer,CA,Passenger,2,0,2,80,82,2.44
January 31 2021,Clallam,WA,Passenger,281,190,471,49954,50425,0.93
March 31 2021,San Diego,CA,Passenger,15,3,18,2664,2682,0.67
May 31 2018,Bexar,TX,Passenger,2,3,5,773,778,0.64
March 31 2018,Queens,NY,Passenger,1,0,1,64,65,1.54
October 31 2021,Salt Lake,UT,Passenger,1,1,2,184,186,1.08
March 31 2019,Klickitat,WA,Passenger,32,31,63,15419,15482,0.41
January 31 2020,Honolulu,HI,Passenger,4,2,6,500,506,1.19
April 30 2022,Santa Clara,CA,Passenger,13,1,14,262,276,5.07
March 31 2024,Columbia,GA,Passenger,1,0,1,69,70,1.43
April 30 2024,Kent,DE,Passenger,1,0,1,36,37,2.7
November 30 2020,Wahkiakum,WA,Truck,0,0,0,1765,1765,0
December 31 2019,Skamania,WA,Passenger,26,18,44,8754,8798,0.5
March 31 2024,Kittitas,WA,Passenger,494,129,623,29313,29936,2.08
August 31 2022,Kitsap,WA,Truck,19,0,19,53154,53173,0.04
July 31 2017,Norfolk,VA,Passenger,1,1,2,312,314,0.64
March 31 2024,Atlantic,NJ,Passenger,1,0,1,10,11,9.09
March 31 2022,Garfield,WA,Passenger,0,3,3,1327,1330,0.23
November 30 2018,Dakota,MN,Passenger,0,2,2,33,35,5.71
June 30 2024,Maricopa,AZ,Passenger,9,3,12,523,535,2.24
April 30 2022,San Joaquin,CA,Passenger,1,1,2,101,103,1.94
August 31 2018,Orange,FL,Passenger,2,1,3,169,172,1.74
April 30 2023,Monterey,CA,Passenger,0,4,4,141,145,2.76
August 31 2023,Ray,MO,Passenger,0,1,1,0,1,100
October 31 2021,Richmond,NY,Passenger,1,0,1,4,5,20
May 31 2019,Clallam,WA,Passenger,167,137,304,50562,50866,0.6
December 31 2022,Multnomah,OR,Passenger,2,2,4,504,508,0.79
January 31 2019,Brevard,FL,Passenger,0,1,1,93,94,1.06
October 31 2021,Virginia Beach,VA,Passenger,2,0,2,590,592,0.34
April 30 2023,Bartow,GA,Passenger,0,1,1,4,5,20
August 31 2021,Wake,NC,Passenger,1,0,1,137,138,0.72
February 29 2024,San Francisco,CA,Passenger,1,0,1,49,50,2
April 30 2021,Washington,MD,Passenger,1,0,1,10,11,9.09
January 31 2023,Lake,IN,Passenger,0,1,1,11,12,8.33
July 31 2019,Franklin,WA,Truck,0,0,0,19362,19362,0
February 28 2017,Lewis,WA,Truck,0,0,0,24788,24788,0
September 30 2020,Jefferson,WA,Truck,0,0,0,9537,9537,0
December 31 2017,Dallas,TX,Passenger,0,1,1,193,194,0.52
May 31 2021,Marion,IA,Passenger,1,0,1,1,2,50
February 28 2018,Island,WA,Passenger,165,172,337,61835,62172,0.54
December 31 2023,Okanogan,WA,Passenger,160,76,236,26101,26337,0.9
February 28 2021,Skamania,WA,Truck,0,0,0,4029,4029,0
September 30 2023,King,WA,Passenger,64294,15794,80088,1320570,1400658,5.72
January 31 2017,Skagit,WA,Passenger,107,81,188,87446,87634,0.21
August 31 2020,Snohomish,WA,Truck,0,0,0,124571,124571,0
June 30 2017,Whatcom,WA,Passenger,463,175,638,143022,143660,0.44
August 31 2020,Greene,MO,Passenger,0,1,1,36,37,2.7
June 30 2018,Garfield,OK,Passenger,1,0,1,19,20,5
February 28 2018,Benton,WA,Truck,0,0,0,40754,40754,0
August 31 2022,Skamania,WA,Truck,0,0,0,3901,3901,0
May 31 2018,Grant,WA,Passenger,30,44,74,63012,63086,0.12
November 30 2023,Chesapeake,VA,Passenger,2,0,2,296,298,0.67
November 30 2023,Kern,CA,Passenger,1,1,2,158,160,1.25
November 30 2020,Bucks,PA,Passenger,1,0,1,23,24,4.17
December 31 2022,Sedgwick,KS,Passenger,0,1,1,71,72,1.39
December 31 2023,Lewis,WA,Truck,10,0,10,25745,25755,0.04
March 31 2023,Cowlitz,WA,Truck,7,0,7,28253,28260,0.02
July 31 2023,Kings,NY,Passenger,1,0,1,46,47,2.13
December 31 2022,Orange,CA,Passenger,11,3,14,381,395,3.54
August 31 2022,Fulton,GA,Passenger,1,1,2,78,80,2.5
May 31 2017,Cascade,MT,Passenger,0,1,1,64,65,1.54
December 31 2021,Washtenaw,MI,Passenger,0,1,1,32,33,3.03
February 28 2018,Orange,FL,Passenger,2,1,3,170,173,1.73
July 31 2018,Sangamon,IL,Passenger,1,0,1,11,12,8.33
March 31 2023,Bartow,GA,Passenger,0,1,1,4,5,20
August 31 2021,Champaign,IL,Passenger,1,0,1,10,11,9.09
February 28 2021,San Juan,WA,Passenger,383,118,501,14052,14553,3.44
July 31 2018,Adams,WA,Passenger,5,5,10,12635,12645,0.08
February 28 2021,Travis,TX,Passenger,3,3,6,184,190,3.16
June 30 2019,Lewis,WA,Truck,0,0,0,25949,25949,0
April 30 2024,Cook,IL,Passenger,2,1,3,134,137,2.19
January 31 2023,Orange,NC,Passenger,0,1,1,6,7,14.29
April 30 2021,Eagle,CO,Passenger,1,0,1,8,9,11.11
January 31 2023,Eagle,CO,Passenger,1,0,1,6,7,14.29
February 28 2017,Okanogan,WA,Passenger,3,15,18,25667,25685,0.07
October 31 2017,Kittitas,WA,Truck,0,0,0,13697,13697,0
March 31 2021,Tarrant,TX,Passenger,1,0,1,164,165,0.61
November 30 2019,Wayne,MI,Passenger,0,1,1,63,64,1.56
May 31 2019,Lake,CA,Passenger,0,1,1,10,11,9.09
March 31 2021,Nassau,FL,Passenger,1,0,1,35,36,2.78
July 31 2024,Meade,KY,Passenger,1,0,1,17,18,5.56
November 30 2021,RÃ­o Grande,PR,Passenger,1,0,1,0,1,100
June 30 2024,Hillsborough,FL,Passenger,2,2,4,78,82,4.88
January 31 2019,Charleston,SC,Passenger,1,0,1,124,125,0.8
June 30 2023,Polk,OR,Passenger,1,1,2,20,22,9.09
June 30 2020,Deschutes,OR,Passenger,4,0,4,148,152,2.63
November 30 2021,Grays Harbor,WA,Truck,0,0,0,21421,21421,0
July 31 2024,Solano,CA,Passenger,5,0,5,116,121,4.13
August 31 2017,Nantucket,MA,Passenger,1,0,1,3,4,25
January 31 2021,Clark,WA,Passenger,2461,1211,3672,319241,322913,1.14
July 31 2018,Mason,WA,Truck,0,0,0,20044,20044,0
September 30 2017,Dale,AL,Passenger,0,1,1,61,62,1.61
February 29 2020,New London,CT,Passenger,0,1,1,245,246,0.41
July 31 2017,Santa Fe,NM,Passenger,0,1,1,43,44,2.27
February 28 2018,DeKalb,GA,Passenger,1,0,1,87,88,1.14
July 31 2022,Kauai,HI,Passenger,1,0,1,18,19,5.26
January 31 2022,Champaign,IL,Passenger,1,0,1,10,11,9.09
July 31 2019,Duval,FL,Passenger,1,2,3,377,380,0.79
March 31 2021,Franklin,WA,Passenger,100,88,188,61634,61822,0.3
October 31 2021,Clallam,WA,Passenger,365,235,600,50501,51101,1.17
September 30 2023,Bexar,TX,Passenger,2,3,5,373,378,1.32
May 31 2017,San Mateo,CA,Passenger,0,1,1,158,159,0.63
January 31 2021,Thurston,WA,Truck,0,0,0,56402,56402,0
April 30 2023,Multnomah,OR,Passenger,2,2,4,478,482,0.83
February 29 2024,Burlington,NJ,Passenger,0,2,2,76,78,2.56
April 30 2021,Klickitat,WA,Truck,0,0,0,8237,8237,0
August 31 2021,Howard,MD,Passenger,0,1,1,69,70,1.43
December 31 2021,Wichita,TX,Passenger,1,0,1,44,45,2.22
March 31 2019,King,WA,Passenger,17678,6777,24455,1380757,1405212,1.74
January 31 2017,Orange,CA,Passenger,2,1,3,712,715,0.42
February 28 2021,Skagit,WA,Truck,1,0,1,32837,32838,0
July 31 2023,Pulaski,MO,Passenger,3,0,3,102,105,2.86
November 30 2023,Yellowstone,MT,Passenger,0,1,1,11,12,8.33
July 31 2021,Hennepin,MN,Passenger,3,0,3,78,81,3.7
September 30 2020,Clallam,WA,Passenger,245,173,418,49871,50289,0.83
February 29 2024,Columbia,WA,Passenger,12,0,12,2407,2419,0.5
December 31 2022,King,WA,Truck,386,2,388,178150,178538,0.22
August 31 2020,Charles,MD,Passenger,1,1,2,80,82,2.44
July 31 2018,District of Columbia,DC,Passenger,0,3,3,190,193,1.55
August 31 2017,Frederick,MD,Passenger,0,1,1,83,84,1.19
June 30 2024,Leavenworth,KS,Passenger,1,1,2,65,67,2.99
March 31 2024,St. Mary's,MD,Passenger,2,0,2,167,169,1.18
November 30 2018,Guadalupe,TX,Passenger,1,0,1,83,84,1.19
May 31 2017,Hamilton,IN,Passenger,1,0,1,62,63,1.59
December 31 2023,Kittitas,WA,Truck,24,0,24,14610,14634,0.16
February 28 2022,Prince William,VA,Passenger,1,3,4,211,215,1.86
March 31 2020,Shelby,TN,Passenger,0,1,1,94,95,1.05
June 30 2024,Hardin,KY,Passenger,1,0,1,54,55,1.82
March 31 2023,St. Lawrence,NY,Passenger,1,0,1,4,5,20
May 31 2017,New Haven,CT,Passenger,0,1,1,59,60,1.67
October 31 2018,Nueces,TX,Passenger,1,1,2,90,92,2.17
June 30 2022,Norfolk,MA,Passenger,1,0,1,27,28,3.57
June 30 2024,Clallam,WA,Passenger,756,350,1106,48055,49161,2.25
January 31 2023,Kitsap,WA,Passenger,2833,1160,3993,176518,180511,2.21
March 31 2023,Cook,IL,Passenger,2,0,2,181,183,1.09
October 31 2018,San Juan,WA,Passenger,169,69,238,14203,14441,1.65
September 30 2017,Walla Walla,WA,Truck,0,0,0,13242,13242,0
April 30 2019,Mecklenburg,NC,Passenger,1,0,1,87,88,1.14
June 30 2020,Washoe,NV,Passenger,1,0,1,111,112,0.89
May 31 2017,Hamilton,TN,Passenger,1,0,1,24,25,4
July 31 2018,Madison,ID,Passenger,1,0,1,39,40,2.5
October 31 2020,Solano,CA,Passenger,1,0,1,210,211,0.47
March 31 2017,Northampton,PA,Passenger,2,0,2,209,211,0.95
March 31 2018,Salt Lake,UT,Passenger,1,0,1,233,234,0.43
February 28 2023,Fulton,GA,Passenger,1,1,2,71,73,2.74
September 30 2020,Hennepin,MN,Passenger,2,0,2,90,92,2.17
June 30 2023,Columbia,WA,Truck,0,0,0,1547,1547,0
November 30 2020,Vigo,IN,Passenger,1,0,1,6,7,14.29
August 31 2021,Lane,OR,Passenger,0,2,2,134,136,1.47
January 31 2020,Asotin,WA,Truck,0,0,0,6721,6721,0
April 30 2021,Honolulu,HI,Passenger,5,2,7,450,457,1.53
September 30 2020,Okaloosa,FL,Passenger,0,1,1,150,151,0.66
August 31 2022,Ulster,NY,Passenger,1,0,1,12,13,7.69
April 30 2022,Carson City,NV,Passenger,1,0,1,10,11,9.09
November 30 2019,Clackamas,OR,Passenger,2,1,3,218,221,1.36
May 31 2018,Chelan,WA,Truck,0,0,0,21818,21818,0
January 31 2021,Pend Oreille,WA,Truck,0,0,0,5716,5716,0
April 30 2024,Churchill,NV,Passenger,0,1,1,31,32,3.12
September 30 2021,Adams,WA,Passenger,16,14,30,13029,13059,0.23
December 31 2021,Goochland,VA,Passenger,3,2,5,211,216,2.31
October 31 2017,Montgomery,MD,Passenger,1,0,1,311,312,0.32
June 30 2024,New York,NY,Passenger,2,0,2,29,31,6.45
August 31 2021,Larimer,CO,Passenger,1,0,1,44,45,2.22
April 30 2021,Grant,WA,Passenger,102,86,188,66767,66955,0.28
May 31 2020,Lewis,WA,Passenger,99,110,209,58227,58436,0.36
November 30 2022,Skamania,WA,Passenger,89,51,140,8092,8232,1.7
November 30 2023,Duval,FL,Passenger,1,0,1,232,233,0.43
April 30 2023,Nueces,TX,Passenger,0,1,1,54,55,1.82
April 30 2020,Lincoln,WA,Truck,0,0,0,4622,4622,0
December 31 2023,Washtenaw,MI,Passenger,0,2,2,18,20,10
March 31 2021,Snohomish,WA,Truck,1,0,1,125896,125897,0
December 31 2019,Yakima,WA,Truck,0,0,0,59605,59605,0
December 31 2018,Lewis,WA,Passenger,93,79,172,58321,58493,0.29
May 31 2018,Klickitat,WA,Passenger,26,30,56,15105,15161,0.37
May 31 2020,Fort Bend,TX,Passenger,1,0,1,46,47,2.13
December 31 2022,Tom Green,TX,Passenger,0,1,1,19,20,5
June 30 2024,Maui,HI,Passenger,1,0,1,18,19,5.26
November 30 2020,Franklin,WA,Truck,0,0,0,20371,20371,0
June 30 2017,Utah,UT,Passenger,0,1,1,165,166,0.6
April 30 2020,St. Louis,MO,Passenger,1,0,1,101,102,0.98
August 31 2018,Skamania,WA,Truck,0,0,0,3951,3951,0
August 31 2018,Sumter,FL,Passenger,0,1,1,11,12,8.33
March 31 2020,Grays Harbor,WA,Passenger,107,109,216,48310,48526,0.45
September 30 2020,Stevens,WA,Passenger,36,38,74,30400,30474,0.24
February 28 2022,Okanogan,WA,Passenger,73,47,120,26445,26565,0.45
December 31 2019,Douglas,WA,Truck,0,0,0,12304,12304,0
April 30 2021,San Joaquin,CA,Passenger,1,0,1,113,114,0.88
February 28 2017,Nantucket,MA,Passenger,1,0,1,3,4,25
May 31 2023,Sonoma,CA,Passenger,3,1,4,68,72,5.56
May 31 2021,Fort Bend,TX,Passenger,1,0,1,36,37,2.7
August 31 2023,Meade,KY,Passenger,1,0,1,18,19,5.26
September 30 2019,Penobscot,ME,Passenger,0,1,1,13,14,7.14
October 31 2019,Snohomish,WA,Truck,0,0,0,122987,122987,0
September 30 2017,Columbia,WA,Passenger,1,1,2,2378,2380,0.08
June 30 2023,Wayne,MI,Passenger,0,1,1,41,42,2.38
February 28 2022,Nassau,NY,Passenger,3,0,3,34,37,8.11
November 30 2023,Klickitat,WA,Passenger,178,70,248,15090,15338,1.62
October 31 2023,Richland,SC,Passenger,0,1,1,107,108,0.93
January 31 2021,Denver,CO,Passenger,1,0,1,120,121,0.83
December 31 2020,Calvert,MD,Passenger,0,2,2,87,89,2.25
April 30 2020,Chesapeake,VA,Passenger,0,1,1,436,437,0.23
July 31 2020,Island,WA,Truck,1,0,1,21214,21215,0
December 31 2017,Salt Lake,UT,Passenger,1,0,1,239,240,0.42
February 28 2023,St. Mary's,MD,Passenger,2,0,2,186,188,1.06
April 30 2024,Suffolk,VA,Passenger,1,0,1,86,87,1.15
August 31 2020,Sumter,FL,Passenger,0,1,1,11,12,8.33
June 30 2022,Stevens,WA,Passenger,69,54,123,30087,30210,0.41
December 31 2021,Charles,MD,Passenger,1,1,2,73,75,2.67
April 30 2020,Spokane,WA,Truck,1,0,1,97360,97361,0
August 31 2021,Pacific,WA,Truck,0,0,0,7967,7967,0
July 31 2024,Brown,WI,Passenger,1,0,1,3,4,25
May 31 2019,Columbia,WA,Truck,0,0,0,1532,1532,0
May 31 2018,Spokane,WA,Truck,1,0,1,92348,92349,0
January 31 2019,Skamania,WA,Passenger,18,15,33,8733,8766,0.38
July 31 2022,DeKalb,GA,Passenger,1,0,1,54,55,1.82
November 30 2023,Washoe,NV,Passenger,2,0,2,48,50,4
January 31 2017,Salt Lake,UT,Passenger,1,1,2,358,360,0.56
May 31 2020,Asotin,WA,Truck,0,0,0,6588,6588,0
May 31 2020,Stafford,VA,Passenger,1,1,2,99,101,1.98
December 31 2023,Wahkiakum,WA,Truck,4,0,4,1753,1757,0.23
May 31 2024,Santa Cruz,CA,Passenger,1,0,1,16,17,5.88
August 31 2018,Caddo,LA,Passenger,0,1,1,25,26,3.85
August 31 2019,Caddo,LA,Passenger,0,1,1,23,24,4.17
October 31 2020,Shelby,OH,Passenger,0,1,1,2,3,33.33
April 30 2022,Adams,WA,Passenger,16,10,26,12956,12982,0.2
August 31 2018,Grays Harbor,WA,Truck,0,0,0,20301,20301,0
January 31 2022,Lewis,WA,Truck,0,0,0,26641,26641,0
June 30 2024,Charles,MD,Passenger,1,1,2,47,49,4.08
October 31 2017,Hamilton,IN,Passenger,1,0,1,58,59,1.69
July 31 2023,Brown,WI,Passenger,1,0,1,5,6,16.67
August 31 2020,Shelby,OH,Passenger,0,1,1,2,3,33.33
April 30 2017,Pend Oreille,WA,Passenger,1,4,5,9321,9326,0.05
February 29 2020,,,Passenger,7,2,9,412,421,2.14
December 31 2021,Anne Arundel,MD,Passenger,3,1,4,361,365,1.1
April 30 2023,Garfield,WA,Passenger,1,3,4,1309,1313,0.3
July 31 2021,St. Clair,IL,Passenger,1,0,1,142,143,0.7
September 30 2019,Berkshire,MA,Passenger,0,1,1,4,5,20
February 29 2024,Charlottesville,VA,Passenger,0,1,1,2,3,33.33
September 30 2019,Kitsap,WA,Passenger,1134,641,1775,181539,183314,0.97
August 31 2021,Yakima,WA,Truck,0,0,0,61751,61751,0
April 30 2023,Travis,TX,Passenger,2,1,3,101,104,2.88
April 30 2020,Dallas,IA,Passenger,0,1,1,10,11,9.09
October 31 2020,Douglas,NE,Passenger,0,1,1,54,55,1.82
January 31 2023,Goochland,VA,Passenger,2,2,4,97,101,3.96
August 31 2021,Saratoga,NY,Passenger,1,0,1,43,44,2.27
April 30 2022,Snohomish,WA,Truck,4,0,4,124537,124541,0
July 31 2022,Broward,FL,Passenger,1,0,1,84,85,1.18
December 31 2023,Berkeley,SC,Passenger,2,1,3,91,94,3.19
June 30 2020,Spartanburg,SC,Passenger,0,1,1,50,51,1.96
February 28 2021,Kitsap,WA,Passenger,1642,776,2418,179190,181608,1.33
April 30 2020,Washington,OR,Passenger,1,0,1,471,472,0.21
May 31 2018,Caddo,LA,Passenger,0,1,1,24,25,4
November 30 2022,Bryan,GA,Passenger,0,1,1,38,39,2.56
July 31 2019,Oklahoma,OK,Passenger,0,1,1,133,134,0.75
July 31 2023,Asotin,WA,Truck,0,0,0,6624,6624,0
March 31 2022,Clallam,WA,Truck,1,0,1,22036,22037,0
January 31 2023,Riverside,CA,Passenger,7,0,7,452,459,1.53
December 31 2019,Middlesex,MA,Passenger,1,0,1,108,109,0.92
October 31 2022,Lexington,SC,Passenger,1,0,1,23,24,4.17
May 31 2018,Multnomah,OR,Passenger,3,4,7,814,821,0.85
March 31 2018,Mercer,NJ,Passenger,0,1,1,18,19,5.26
August 31 2020,Lewis,WA,Truck,0,0,0,26366,26366,0
January 31 2023,Sumter,SC,Passenger,0,1,1,34,35,2.86
December 31 2022,Adams,CO,Passenger,1,0,1,37,38,2.63
July 31 2020,Sarasota,FL,Passenger,2,0,2,36,38,5.26
August 31 2017,Polk,FL,Passenger,1,0,1,68,69,1.45
April 30 2023,Spokane,WA,Truck,33,0,33,101543,101576,0.03
May 31 2021,Lincoln,WA,Truck,0,0,0,4752,4752,0
August 31 2020,Brevard,FL,Passenger,0,1,1,87,88,1.14
August 31 2017,Tulare,CA,Passenger,1,0,1,197,198,0.51
June 30 2021,Spokane,WA,Passenger,1069,647,1716,326151,327867,0.52
May 31 2017,Flathead,MT,Passenger,1,0,1,65,66,1.52
September 30 2023,Spokane,WA,Truck,48,0,48,101805,101853,0.05
October 31 2018,Ramsey,MN,Passenger,1,0,1,43,44,2.27
October 31 2021,Flathead,MT,Passenger,2,0,2,54,56,3.57
June 30 2022,Randolph,NC,Passenger,1,0,1,5,6,16.67
July 31 2019,Carroll,NH,Passenger,0,1,1,3,4,25
April 30 2018,Ramsey,MN,Passenger,1,0,1,42,43,2.33
March 31 2021,San Bernardino,CA,Passenger,1,0,1,397,398,0.25
February 28 2017,Gwinnett,GA,Passenger,0,1,1,90,91,1.1
June 30 2022,Marin,CA,Passenger,1,1,2,36,38,5.26
February 28 2023,Saratoga,NY,Passenger,1,1,2,39,41,4.88
August 31 2022,Stevens,WA,Passenger,77,56,133,29964,30097,0.44
December 31 2018,Benton,WA,Truck,0,0,0,41555,41555,0
July 31 2024,Fairfax,VA,Passenger,12,5,17,490,507,3.35
April 30 2020,Williamson,TX,Passenger,0,2,2,150,152,1.32
January 31 2022,Essex,NJ,Passenger,2,0,2,14,16,12.5
July 31 2017,Tarrant,TX,Passenger,1,0,1,243,244,0.41
January 31 2022,St. Mary's,MD,Passenger,1,0,1,204,205,0.49
September 30 2021,Harford,MD,Passenger,0,1,1,54,55,1.82
January 31 2018,San Juan,WA,Truck,0,0,0,5643,5643,0
April 30 2020,Pinal,AZ,Passenger,1,0,1,196,197,0.51
June 30 2018,Twin Falls,ID,Passenger,0,1,1,24,25,4
February 28 2018,Nassau,NY,Passenger,1,0,1,40,41,2.44
April 30 2022,Lake,IN,Passenger,0,1,1,10,11,9.09
March 31 2020,Williamson,TX,Passenger,0,2,2,153,155,1.29
February 28 2019,Walla Walla,WA,Truck,0,0,0,13542,13542,0
January 31 2022,Fort Bend,TX,Passenger,1,0,1,32,33,3.03
October 31 2020,Grant,WA,Truck,0,0,0,27374,27374,0
February 28 2021,Chelan,WA,Truck,0,0,0,22862,22862,0
February 28 2017,Lewis,WA,Passenger,45,33,78,54968,55046,0.14
January 31 2017,Clark,NV,Passenger,1,4,5,941,946,0.53
July 31 2017,Madison,ID,Passenger,1,0,1,38,39,2.56
August 31 2020,Denver,CO,Passenger,1,0,1,119,120,0.83
October 31 2021,Broward,FL,Passenger,2,0,2,106,108,1.85
March 31 2024,New Castle,DE,Passenger,1,0,1,16,17,5.88
April 30 2024,Brown,WI,Passenger,1,0,1,4,5,20
July 31 2019,Whatcom,WA,Passenger,884,436,1320,151052,152372,0.87
May 31 2017,Howard,MD,Passenger,0,2,2,92,94,2.13
September 30 2018,El Paso,TX,Passenger,1,0,1,489,490,0.2
November 30 2019,Carroll,NH,Passenger,0,1,1,3,4,25
September 30 2019,Asotin,WA,Passenger,12,8,20,12627,12647,0.16
May 31 2024,San Juan,WA,Truck,33,0,33,5844,5877,0.56
October 31 2017,Santa Clara,CA,Passenger,6,1,7,394,401,1.75
September 30 2018,Lewis,WA,Truck,0,0,0,25569,25569,0
June 30 2020,Montgomery,TX,Passenger,1,0,1,54,55,1.82
June 30 2019,Carroll,NH,Passenger,0,1,1,3,4,25
December 31 2020,Kittitas,WA,Passenger,126,51,177,29817,29994,0.59
February 29 2020,Boulder,CO,Passenger,1,1,2,52,54,3.7
July 31 2021,Lewis,WA,Truck,0,0,0,26756,26756,0
July 31 2020,District of Columbia,DC,Passenger,1,1,2,190,192,1.04
July 31 2019,Eagle,CO,Passenger,1,0,1,6,7,14.29
January 31 2024,Adams,WA,Truck,3,0,3,5364,5367,0.06
May 31 2022,Williamson,TX,Passenger,1,2,3,99,102,2.94
February 29 2024,Norfolk,VA,Passenger,0,1,1,254,255,0.39
September 30 2020,Jefferson,CO,Passenger,0,1,1,52,53,1.89
August 31 2017,Flathead,MT,Passenger,1,0,1,61,62,1.61
September 30 2018,Franklin,WA,Passenger,37,65,102,58496,58598,0.17
June 30 2022,Grays Harbor,WA,Passenger,210,160,370,48996,49366,0.75
February 28 2022,Riverside,CA,Passenger,5,1,6,524,530,1.13
November 30 2020,Harford,MD,Passenger,0,1,1,60,61,1.64
December 31 2022,Carroll,MD,Passenger,0,1,1,21,22,4.55
November 30 2022,Dorchester,SC,Passenger,1,0,1,57,58,1.72
December 31 2020,Platte,MO,Passenger,1,0,1,19,20,5
May 31 2019,Grays Harbor,WA,Passenger,73,84,157,47827,47984,0.33
February 28 2023,Multnomah,OR,Passenger,2,2,4,493,497,0.8
June 30 2023,Multnomah,OR,Passenger,2,2,4,464,468,0.85
December 31 2023,Chelan,WA,Truck,40,0,40,23112,23152,0.17
August 31 2019,Dallas,TX,Passenger,1,0,1,218,219,0.46
January 31 2024,Orange,NC,Passenger,0,1,1,4,5,20
June 30 2019,Valencia,NM,Passenger,1,0,1,9,10,10
January 31 2018,Hamilton,IN,Passenger,1,0,1,53,54,1.85
January 31 2023,Whitman,WA,Truck,3,0,3,8631,8634,0.03
February 28 2019,Multnomah,OR,Passenger,4,5,9,781,790,1.14
February 28 2021,Collin,TX,Passenger,2,1,3,131,134,2.24
November 30 2020,Maui,HI,Passenger,2,0,2,32,34,5.88
November 30 2023,Montgomery,MD,Passenger,6,1,7,183,190,3.68
June 30 2022,Calvert,MD,Passenger,0,2,2,84,86,2.33
April 30 2018,Travis,TX,Passenger,1,1,2,200,202,0.99
November 30 2017,Albemarle,VA,Passenger,0,1,1,32,33,3.03
June 30 2023,Ada,ID,Passenger,2,0,2,123,125,1.6
February 29 2020,Thurston,WA,Truck,0,0,0,55698,55698,0
June 30 2019,San Juan,WA,Truck,0,0,0,5865,5865,0
January 31 2023,Snohomish,WA,Passenger,10581,2788,13369,529675,543044,2.46
August 31 2019,Columbia,WA,Passenger,2,2,4,2455,2459,0.16
June 30 2021,Prince William,VA,Passenger,1,3,4,218,222,1.8
November 30 2021,Sumter,SC,Passenger,0,1,1,33,34,2.94
July 31 2023,Placer,CA,Passenger,1,0,1,70,71,1.41
September 30 2019,Eagle,CO,Passenger,1,0,1,6,7,14.29
May 31 2019,Whitman,WA,Passenger,31,45,76,22700,22776,0.33
February 28 2021,Lincoln,WA,Passenger,6,13,19,7642,7661,0.25
January 31 2019,Deschutes,OR,Passenger,3,0,3,176,179,1.68
March 31 2024,Calvert,MD,Passenger,1,1,2,71,73,2.74
October 31 2022,Lee,FL,Passenger,1,0,1,33,34,2.94
August 31 2022,New London,CT,Passenger,3,4,7,192,199,3.52
May 31 2020,Allegheny,PA,Passenger,2,0,2,83,85,2.35
January 31 2024,Columbia,WA,Truck,0,0,0,1553,1553,0
August 31 2023,Yellowstone,MT,Passenger,0,1,1,14,15,6.67
July 31 2024,Bay,FL,Passenger,1,0,1,15,16,6.25
February 28 2018,Douglas,WA,Passenger,43,33,76,27315,27391,0.28
March 31 2021,Douglas,WA,Passenger,87,47,134,28372,28506,0.47
January 31 2020,Clallam,WA,Passenger,203,163,366,50901,51267,0.71
July 31 2024,Clark,WA,Truck,219,0,219,78326,78545,0.28
March 31 2020,Gwinnett,GA,Passenger,1,0,1,78,79,1.27
July 31 2022,Cumberland,NC,Passenger,2,4,6,372,378,1.59
December 31 2022,Hawaii,HI,Passenger,1,0,1,35,36,2.78
November 30 2017,Manatee,FL,Passenger,1,0,1,42,43,2.33
January 31 2024,Sarasota,FL,Passenger,1,0,1,23,24,4.17
March 31 2017,Grays Harbor,WA,Passenger,27,26,53,44411,44464,0.12
June 30 2024,Harris,TX,Passenger,2,2,4,104,108,3.7
September 30 2020,District of Columbia,DC,Passenger,1,1,2,185,187,1.07
September 30 2022,Lincoln,OR,Passenger,0,1,1,27,28,3.57
July 31 2019,Sarasota,FL,Passenger,1,0,1,34,35,2.86
December 31 2018,Grant,WA,Truck,0,0,0,26252,26252,0
May 31 2023,Pierce,WA,Truck,153,0,153,137218,137371,0.11
May 31 2018,Jefferson,WA,Truck,0,0,0,9529,9529,0
April 30 2018,Island,WA,Truck,0,0,0,20837,20837,0
September 30 2022,Ferry,WA,Truck,0,0,0,3611,3611,0
January 31 2023,Okanogan,WA,Passenger,104,53,157,26108,26265,0.6
October 31 2023,Columbia,GA,Passenger,1,0,1,75,76,1.32
February 28 2021,New Haven,CT,Passenger,0,2,2,36,38,5.26
August 31 2020,Montgomery,OH,Passenger,0,1,1,47,48,2.08
October 31 2021,Moore,NC,Passenger,0,1,1,123,124,0.81
June 30 2021,Richland,SC,Passenger,0,1,1,142,143,0.7
January 31 2023,Douglas,CO,Passenger,0,1,1,70,71,1.41
March 31 2024,Kings,NY,Passenger,2,0,2,30,32,6.25
February 28 2019,Marion,IN,Passenger,1,0,1,116,117,0.85
January 31 2020,DeKalb,GA,Passenger,1,0,1,88,89,1.12
March 31 2022,Harrison,MS,Passenger,2,0,2,50,52,3.85
September 30 2023,Meade,KY,Passenger,1,0,1,19,20,5
October 31 2020,Ramsey,MN,Passenger,1,0,1,41,42,2.38
June 30 2024,Escambia,FL,Truck,1,0,1,22,23,4.35
June 30 2024,Yolo,CA,Passenger,2,0,2,18,20,10
August 31 2017,Stevens,WA,Passenger,8,22,30,31510,31540,0.1
November 30 2022,Adams,WA,Passenger,22,11,33,12997,13030,0.25
February 28 2023,Skamania,WA,Passenger,93,53,146,8093,8239,1.77
July 31 2020,Jefferson,CO,Passenger,0,1,1,54,55,1.82
April 30 2021,Carroll,NH,Passenger,0,1,1,4,5,20
July 31 2017,Thurston,WA,Passenger,417,350,767,186994,187761,0.41
November 30 2020,San Juan,WA,Passenger,355,106,461,14009,14470,3.19
July 31 2022,Stevens,WA,Passenger,73,54,127,29992,30119,0.42
March 31 2017,Klickitat,WA,Passenger,21,23,44,14777,14821,0.3
September 30 2020,Ferry,WA,Truck,0,0,0,3583,3583,0
November 30 2020,Prince George's,MD,Passenger,2,1,3,157,160,1.88
July 31 2024,Chesterfield,VA,Passenger,1,0,1,26,27,3.7
April 30 2020,Clallam,WA,Passenger,219,166,385,50328,50713,0.76
October 31 2022,Charles,MD,Passenger,1,1,2,56,58,3.45
October 31 2017,Mason,WA,Passenger,61,72,133,44456,44589,0.3
October 31 2017,Santa Fe,NM,Passenger,0,1,1,41,42,2.38
June 30 2018,Thurston,WA,Truck,0,0,0,54315,54315,0
January 31 2023,Virginia Beach,VA,Passenger,3,1,4,488,492,0.81
June 30 2022,,,Passenger,5,1,6,319,325,1.85
December 31 2018,Stevens,WA,Passenger,17,27,44,31774,31818,0.14
November 30 2019,Lee,FL,Passenger,1,0,1,53,54,1.85
June 30 2017,San Mateo,CA,Passenger,0,1,1,153,154,0.65
August 31 2018,Santa Clara,CA,Passenger,8,0,8,387,395,2.03
April 30 2022,Geary,KS,Passenger,1,0,1,89,90,1.11
January 31 2018,Montgomery,PA,Passenger,1,0,1,33,34,2.94
July 31 2022,San Diego,CA,Passenger,21,8,29,2420,2449,1.18
September 30 2017,Saratoga,NY,Passenger,1,1,2,71,73,2.74
March 31 2024,Cumberland,PA,Passenger,1,1,2,33,35,5.71
July 31 2023,Polk,OR,Passenger,1,1,2,19,21,9.52
January 31 2019,Sacramento,CA,Passenger,0,1,1,307,308,0.32
April 30 2024,Champaign,IL,Passenger,1,0,1,5,6,16.67
September 30 2020,Tulsa,OK,Passenger,1,1,2,51,53,3.77
January 31 2023,St. Lawrence,NY,Passenger,1,0,1,4,5,20
June 30 2023,Thurston,WA,Passenger,3100,1235,4335,189990,194325,2.23
January 31 2018,Douglas,WA,Passenger,43,33,76,27222,27298,0.28
July 31 2019,Okanogan,WA,Passenger,23,26,49,26110,26159,0.19
February 28 2018,Tarrant,TX,Passenger,1,0,1,227,228,0.44
September 30 2018,Cook,IL,Passenger,1,0,1,260,261,0.38
July 31 2021,Santa Clara,CA,Passenger,9,2,11,275,286,3.85
April 30 2021,Orange,FL,Passenger,1,0,1,121,122,0.82
July 31 2022,Meade,KY,Passenger,1,0,1,23,24,4.17
July 31 2022,Sarpy,NE,Passenger,1,0,1,66,67,1.49
July 31 2019,Skagit,WA,Passenger,309,210,519,92195,92714,0.56
May 31 2021,Columbia,WA,Truck,0,0,0,1551,1551,0
July 31 2019,Deschutes,OR,Passenger,3,0,3,168,171,1.75
July 31 2024,Platte,MO,Passenger,2,0,2,14,16,12.5
April 30 2019,Sumter,FL,Passenger,0,1,1,11,12,8.33
August 31 2022,Botetourt,VA,Passenger,1,0,1,1,2,50
November 30 2020,Kittitas,WA,Passenger,124,52,176,29738,29914,0.59
December 31 2021,Clark,NV,Passenger,8,3,11,620,631,1.74
March 31 2019,Multnomah,OR,Passenger,4,5,9,769,778,1.16
June 30 2018,Essex,NJ,Passenger,1,0,1,13,14,7.14
December 31 2022,Grant,WA,Truck,4,0,4,28024,28028,0.01
January 31 2021,Boone,MO,Passenger,0,1,1,11,12,8.33
February 28 2022,York,VA,Passenger,1,0,1,96,97,1.03
April 30 2024,Essex,NJ,Passenger,2,1,3,6,9,33.33
January 31 2018,Thurston,WA,Truck,0,0,0,53884,53884,0
November 30 2018,Bexar,TX,Passenger,3,4,7,725,732,0.96
October 31 2020,Polk,FL,Passenger,1,0,1,74,75,1.33
March 31 2023,Philadelphia,PA,Passenger,0,1,1,46,47,2.13
May 31 2024,Saratoga,NY,Passenger,1,1,2,24,26,7.69
November 30 2021,Owyhee,ID,Passenger,1,0,1,3,4,25
July 31 2019,Benton,WA,Passenger,270,289,559,134116,134675,0.42
August 31 2022,Montgomery,MD,Passenger,4,2,6,206,212,2.83
July 31 2019,Ramsey,MN,Passenger,1,0,1,45,46,2.17
November 30 2019,Washtenaw,MI,Passenger,1,0,1,42,43,2.33
July 31 2024,Marion,OR,Passenger,1,0,1,41,42,2.38
July 31 2019,Kent,MI,Passenger,0,1,1,24,25,4
April 30 2023,Currituck,NC,Passenger,1,0,1,19,20,5
November 30 2020,Marion,IA,Passenger,1,0,1,1,2,50
April 30 2020,San Juan,WA,Passenger,295,88,383,14149,14532,2.64
September 30 2018,Kittitas,WA,Passenger,56,36,92,29196,29288,0.31
January 31 2017,Volusia,FL,Passenger,0,1,1,52,53,1.89
October 31 2020,Camden,NJ,Passenger,0,1,1,23,24,4.17
July 31 2023,Washoe,NV,Passenger,2,0,2,55,57,3.51
March 31 2023,Essex,NJ,Passenger,2,0,2,10,12,16.67
October 31 2021,Benton,WA,Passenger,593,425,1018,135871,136889,0.74
June 30 2018,Pinal,AZ,Passenger,2,0,2,209,211,0.95
May 31 2017,Whatcom,WA,Truck,2,0,2,41514,41516,0
January 31 2024,Beaufort,SC,Passenger,1,0,1,27,28,3.57
September 30 2023,San Mateo,CA,Passenger,2,0,2,63,65,3.08
March 31 2020,Kent,MI,Passenger,0,1,1,26,27,3.7
June 30 2021,Juneau,AK,Passenger,0,1,1,29,30,3.33
June 30 2022,Harnett,NC,Passenger,2,0,2,159,161,1.24
October 31 2021,Asotin,WA,Truck,0,0,0,6742,6742,0
December 31 2022,Lewis,WA,Passenger,267,186,453,59823,60276,0.75
May 31 2023,Montgomery,MD,Passenger,6,2,8,197,205,3.9
October 31 2021,New Haven,CT,Passenger,0,2,2,32,34,5.88
July 31 2022,Penobscot,ME,Passenger,0,1,1,8,9,11.11
August 31 2023,Stafford,VA,Passenger,3,0,3,79,82,3.66
September 30 2019,Charles,MD,Passenger,0,1,1,91,92,1.09
October 31 2018,Wahkiakum,WA,Truck,0,0,0,1701,1701,0
July 31 2024,Carroll,MD,Passenger,0,1,1,9,10,10
July 31 2019,Franklin,MA,Passenger,0,1,1,2,3,33.33
August 31 2022,Mason,WA,Passenger,329,175,504,46949,47453,1.06
June 30 2022,Okanogan,WA,Passenger,81,50,131,26352,26483,0.49
January 31 2023,DuPage,IL,Passenger,2,1,3,38,41,7.32
August 31 2018,Honolulu,HI,Passenger,1,2,3,537,540,0.56
December 31 2022,Burlington,NJ,Passenger,0,2,2,99,101,1.98
April 30 2022,Carroll,NH,Passenger,0,1,1,4,5,20
February 28 2021,Goochland,VA,Passenger,4,3,7,260,267,2.62
July 31 2021,Flathead,MT,Passenger,2,0,2,51,53,3.77
November 30 2022,Lee,FL,Passenger,1,0,1,34,35,2.86
July 31 2020,Kent,MI,Passenger,0,1,1,27,28,3.57
December 31 2019,Asotin,WA,Passenger,14,9,23,12673,12696,0.18
October 31 2018,Brevard,FL,Passenger,0,1,1,95,96,1.04
December 31 2023,Skagit,WA,Truck,32,0,32,31689,31721,0.1
October 31 2022,Muscogee,GA,Passenger,1,2,3,123,126,2.38
September 30 2022,Norfolk,MA,Passenger,1,0,1,25,26,3.85
November 30 2021,Penobscot,ME,Passenger,0,1,1,8,9,11.11
December 31 2019,Skagit,WA,Truck,1,0,1,32560,32561,0
October 31 2019,Dallas,TX,Passenger,1,0,1,220,221,0.45
September 30 2019,Skamania,WA,Truck,0,0,0,4085,4085,0
March 31 2020,Franklin,WA,Truck,0,0,0,19896,19896,0
September 30 2018,Cochise,AZ,Passenger,0,1,1,116,117,0.85
November 30 2020,San Francisco,CA,Passenger,1,1,2,100,102,1.96
January 31 2021,Dallas,IA,Passenger,0,1,1,10,11,9.09
May 31 2023,Lexington,SC,Passenger,1,0,1,23,24,4.17
April 30 2024,Stevens,WA,Passenger,152,76,228,29458,29686,0.77
February 29 2024,King,WA,Truck,1180,2,1182,171611,172793,0.68
August 31 2022,Kittitas,WA,Passenger,283,88,371,29582,29953,1.24
March 31 2022,Tom Green,TX,Passenger,0,1,1,25,26,3.85
October 31 2022,Garfield,WA,Passenger,1,3,4,1303,1307,0.31
February 29 2020,Guadalupe,TX,Passenger,1,0,1,71,72,1.39
April 30 2024,Saratoga,NY,Passenger,1,1,2,26,28,7.14
January 31 2022,Okanogan,WA,Passenger,69,47,116,26505,26621,0.44
January 31 2023,Ada,ID,Passenger,1,0,1,145,146,0.68
August 31 2018,Yakima,WA,Truck,0,0,0,58608,58608,0
December 31 2022,Mercer,NJ,Passenger,0,1,1,13,14,7.14
August 31 2021,Clark,WA,Passenger,3073,1470,4543,321859,326402,1.39
May 31 2020,Charles,MD,Passenger,1,1,2,78,80,2.5
March 31 2022,Sacramento,CA,Passenger,1,1,2,242,244,0.82
February 28 2022,Harris,TX,Passenger,1,0,1,197,198,0.51
October 31 2023,Middlesex,MA,Passenger,2,0,2,78,80,2.5
May 31 2021,Dallas,IA,Passenger,0,1,1,9,10,10
February 28 2018,Adams,WA,Passenger,5,4,9,12453,12462,0.07
February 28 2022,Loudoun,VA,Passenger,1,0,1,70,71,1.41
December 31 2021,Montgomery,AL,Passenger,1,0,1,39,40,2.5
July 31 2022,Lexington,SC,Passenger,1,0,1,24,25,4
April 30 2017,Clark,WA,Truck,0,0,0,77541,77541,0
March 31 2021,Orange,NC,Passenger,0,1,1,12,13,7.69
October 31 2018,Collin,TX,Passenger,1,1,2,170,172,1.16
February 28 2019,Grays Harbor,WA,Truck,0,0,0,20314,20314,0
January 31 2021,Whitman,WA,Truck,0,0,0,8511,8511,0
January 31 2020,Los Angeles,CA,Passenger,7,12,19,1107,1126,1.69
March 31 2021,Sacramento,CA,Passenger,2,1,3,260,263,1.14
July 31 2017,Allegheny,PA,Passenger,1,0,1,91,92,1.09
April 30 2021,Spartanburg,SC,Passenger,0,1,1,55,56,1.79
August 31 2022,Lincoln,OR,Passenger,0,1,1,27,28,3.57
October 31 2022,Wilson,TX,Passenger,0,1,1,3,4,25
December 31 2017,Wahkiakum,WA,Passenger,0,2,2,2860,2862,0.07
August 31 2022,Hudson,NJ,Passenger,3,0,3,34,37,8.11
May 31 2020,Contra Costa,CA,Passenger,3,2,5,314,319,1.57
March 31 2019,Douglas,WA,Truck,0,0,0,12155,12155,0
October 31 2023,Saratoga,NY,Passenger,1,1,2,33,35,5.71
May 31 2022,Marion,IA,Passenger,1,0,1,0,1,100
April 30 2017,King,WA,Truck,8,1,9,188905,188914,0
August 31 2018,Whatcom,WA,Truck,2,0,2,42390,42392,0
June 30 2024,DuPage,IL,Passenger,2,1,3,23,26,11.54
February 29 2020,Shasta,CA,Passenger,1,0,1,38,39,2.56
June 30 2024,Autauga,AL,Passenger,2,1,3,10,13,23.08
April 30 2019,Anne Arundel,MD,Passenger,0,1,1,445,446,0.22
January 31 2017,Monroe,NY,Passenger,1,0,1,31,32,3.12
November 30 2018,Lee,AL,Passenger,1,0,1,36,37,2.7
December 31 2022,Madison,IL,Passenger,1,0,1,16,17,5.88
April 30 2023,Stafford,VA,Passenger,3,1,4,85,89,4.49
July 31 2021,Sarasota,FL,Passenger,2,0,2,37,39,5.13
February 28 2022,Kootenai,ID,Passenger,0,1,1,178,179,0.56
July 31 2020,Putnam,TN,Passenger,0,1,1,3,4,25
July 31 2023,Ray,MO,Passenger,0,1,1,0,1,100
December 31 2018,Virginia Beach,VA,Passenger,2,1,3,690,693,0.43
January 31 2023,Cumberland,NC,Passenger,2,4,6,353,359,1.67
June 30 2023,Escambia,FL,Passenger,0,1,1,139,140,0.71
December 31 2022,DeKalb,GA,Passenger,1,0,1,48,49,2.04
August 31 2021,Pend Oreille,WA,Truck,0,0,0,5721,5721,0
May 31 2023,Madison,IL,Passenger,2,0,2,16,18,11.11
October 31 2020,Cowlitz,WA,Passenger,160,122,282,72074,72356,0.39
August 31 2021,Asotin,WA,Passenger,21,17,38,12707,12745,0.3
September 30 2022,Hennepin,MN,Passenger,1,0,1,56,57,1.75
July 31 2023,Denton,TX,Passenger,1,0,1,50,51,1.96
August 31 2022,Eau Claire,WI,Passenger,1,0,1,1,2,50
June 30 2024,Cook,IL,Passenger,2,0,2,126,128,1.56
May 31 2024,Gwinnett,GA,Passenger,1,0,1,38,39,2.56
November 30 2018,Morris,NJ,Passenger,1,0,1,18,19,5.26
December 31 2018,Tarrant,TX,Passenger,1,0,1,207,208,0.48
June 30 2017,Ramsey,MN,Passenger,1,0,1,44,45,2.22
December 31 2022,Clark,WA,Passenger,4916,2024,6940,314437,321377,2.16
March 31 2023,Skagit,WA,Passenger,1022,383,1405,89034,90439,1.55
December 31 2018,San Juan,WA,Passenger,183,69,252,14216,14468,1.74
April 30 2018,Klickitat,WA,Truck,0,0,0,8062,8062,0
August 31 2020,Eagle,CO,Passenger,1,0,1,7,8,12.5
November 30 2018,Kent,MI,Passenger,0,1,1,25,26,3.85
July 31 2019,Dallas,TX,Passenger,1,0,1,215,216,0.46
May 31 2024,Newport,RI,Passenger,0,2,2,52,54,3.7
November 30 2017,Dale,AL,Passenger,0,1,1,61,62,1.61
October 31 2019,Lewis,WA,Passenger,108,104,212,59436,59648,0.36
October 31 2019,Island,WA,Truck,0,0,0,21307,21307,0
November 30 2020,Yakima,WA,Truck,0,0,0,60758,60758,0
June 30 2021,Walla Walla,WA,Truck,0,0,0,14071,14071,0
June 30 2021,Montgomery,AL,Passenger,1,0,1,40,41,2.44
April 30 2023,Skamania,WA,Passenger,100,53,153,8071,8224,1.86
November 30 2019,Spartanburg,SC,Passenger,0,1,1,48,49,2.04
July 31 2020,Charles,MD,Passenger,1,1,2,80,82,2.44
March 31 2022,Hanover,VA,Passenger,1,0,1,1,2,50
April 30 2021,Clark,NV,Passenger,5,3,8,674,682,1.17
April 30 2024,Montgomery,MD,Passenger,5,1,6,172,178,3.37
December 31 2020,Kootenai,ID,Passenger,0,1,1,208,209,0.48
October 31 2018,Morris,NJ,Passenger,1,0,1,17,18,5.56
September 30 2022,Hillsborough,FL,Passenger,1,2,3,133,136,2.21
February 29 2024,Kitsap,WA,Passenger,4152,1561,5713,174900,180613,3.16
June 30 2021,El Paso,CO,Passenger,3,1,4,692,696,0.57
November 30 2022,El Paso,TX,Passenger,4,0,4,339,343,1.17
April 30 2021,Okanogan,WA,Truck,0,0,0,16741,16741,0
February 29 2020,Maui,HI,Passenger,2,0,2,40,42,4.76
June 30 2017,Madison,ID,Passenger,1,0,1,38,39,2.56
June 30 2021,Thurston,WA,Passenger,1580,872,2452,197760,200212,1.22
April 30 2019,Jefferson,CO,Passenger,0,2,2,57,59,3.39
June 30 2020,Jefferson,CO,Passenger,0,1,1,56,57,1.75
January 31 2017,District of Columbia,DC,Passenger,0,3,3,232,235,1.28
December 31 2023,Doña Ana,NM,Passenger,1,0,1,14,15,6.67
November 30 2022,Rockdale,GA,Passenger,1,0,1,7,8,12.5
June 30 2024,Bay,FL,Passenger,1,0,1,15,16,6.25
September 30 2022,Grant,WA,Passenger,201,108,309,66664,66973,0.46
March 31 2020,Virginia Beach,VA,Passenger,1,0,1,681,682,0.15
May 31 2022,Clark,NV,Passenger,9,3,12,580,592,2.03
October 31 2022,Bell,TX,Passenger,1,0,1,317,318,0.31
August 31 2020,Columbia,WA,Truck,0,0,0,1525,1525,0
January 31 2021,Boulder,CO,Passenger,1,1,2,48,50,4
January 31 2024,Spokane,WA,Passenger,2967,1451,4418,322772,327190,1.35
July 31 2019,Larimer,CO,Passenger,1,0,1,55,56,1.79
July 31 2018,Nassau,NY,Passenger,2,0,2,40,42,4.76
August 31 2023,Denton,TX,Passenger,1,0,1,48,49,2.04
April 30 2023,Harrison,MS,Passenger,1,0,1,36,37,2.7
July 31 2018,DeKalb,IN,Passenger,1,0,1,1,2,50
December 31 2020,Clark,WA,Passenger,2358,1180,3538,319350,322888,1.1
July 31 2022,Walla Walla,WA,Passenger,175,98,273,35784,36057,0.76
March 31 2018,Charles,MD,Passenger,0,1,1,83,84,1.19
August 31 2018,Collin,TX,Passenger,1,0,1,167,168,0.6
January 31 2023,Ulster,NY,Passenger,1,0,1,9,10,10
September 30 2022,Hanover,VA,Passenger,1,0,1,1,2,50
March 31 2022,Marion,IA,Passenger,1,0,1,0,1,100
June 30 2022,Fulton,GA,Passenger,1,1,2,78,80,2.5
September 30 2020,Lane,OR,Passenger,0,1,1,148,149,0.67
February 28 2019,Skagit,WA,Truck,1,0,1,32282,32283,0
January 31 2022,Ferry,WA,Truck,0,0,0,3581,3581,0
March 31 2021,Loudoun,VA,Passenger,1,0,1,73,74,1.35
April 30 2021,Pacific,WA,Truck,0,0,0,7912,7912,0
March 31 2024,Pulaski,AR,Passenger,2,0,2,16,18,11.11
July 31 2017,Travis,TX,Passenger,1,1,2,196,198,1.01
June 30 2024,Prince George's,MD,Passenger,2,1,3,98,101,2.97
April 30 2022,Kings,NY,Passenger,1,0,1,65,66,1.52
February 29 2024,Sedgwick,KS,Passenger,0,1,1,43,44,2.27
June 30 2022,Louisa,VA,Passenger,0,1,1,1,2,50
May 31 2019,Multnomah,OR,Passenger,5,5,10,767,777,1.29
January 31 2023,Harrison,MS,Passenger,1,0,1,40,41,2.44
November 30 2021,Sarpy,NE,Passenger,1,0,1,71,72,1.39
November 30 2022,Eagle,CO,Passenger,1,0,1,7,8,12.5
March 31 2018,Virginia Beach,VA,Passenger,2,1,3,678,681,0.44
November 30 2020,Fairfax,VA,Passenger,5,2,7,724,731,0.96
February 28 2023,Lake,IN,Passenger,0,1,1,11,12,8.33
March 31 2023,Washington,MD,Passenger,2,0,2,13,15,13.33
March 31 2024,Plaquemines,LA,Passenger,1,1,2,16,18,11.11
August 31 2023,Grays Harbor,WA,Passenger,332,201,533,48140,48673,1.1
March 31 2021,El Paso,CO,Passenger,3,1,4,703,707,0.57
January 31 2018,Garfield,WA,Truck,0,0,0,943,943,0
May 31 2017,King,WA,Passenger,9794,3988,13782,1376714,1390496,0.99
March 31 2018,Los Angeles,CA,Passenger,4,4,8,1211,1219,0.66
September 30 2022,Walla Walla,WA,Truck,2,0,2,13934,13936,0.01
January 31 2023,Chelan,WA,Truck,15,0,15,23085,23100,0.06
June 30 2023,Duval,FL,Passenger,1,0,1,261,262,0.38
August 31 2021,San Diego,CA,Passenger,19,4,23,2593,2616,0.88
March 31 2020,New London,CT,Passenger,1,1,2,239,241,0.83
April 30 2022,Moore,NC,Passenger,0,1,1,116,117,0.85
November 30 2017,Franklin,OH,Passenger,0,1,1,110,111,0.9
October 31 2023,Frederick,MD,Passenger,2,1,3,49,52,5.77
July 31 2023,Oldham,KY,Passenger,0,1,1,3,4,25
July 31 2023,Montgomery,MD,Passenger,6,2,8,191,199,4.02
April 30 2021,Anchorage,AK,Passenger,1,0,1,153,154,0.65
May 31 2024,St. Mary's,MD,Passenger,2,0,2,157,159,1.26
June 30 2018,DeKalb,IN,Passenger,1,0,1,1,2,50
October 31 2023,Larimer,CO,Passenger,1,0,1,21,22,4.55
September 30 2020,Grant,WA,Passenger,67,80,147,65560,65707,0.22
July 31 2020,Anne Arundel,MD,Passenger,0,1,1,407,408,0.25
September 30 2019,Thurston,WA,Truck,0,0,0,55518,55518,0
February 29 2020,Hennepin,MN,Passenger,3,1,4,105,109,3.67
July 31 2020,Washtenaw,MI,Passenger,1,0,1,36,37,2.7
March 31 2023,Thurston,WA,Truck,52,0,52,54226,54278,0.1
September 30 2021,Asotin,WA,Truck,0,0,0,6749,6749,0
February 28 2022,Montgomery,PA,Passenger,2,0,2,24,26,7.69
April 30 2023,Newport,RI,Passenger,0,1,1,60,61,1.64
September 30 2018,Pend Oreille,WA,Truck,0,0,0,5747,5747,0
August 31 2020,Grant,WA,Passenger,66,75,141,65384,65525,0.22
February 28 2017,Dane,WI,Passenger,1,0,1,170,171,0.58
April 30 2018,Whatcom,WA,Truck,2,0,2,42120,42122,0
July 31 2020,Middlesex,MA,Passenger,1,0,1,95,96,1.04
April 30 2020,Henrico,VA,Passenger,0,1,1,20,21,4.76
March 31 2024,Clark,WA,Passenger,7768,2809,10577,312715,323292,3.27
January 31 2024,Jefferson,WA,Passenger,674,282,956,24113,25069,3.81
March 31 2021,Grant,WA,Truck,0,0,0,27747,27747,0
May 31 2021,Harnett,NC,Passenger,1,1,2,187,189,1.06
June 30 2024,Providence,RI,Passenger,1,0,1,20,21,4.76
March 31 2018,Montgomery,PA,Passenger,1,0,1,34,35,2.86
July 31 2022,Sedgwick,KS,Passenger,0,1,1,73,74,1.35
June 30 2019,Maui,HI,Passenger,2,0,2,48,50,4
October 31 2020,Monroe,IL,Passenger,1,0,1,2,3,33.33
February 29 2020,Skamania,WA,Truck,0,0,0,4101,4101,0
April 30 2017,Tarrant,TX,Passenger,0,2,2,275,277,0.72
March 31 2018,Lumpkin,GA,Passenger,1,0,1,7,8,12.5
December 31 2021,Virginia Beach,VA,Passenger,2,0,2,577,579,0.35
August 31 2018,Prince William,VA,Passenger,0,5,5,256,261,1.92
February 28 2022,Grant,WA,Truck,0,0,0,27990,27990,0
April 30 2018,Duval,FL,Passenger,1,2,3,377,380,0.79
August 31 2020,Duval,FL,Passenger,0,2,2,369,371,0.54
September 30 2022,Palm Beach,FL,Passenger,1,1,2,57,59,3.39
May 31 2024,Wichita,TX,Passenger,1,0,1,28,29,3.45
May 31 2022,Middlesex,NJ,Passenger,1,0,1,23,24,4.17
July 31 2018,Beaufort,SC,Passenger,1,0,1,41,42,2.38
July 31 2022,Brown,WI,Passenger,1,0,1,9,10,10
May 31 2024,Stevens,WA,Passenger,149,80,229,29378,29607,0.77
October 31 2023,Klickitat,WA,Passenger,174,70,244,15069,15313,1.59
September 30 2023,Klickitat,WA,Truck,12,0,12,8210,8222,0.15
October 31 2023,Wake,NC,Passenger,4,0,4,81,85,4.71
October 31 2023,San Francisco,CA,Passenger,1,0,1,55,56,1.79
July 31 2024,Douglas,CO,Passenger,0,2,2,40,42,4.76
October 31 2020,Mason,WA,Passenger,165,132,297,47481,47778,0.62
March 31 2021,Clark,WA,Truck,0,0,0,83802,83802,0
March 31 2017,Montgomery,TN,Passenger,1,0,1,289,290,0.34
December 31 2017,Virginia Beach,VA,Passenger,2,1,3,666,669,0.45
December 31 2021,Prince William,VA,Passenger,1,3,4,210,214,1.87
March 31 2022,Harris,TX,Passenger,1,0,1,187,188,0.53
December 31 2017,Kitsap,WA,Truck,1,0,1,52698,52699,0
August 31 2019,Cumberland,NC,Passenger,1,2,3,506,509,0.59
July 31 2023,San Mateo,CA,Passenger,2,0,2,68,70,2.86
June 30 2020,Gwinnett,GA,Passenger,1,0,1,77,78,1.28
November 30 2017,Wahkiakum,WA,Truck,0,0,0,1661,1661,0
May 31 2018,Juneau,AK,Passenger,0,1,1,48,49,2.04
February 29 2024,Wahkiakum,WA,Truck,4,0,4,1742,1746,0.23
June 30 2019,Collier,FL,Passenger,1,0,1,21,22,4.55
October 31 2019,Collier,FL,Passenger,1,0,1,21,22,4.55
May 31 2017,Sedgwick,KS,Passenger,0,1,1,110,111,0.9
October 31 2022,Adams,WA,Truck,1,0,1,5425,5426,0.02
January 31 2024,Tom Green,TX,Passenger,0,1,1,17,18,5.56
November 30 2018,Pinal,AZ,Passenger,2,0,2,208,210,0.95
July 31 2020,Jones,GA,Passenger,1,0,1,1,2,50
July 31 2020,Loudoun,VA,Passenger,1,0,1,85,86,1.16
June 30 2020,Pierce,WA,Truck,0,0,0,142086,142086,0
September 30 2022,Henrico,VA,Passenger,0,1,1,11,12,8.33
July 31 2019,San Francisco,CA,Passenger,2,1,3,109,112,2.68
December 31 2023,Cumberland,NC,Passenger,2,3,5,302,307,1.63
April 30 2024,Polk,OR,Passenger,1,1,2,17,19,10.53
March 31 2024,Wahkiakum,WA,Truck,4,0,4,1746,1750,0.23
November 30 2021,Kauai,HI,Passenger,1,0,1,20,21,4.76
March 31 2019,Whatcom,WA,Truck,2,0,2,42716,42718,0
February 29 2020,Orange,CA,Passenger,7,2,9,524,533,1.69
June 30 2017,Cumberland,NC,Passenger,2,0,2,595,597,0.34
January 31 2021,Harford,MD,Passenger,0,1,1,60,61,1.64
January 31 2023,Chesapeake,VA,Passenger,3,1,4,333,337,1.19
January 31 2024,Cumberland,PA,Passenger,1,1,2,33,35,5.71
January 31 2020,Cascade,MT,Passenger,0,1,1,60,61,1.64
March 31 2022,Maui,HI,Passenger,1,0,1,29,30,3.33
November 30 2022,Yakima,WA,Truck,6,0,6,61192,61198,0.01
June 30 2019,Dale,AL,Passenger,0,1,1,54,55,1.82
November 30 2018,Island,WA,Passenger,266,225,491,63068,63559,0.77
December 31 2021,Walla Walla,WA,Passenger,143,86,229,36347,36576,0.63
May 31 2022,Anchorage,AK,Passenger,2,0,2,143,145,1.38
November 30 2022,Lake,FL,Passenger,1,0,1,21,22,4.55
February 28 2022,Charles,MD,Passenger,0,1,1,68,69,1.45
November 30 2022,Douglas,NE,Passenger,2,2,4,37,41,9.76
August 31 2023,Williamsburg,VA,Passenger,0,1,1,5,6,16.67
August 31 2023,Montgomery,MD,Passenger,6,2,8,187,195,4.1
October 31 2021,Duval,FL,Passenger,0,2,2,344,346,0.58
February 28 2023,Deschutes,OR,Passenger,2,0,2,87,89,2.25
August 31 2020,Polk,FL,Passenger,1,0,1,75,76,1.32
May 31 2021,Honolulu,HI,Passenger,5,2,7,446,453,1.55
February 28 2023,Calvert,MD,Passenger,0,2,2,86,88,2.27
October 31 2022,Arapahoe,CO,Passenger,0,1,1,93,94,1.06
October 31 2019,Wahkiakum,WA,Truck,0,0,0,1751,1751,0
September 30 2022,York,VA,Passenger,1,0,1,82,83,1.2
March 31 2024,Wahkiakum,WA,Passenger,35,23,58,3040,3098,1.87
December 31 2018,Goochland,VA,Passenger,0,1,1,249,250,0.4
April 30 2017,Deschutes,OR,Passenger,1,0,1,207,208,0.48
April 30 2017,Travis,TX,Passenger,1,1,2,200,202,0.99
November 30 2022,Bell,TX,Passenger,1,0,1,316,317,0.32
October 31 2021,Calvert,MD,Passenger,0,2,2,89,91,2.2
February 28 2023,Jefferson,NY,Passenger,2,0,2,204,206,0.97
September 30 2023,Brevard,FL,Passenger,1,0,1,63,64,1.56
November 30 2022,New Haven,CT,Passenger,0,2,2,31,33,6.06
July 31 2020,Columbia,WA,Passenger,4,3,7,2418,2425,0.29
July 31 2019,Okanogan,WA,Truck,0,0,0,16484,16484,0
October 31 2022,Columbia,WA,Truck,0,0,0,1579,1579,0
July 31 2017,Collier,FL,Passenger,1,0,1,23,24,4.17
May 31 2023,Cowlitz,WA,Passenger,456,206,662,69918,70580,0.94
August 31 2021,Kittitas,WA,Passenger,172,72,244,29864,30108,0.81
March 31 2017,Norfolk,MA,Passenger,1,0,1,38,39,2.56
January 31 2023,Ventura,CA,Passenger,3,3,6,243,249,2.41
November 30 2023,Williamson,TX,Passenger,1,1,2,52,54,3.7
July 31 2022,Fairbanks North Star,AK,Passenger,0,1,1,77,78,1.28
January 31 2020,Adams,WA,Truck,0,0,0,5209,5209,0
March 31 2023,Broward,FL,Passenger,1,0,1,67,68,1.47
June 30 2024,James City,VA,Passenger,1,0,1,26,27,3.7
January 31 2022,Mercer,NJ,Passenger,0,1,1,12,13,7.69
December 31 2022,Clallam,WA,Truck,8,0,8,21856,21864,0.04
July 31 2024,Franklin,WA,Truck,17,0,17,20145,20162,0.08
October 31 2020,Wahkiakum,WA,Passenger,6,6,12,3035,3047,0.39
December 31 2017,Garfield,WA,Passenger,1,0,1,1321,1322,0.08
April 30 2017,Gwinnett,GA,Passenger,0,1,1,90,91,1.1
October 31 2022,Columbia,OR,Passenger,1,0,1,14,15,6.67
November 30 2021,Adams,WA,Passenger,16,14,30,13025,13055,0.23
December 31 2017,Franklin,MA,Passenger,0,1,1,5,6,16.67
April 30 2022,Bartow,GA,Passenger,0,1,1,4,5,20
August 31 2018,Snohomish,WA,Passenger,2470,1310,3780,523493,527273,0.72
December 31 2022,Stevens,WA,Passenger,90,55,145,29901,30046,0.48
July 31 2017,Clark,NV,Passenger,2,2,4,826,830,0.48
March 31 2018,El Paso,CO,Passenger,2,1,3,761,764,0.39
August 31 2020,Howard,MD,Passenger,0,1,1,78,79,1.27
April 30 2017,Shelby,TN,Passenger,0,1,1,112,113,0.88
August 31 2021,Columbia,WA,Truck,0,0,0,1538,1538,0
March 31 2024,Nueces,TX,Passenger,1,1,2,43,45,4.44
December 31 2022,Botetourt,VA,Passenger,1,0,1,1,2,50
April 30 2019,San Francisco,CA,Passenger,2,1,3,115,118,2.54
July 31 2019,Adams,WA,Truck,0,0,0,5128,5128,0
March 31 2017,Skamania,WA,Passenger,8,8,16,8526,8542,0.19
June 30 2022,Anne Arundel,MD,Passenger,3,3,6,346,352,1.7
June 30 2020,Twin Falls,ID,Passenger,0,1,1,27,28,3.57
September 30 2017,Ramsey,MN,Passenger,1,0,1,43,44,2.27
March 31 2021,Lincoln,WA,Passenger,5,13,18,7685,7703,0.23
March 31 2021,Cowlitz,WA,Truck,0,0,0,29038,29038,0
February 28 2021,Fresno,CA,Passenger,1,0,1,194,195,0.51
June 30 2019,Lincoln,WA,Passenger,2,8,10,7774,7784,0.13
May 31 2019,Clark,WA,Truck,0,0,0,80158,80158,0
March 31 2017,Garfield,WA,Passenger,0,0,0,1283,1283,0
January 31 2023,Kings,CA,Passenger,2,1,3,300,303,0.99
June 30 2023,Kauai,HI,Passenger,1,1,2,16,18,11.11
June 30 2021,Hennepin,MN,Passenger,3,0,3,81,84,3.57
February 28 2023,Autauga,AL,Passenger,2,0,2,13,15,13.33
November 30 2022,Meade,KY,Passenger,1,0,1,22,23,4.35
June 30 2024,Douglas,WA,Passenger,287,100,387,28591,28978,1.34
April 30 2024,Duval,FL,Passenger,1,0,1,197,198,0.51
April 30 2021,Goochland,VA,Passenger,4,2,6,257,263,2.28
April 30 2022,Stafford,VA,Passenger,2,1,3,97,100,3
February 29 2024,Wilson,TX,Passenger,0,1,1,3,4,25
June 30 2021,Clallam,WA,Passenger,329,217,546,50472,51018,1.07
September 30 2017,Yakima,WA,Passenger,57,69,126,160593,160719,0.08
September 30 2019,Okanogan,WA,Passenger,24,26,50,26224,26274,0.19
September 30 2017,New London,CT,Passenger,1,0,1,241,242,0.41
May 31 2024,El Paso,CO,Passenger,7,3,10,414,424,2.36
April 30 2021,Denver,CO,Passenger,1,0,1,119,120,0.83
March 31 2021,Douglas,CO,Passenger,0,1,1,84,85,1.18
December 31 2019,Goochland,VA,Passenger,2,1,3,276,279,1.08
January 31 2023,Yavapai,AZ,Passenger,0,1,1,25,26,3.85
January 31 2019,Benton,WA,Passenger,232,242,474,133193,133667,0.35
July 31 2021,Yakima,WA,Passenger,238,161,399,169226,169625,0.24
March 31 2018,Jefferson,WA,Passenger,132,88,220,24284,24504,0.9
January 31 2021,Virginia Beach,VA,Passenger,2,0,2,634,636,0.31
November 30 2023,Adams,WA,Truck,3,0,3,5352,5355,0.06
May 31 2022,New London,CT,Passenger,3,4,7,199,206,3.4
March 31 2023,Frederick,MD,Passenger,1,0,1,56,57,1.75
July 31 2017,Volusia,FL,Passenger,0,1,1,47,48,2.08
January 31 2022,Rogers,OK,Passenger,1,0,1,6,7,14.29
February 29 2020,Duval,FL,Passenger,1,2,3,369,372,0.81
June 30 2023,Leavenworth,KS,Passenger,0,1,1,88,89,1.12
June 30 2024,Skamania,WA,Truck,4,0,4,3762,3766,0.11
February 28 2021,Pulaski,MO,Passenger,1,0,1,147,148,0.68
April 30 2020,Hennepin,MN,Passenger,3,1,4,98,102,3.92
April 30 2024,New York,NY,Passenger,2,0,2,33,35,5.71
September 30 2017,Columbia,WA,Truck,0,0,0,1558,1558,0
April 30 2021,Adams,WA,Truck,0,0,0,5405,5405,0
March 31 2021,Montgomery,OH,Passenger,0,1,1,55,56,1.79
August 31 2021,Arlington,VA,Passenger,0,1,1,144,145,0.69
April 30 2018,Cowlitz,WA,Truck,0,0,0,28290,28290,0
March 31 2018,Lane,OR,Passenger,0,1,1,190,191,0.52
September 30 2020,Suffolk,VA,Passenger,1,0,1,125,126,0.79
September 30 2019,Anne Arundel,MD,Passenger,1,1,2,431,433,0.46
October 31 2017,Pend Oreille,WA,Passenger,3,4,7,9374,9381,0.07
July 31 2022,Pinal,AZ,Passenger,0,1,1,135,136,0.74
May 31 2024,Adams,WA,Truck,4,0,4,5365,5369,0.07
January 31 2018,Canyon,ID,Passenger,0,1,1,100,101,0.99
December 31 2022,Washington,OR,Passenger,1,0,1,301,302,0.33
February 28 2017,Nassau,NY,Passenger,0,1,1,40,41,2.44
March 31 2017,Kittitas,WA,Passenger,17,16,33,27113,27146,0.12
July 31 2022,Clackamas,OR,Passenger,2,0,2,156,158,1.27
May 31 2021,El Paso,TX,Passenger,4,0,4,395,399,1
July 31 2022,Tarrant,TX,Passenger,4,0,4,125,129,3.1
June 30 2019,Santa Fe,NM,Passenger,0,1,1,41,42,2.38
September 30 2018,Nantucket,MA,Passenger,1,0,1,4,5,20
March 31 2021,Columbia,WA,Passenger,5,4,9,2464,2473,0.36
February 28 2017,Deschutes,OR,Passenger,1,0,1,210,211,0.47
April 30 2022,Harford,MD,Passenger,1,1,2,50,52,3.85
July 31 2024,Montgomery,MD,Passenger,5,1,6,165,171,3.51
December 31 2017,Grant,WA,Truck,0,0,0,25581,25581,0
May 31 2018,Contra Costa,CA,Passenger,0,1,1,444,445,0.22
May 31 2023,Santa Clara,CA,Passenger,16,2,18,203,221,8.14
August 31 2021,Travis,TX,Passenger,4,3,7,165,172,4.07
June 30 2023,Wahkiakum,WA,Truck,2,0,2,1775,1777,0.11
January 31 2024,Thurston,WA,Passenger,3918,1425,5343,189452,194795,2.74
October 31 2022,Ferry,WA,Passenger,24,4,28,4375,4403,0.64
August 31 2022,Coryell,TX,Passenger,1,0,1,95,96,1.04
July 31 2019,Lake,IL,Passenger,1,0,1,177,178,0.56
November 30 2022,Norfolk,MA,Passenger,1,0,1,25,26,3.85
October 31 2023,DuPage,IL,Passenger,2,1,3,31,34,8.82
December 31 2019,Monroe,IL,Passenger,1,0,1,3,4,25
March 31 2021,King,WA,Passenger,28515,8565,37080,1364083,1401163,2.65
August 31 2023,Whatcom,WA,Passenger,2659,934,3593,147957,151550,2.37
December 31 2020,Wahkiakum,WA,Passenger,6,7,13,3035,3048,0.43
June 30 2022,Sacramento,CA,Passenger,2,1,3,230,233,1.29
November 30 2018,Prince George's,MD,Passenger,1,1,2,186,188,1.06
December 31 2022,New Haven,CT,Passenger,0,2,2,29,31,6.45
December 31 2017,Klickitat,WA,Truck,0,0,0,7995,7995,0
January 31 2019,Snohomish,WA,Passenger,3074,1488,4562,528126,532688,0.86
August 31 2023,Clark,WA,Passenger,6360,2432,8792,313447,322239,2.73
March 31 2017,Orange,CA,Passenger,2,1,3,668,671,0.45
January 31 2024,Honolulu,HI,Passenger,5,2,7,259,266,2.63
November 30 2021,Columbia,OR,Passenger,1,0,1,24,25,4
February 29 2024,El Paso,TX,Passenger,4,1,5,261,266,1.88
July 31 2023,Escambia,FL,Passenger,0,1,1,139,140,0.71
January 31 2022,Cowlitz,WA,Truck,0,1,1,28899,28900,0
August 31 2017,Columbia,WA,Truck,0,0,0,1542,1542,0
September 30 2022,Chelan,WA,Passenger,493,135,628,54062,54690,1.15
July 31 2018,San Mateo,CA,Passenger,1,1,2,134,136,1.47
February 28 2021,Charles,MD,Passenger,1,1,2,77,79,2.53
February 28 2019,Cowlitz,WA,Passenger,82,100,182,72427,72609,0.25
June 30 2019,Pima,AZ,Passenger,0,1,1,424,425,0.24
November 30 2019,Loudoun,VA,Passenger,1,0,1,97,98,1.02
July 31 2019,Montgomery,TX,Passenger,1,0,1,63,64,1.56
November 30 2022,Snohomish,WA,Truck,78,0,78,122617,122695,0.06
August 31 2019,Mercer,NJ,Passenger,0,1,1,16,17,5.88
September 30 2022,Tarrant,TX,Passenger,4,0,4,119,123,3.25
November 30 2023,Cook,IL,Passenger,2,1,3,148,151,1.99
September 30 2019,Santa Fe,NM,Passenger,0,1,1,44,45,2.22
November 30 2020,Ramsey,MN,Passenger,1,0,1,41,42,2.38
March 31 2022,Hamilton,IN,Passenger,1,0,1,29,30,3.33
September 30 2020,Vigo,IN,Passenger,1,0,1,6,7,14.29
August 31 2021,Washington,MD,Passenger,2,0,2,11,13,15.38
March 31 2022,Asotin,WA,Passenger,22,18,40,12626,12666,0.32
March 31 2018,Marin,CA,Passenger,1,0,1,56,57,1.75
July 31 2019,Island,WA,Passenger,327,244,571,63425,63996,0.89
March 31 2022,Hudson,NJ,Passenger,2,0,2,38,40,5
January 31 2023,Williamsburg,VA,Passenger,0,1,1,7,8,12.5
July 31 2023,Kings,CA,Passenger,3,2,5,284,289,1.73
November 30 2019,Putnam,TN,Passenger,0,1,1,3,4,25
June 30 2020,Mason,WA,Passenger,159,133,292,47258,47550,0.61
July 31 2017,Asotin,WA,Passenger,8,4,12,12433,12445,0.1
February 29 2024,Allegheny,PA,Passenger,2,0,2,52,54,3.7
June 30 2023,Goochland,VA,Passenger,2,2,4,69,73,5.48
February 28 2018,Hardin,KY,Passenger,0,1,1,110,111,0.9
November 30 2018,Randolph,NC,Passenger,1,0,1,5,6,16.67
April 30 2017,San Diego,CA,Passenger,5,2,7,2770,2777,0.25
January 31 2018,Jefferson,WA,Truck,0,0,0,9476,9476,0
April 30 2024,Hudson,NJ,Passenger,2,0,2,15,17,11.76
February 28 2021,Nassau,FL,Passenger,1,0,1,36,37,2.7
June 30 2024,Larimer,CO,Passenger,1,0,1,14,15,6.67
August 31 2023,Franklin,WA,Truck,6,0,6,20886,20892,0.03
May 31 2017,Cumberland,NC,Passenger,2,0,2,602,604,0.33
July 31 2018,Hardin,KY,Passenger,0,1,1,114,115,0.87
January 31 2022,Hanover,VA,Passenger,1,0,1,1,2,50
October 31 2020,Alexandria,VA,Passenger,3,0,3,137,140,2.14
July 31 2019,Solano,CA,Passenger,1,0,1,220,221,0.45
November 30 2022,Kings,CA,Passenger,2,1,3,307,310,0.97
March 31 2020,Salt Lake,UT,Passenger,1,0,1,205,206,0.49
August 31 2022,Kittitas,WA,Truck,3,0,3,14613,14616,0.02
October 31 2018,Monroe,IL,Passenger,1,0,1,3,4,25
December 31 2023,Carroll,MD,Passenger,0,1,1,14,15,6.67
May 31 2019,Kittitas,WA,Passenger,72,35,107,29554,29661,0.36
September 30 2022,Bexar,TX,Passenger,4,3,7,462,469,1.49
November 30 2020,Kittitas,WA,Truck,0,0,0,14645,14645,0
March 31 2017,Sumter,FL,Passenger,0,1,1,11,12,8.33
June 30 2018,Grant,WA,Passenger,31,45,76,63138,63214,0.12
July 31 2019,Calvert,MD,Passenger,0,2,2,90,92,2.17
July 31 2024,Middlesex,MA,Passenger,2,0,2,53,55,3.64
March 31 2021,Clackamas,OR,Passenger,3,0,3,184,187,1.6
November 30 2020,Pend Oreille,WA,Truck,0,0,0,5717,5717,0
February 28 2023,Platte,MO,Passenger,1,0,1,21,22,4.55
February 29 2020,Randolph,NC,Passenger,1,0,1,7,8,12.5
December 31 2017,Fulton,GA,Passenger,1,0,1,107,108,0.93
December 31 2019,San Diego,CA,Passenger,10,4,14,2786,2800,0.5
February 28 2019,Honolulu,HI,Passenger,2,3,5,511,516,0.97
April 30 2018,Santa Rosa,FL,Passenger,1,0,1,102,103,0.97
November 30 2022,Champaign,IL,Passenger,1,0,1,10,11,9.09
March 31 2020,Collin,TX,Passenger,2,1,3,142,145,2.07
December 31 2021,Cumberland,NC,Passenger,2,4,6,417,423,1.42
July 31 2024,Nueces,TX,Passenger,1,1,2,40,42,4.76
August 31 2017,Monterey,CA,Passenger,0,2,2,199,201,1
April 30 2020,Ulster,NY,Passenger,1,0,1,13,14,7.14
July 31 2021,Henrico,VA,Passenger,0,1,1,15,16,6.25
June 30 2020,Boulder,CO,Passenger,1,1,2,46,48,4.17
June 30 2017,Anne Arundel,MD,Passenger,0,1,1,499,500,0.2
April 30 2021,Harris,TX,Passenger,1,1,2,242,244,0.82
January 31 2019,Travis,TX,Passenger,3,1,4,215,219,1.83
April 30 2024,Klickitat,WA,Truck,20,0,20,8182,8202,0.24
May 31 2017,Albemarle,VA,Passenger,0,1,1,31,32,3.12
December 31 2021,Carroll,NH,Passenger,0,1,1,4,5,20
June 30 2018,Whatcom,WA,Passenger,632,301,933,147616,148549,0.63
July 31 2019,Sacramento,CA,Passenger,0,1,1,303,304,0.33
September 30 2019,Fairfax,VA,Passenger,4,1,5,764,769,0.65
December 31 2017,Northampton,PA,Passenger,0,1,1,66,67,1.49
July 31 2017,Cobb,GA,Passenger,0,1,1,79,80,1.25
December 31 2022,Cowlitz,WA,Passenger,405,189,594,70179,70773,0.84
September 30 2017,Okanogan,WA,Passenger,5,18,23,25677,25700,0.09
July 31 2021,Douglas,WA,Passenger,101,51,152,28499,28651,0.53
April 30 2018,Douglas,WA,Passenger,41,32,73,27438,27511,0.27
May 31 2017,Maricopa,AZ,Passenger,1,1,2,1835,1837,0.11
February 29 2020,Portsmouth,VA,Passenger,0,1,1,74,75,1.33
January 31 2020,Ada,ID,Passenger,0,1,1,300,301,0.33
January 31 2018,Grant,WA,Truck,0,0,0,25634,25634,0
November 30 2017,Essex,NJ,Passenger,1,0,1,12,13,7.69
January 31 2022,Henrico,VA,Passenger,0,1,1,14,15,6.67
September 30 2021,Shelby,OH,Passenger,0,1,1,4,5,20
February 28 2023,Kitsap,WA,Passenger,2889,1169,4058,176239,180297,2.25
January 31 2024,Skagit,WA,Passenger,1373,493,1866,88677,90543,2.06
March 31 2020,San Juan,WA,Truck,0,0,0,5931,5931,0
September 30 2021,Hillsborough,FL,Passenger,0,2,2,159,161,1.24
November 30 2021,Fort Bend,TX,Passenger,1,0,1,35,36,2.78
February 29 2024,Spotsylvania,VA,Passenger,0,1,1,21,22,4.55
December 31 2022,Frederick,MD,Passenger,1,0,1,60,61,1.64
September 30 2020,Pierce,WA,Truck,0,0,0,143904,143904,0
November 30 2022,Deschutes,OR,Passenger,2,0,2,92,94,2.13
July 31 2017,Hamilton,IN,Passenger,1,0,1,58,59,1.69
August 31 2017,Morris,NJ,Passenger,1,0,1,23,24,4.17
November 30 2023,Providence,RI,Passenger,1,0,1,20,21,4.76
February 28 2023,Coryell,TX,Passenger,1,0,1,87,88,1.14
May 31 2021,Pacific,WA,Passenger,43,47,90,16052,16142,0.56
November 30 2020,Los Angeles,CA,Passenger,8,10,18,1017,1035,1.74
August 31 2021,St. Clair,IL,Passenger,1,0,1,139,140,0.71
October 31 2022,Orange,CA,Passenger,7,3,10,380,390,2.56
August 31 2022,Kern,CA,Passenger,0,1,1,200,201,0.5
February 28 2021,Mason,WA,Truck,0,0,0,21040,21040,0
October 31 2018,Klickitat,WA,Truck,0,0,0,8148,8148,0
November 30 2023,Cumberland,NC,Passenger,2,3,5,311,316,1.58
July 31 2024,Churchill,NV,Passenger,0,1,1,29,30,3.33
August 31 2022,Danville,VA,Passenger,1,0,1,0,1,100
March 31 2021,Snohomish,WA,Passenger,5379,1929,7308,538579,545887,1.34
August 31 2021,Whitman,WA,Passenger,63,52,115,21889,22004,0.52
February 28 2021,Walla Walla,WA,Truck,0,0,0,13904,13904,0
April 30 2023,Klickitat,WA,Truck,8,0,8,8258,8266,0.1
January 31 2021,Placer,CA,Passenger,2,0,2,88,90,2.22
December 31 2019,Montgomery,AL,Passenger,1,1,2,40,42,4.76
July 31 2022,Thurston,WA,Passenger,2237,1062,3299,192995,196294,1.68
June 30 2021,Whatcom,WA,Truck,4,0,4,43892,43896,0.01
February 28 2018,Clallam,WA,Passenger,109,101,210,49361,49571,0.42
October 31 2018,Hennepin,MN,Passenger,2,0,2,114,116,1.72
May 31 2022,Boone,MO,Passenger,0,1,1,10,11,9.09
July 31 2018,Pima,AZ,Passenger,1,1,2,439,441,0.45
January 31 2024,Clallam,WA,Passenger,683,317,1000,48808,49808,2.01
February 28 2022,Salt Lake,UT,Passenger,2,1,3,174,177,1.69
July 31 2022,Salt Lake,UT,Passenger,2,1,3,147,150,2
October 31 2020,Hawaii,HI,Passenger,1,0,1,58,59,1.69
January 31 2022,Clark,WA,Truck,2,0,2,83826,83828,0
April 30 2021,Middlesex,MA,Passenger,1,0,1,99,100,1
March 31 2020,Lee,FL,Passenger,1,0,1,50,51,1.96
November 30 2020,DeKalb,IN,Passenger,1,0,1,0,1,100
January 31 2022,Skagit,WA,Truck,1,0,1,32627,32628,0
September 30 2020,Chesapeake,VA,Passenger,0,2,2,429,431,0.46
October 31 2022,Lake,IL,Passenger,2,0,2,137,139,1.44
July 31 2018,Walla Walla,WA,Truck,0,0,0,13468,13468,0
February 28 2022,Baltimore,MD,Passenger,1,0,1,92,93,1.08
May 31 2018,Wahkiakum,WA,Passenger,1,2,3,2902,2905,0.1
January 31 2019,Pend Oreille,WA,Passenger,5,5,10,9534,9544,0.1
March 31 2020,Thurston,WA,Truck,0,0,0,55660,55660,0
November 30 2021,Alexandria,VA,Passenger,3,0,3,124,127,2.36
March 31 2022,Charleston,SC,Passenger,2,1,3,71,74,4.05
July 31 2023,Clark,NV,Passenger,8,3,11,437,448,2.46
February 29 2024,Hillsborough,FL,Passenger,2,2,4,91,95,4.21
February 29 2024,Fulton,GA,Passenger,1,1,2,52,54,3.7
August 31 2022,Pennington,SD,Passenger,2,0,2,23,25,8
June 30 2019,DeKalb,IN,Passenger,1,0,1,1,2,50
August 31 2021,Skamania,WA,Passenger,52,38,90,8373,8463,1.06
September 30 2023,,,Passenger,4,1,5,263,268,1.87
December 31 2023,Kern,CA,Passenger,1,1,2,157,159,1.26
December 31 2022,Washtenaw,MI,Passenger,0,1,1,25,26,3.85
August 31 2021,Albemarle,VA,Passenger,2,0,2,22,24,8.33
August 31 2019,Alameda,CA,Passenger,3,1,4,304,308,1.3
June 30 2022,Sumter,SC,Passenger,0,1,1,32,33,3.03
January 31 2018,Adams,WA,Truck,0,0,0,5146,5146,0
November 30 2018,Santa Fe,NM,Passenger,0,1,1,44,45,2.22
September 30 2022,DeKalb,GA,Passenger,1,0,1,51,52,1.92
May 31 2019,Franklin,WA,Passenger,51,69,120,59768,59888,0.2
April 30 2018,El Paso,CO,Passenger,2,1,3,759,762,0.39
March 31 2020,Asotin,WA,Truck,0,0,0,6668,6668,0
May 31 2017,Nantucket,MA,Passenger,1,0,1,3,4,25
November 30 2020,Island,WA,Truck,0,0,0,21277,21277,0
December 31 2023,Fredericksburg,VA,Passenger,1,0,1,6,7,14.29
August 31 2018,Frederick,MD,Passenger,0,1,1,82,83,1.2
November 30 2018,Clark,WA,Passenger,1188,830,2018,310928,312946,0.64
August 31 2018,Lewis,WA,Passenger,83,64,147,57867,58014,0.25
March 31 2024,Grays Harbor,WA,Passenger,410,226,636,47797,48433,1.31
July 31 2017,Thurston,WA,Truck,0,0,0,53281,53281,0
October 31 2018,Grant,WA,Truck,0,0,0,26080,26080,0
April 30 2021,Whitman,WA,Truck,0,0,0,8564,8564,0
July 31 2024,Newport News,VA,Passenger,1,0,1,84,85,1.18
May 31 2022,Juneau,AK,Passenger,0,1,1,33,34,2.94
June 30 2021,Louisa,VA,Passenger,0,1,1,1,2,50
August 31 2019,Wilson,TX,Passenger,0,1,1,7,8,12.5
March 31 2019,Grant,WA,Passenger,34,55,89,64207,64296,0.14
July 31 2023,Douglas,WA,Truck,6,0,6,13037,13043,0.05
November 30 2018,Ventura,CA,Passenger,0,2,2,332,334,0.6
December 31 2019,Kittitas,WA,Truck,0,0,0,14625,14625,0
December 31 2023,Utah,UT,Passenger,1,0,1,80,81,1.23
April 30 2022,Charles,MD,Passenger,0,1,1,63,64,1.56
June 30 2024,Pulaski,MO,Passenger,2,0,2,85,87,2.3
October 31 2022,Tom Green,TX,Passenger,0,1,1,21,22,4.55
March 31 2022,Currituck,NC,Passenger,1,0,1,22,23,4.35
November 30 2023,Prince William,VA,Passenger,1,4,5,154,159,3.14
November 30 2017,Saratoga,NY,Passenger,1,1,2,70,72,2.78
July 31 2023,Anne Arundel,MD,Passenger,5,3,8,294,302,2.65
April 30 2024,Pitt,NC,Passenger,0,1,1,6,7,14.29
May 31 2020,Osceola,FL,Passenger,1,0,1,43,44,2.27
January 31 2019,Mason,WA,Passenger,108,113,221,46649,46870,0.47
July 31 2022,Chelan,WA,Truck,4,0,4,23030,23034,0.02
December 31 2023,Muscogee,GA,Passenger,1,2,3,87,90,3.33
June 30 2020,Ferry,WA,Truck,0,0,0,3556,3556,0
January 31 2019,Montgomery,TX,Passenger,2,0,2,64,66,3.03
July 31 2023,Randolph,NC,Passenger,1,0,1,2,3,33.33
October 31 2021,Whatcom,WA,Passenger,1581,646,2227,150269,152496,1.46
September 30 2022,Lincoln,WA,Passenger,10,16,26,7707,7733,0.34
January 31 2020,Brevard,FL,Passenger,0,1,1,93,94,1.06
June 30 2022,Brown,WI,Passenger,1,0,1,9,10,10
September 30 2021,Essex,NJ,Passenger,2,0,2,13,15,13.33
December 31 2023,Franklin,WA,Passenger,382,161,543,62393,62936,0.86
February 28 2017,Clackamas,OR,Passenger,1,2,3,361,364,0.82
May 31 2022,Charleston,SC,Passenger,2,1,3,67,70,4.29
February 28 2017,Pend Oreille,WA,Truck,0,0,0,5573,5573,0
August 31 2022,Adams,CO,Passenger,1,0,1,41,42,2.38
October 31 2019,El Paso,CO,Passenger,3,2,5,746,751,0.67
June 30 2022,Alameda,CA,Passenger,6,2,8,206,214,3.74
November 30 2022,Hudson,NJ,Passenger,2,0,2,34,36,5.56
August 31 2021,Bucks,PA,Passenger,1,0,1,19,20,5
February 28 2018,Snohomish,WA,Passenger,2087,1118,3205,517175,520380,0.62
May 31 2023,Benton,WA,Passenger,1119,560,1679,135423,137102,1.22
June 30 2020,Adams,WA,Truck,0,0,0,5261,5261,0
April 30 2019,Fresno,CA,Passenger,1,0,1,197,198,0.51
October 31 2019,Garfield,WA,Truck,0,0,0,961,961,0
March 31 2022,Yellowstone,MT,Passenger,0,1,1,29,30,3.33
June 30 2024,Burlington,NJ,Passenger,0,1,1,68,69,1.45
November 30 2023,Lewis,WA,Truck,10,0,10,25746,25756,0.04
July 31 2024,Lane,OR,Passenger,0,1,1,53,54,1.85
October 31 2020,Skamania,WA,Truck,0,0,0,3994,3994,0
November 30 2021,Asotin,WA,Truck,0,0,0,6753,6753,0
May 31 2023,Arapahoe,CO,Passenger,1,1,2,85,87,2.3
July 31 2021,Goochland,VA,Passenger,4,2,6,244,250,2.4
June 30 2022,Sarasota,FL,Passenger,2,0,2,35,37,5.41
November 30 2022,Kitsap,WA,Passenger,2694,1133,3827,176876,180703,2.12
August 31 2018,Montgomery,AL,Passenger,1,0,1,52,53,1.89
March 31 2023,Cumberland,PA,Passenger,1,0,1,40,41,2.44
December 31 2021,St. Mary's,MD,Passenger,1,0,1,206,207,0.48
June 30 2018,Snohomish,WA,Passenger,2348,1261,3609,521386,524995,0.69
May 31 2024,Walla Walla,WA,Passenger,293,157,450,35011,35461,1.27
October 31 2022,Klickitat,WA,Passenger,113,51,164,15064,15228,1.08
February 29 2024,Clark,WA,Truck,167,0,167,80609,80776,0.21
February 28 2022,Pend Oreille,WA,Passenger,17,9,26,9063,9089,0.29
February 28 2017,Jefferson,WA,Truck,0,0,0,9468,9468,0
February 28 2021,Calvert,MD,Passenger,0,2,2,87,89,2.25
May 31 2018,Anne Arundel,MD,Passenger,0,1,1,450,451,0.22
November 30 2022,Thurston,WA,Truck,34,0,34,54654,54688,0.06
September 30 2018,Garfield,OK,Passenger,1,0,1,17,18,5.56
August 31 2018,Walla Walla,WA,Passenger,34,48,82,35867,35949,0.23
October 31 2019,Lincoln,WA,Truck,0,0,0,4691,4691,0
July 31 2021,Richland,SC,Passenger,0,1,1,142,143,0.7
October 31 2021,Prince George's,MD,Passenger,2,1,3,151,154,1.95
October 31 2018,Tulsa,OK,Passenger,1,1,2,54,56,3.57
January 31 2020,Camden,NJ,Passenger,0,2,2,21,23,8.7
November 30 2020,Kitsap,WA,Truck,0,0,0,54256,54256,0
December 31 2017,Clallam,WA,Truck,0,0,0,21220,21220,0
May 31 2020,Pend Oreille,WA,Truck,0,0,0,5740,5740,0
August 31 2021,Asotin,WA,Truck,0,0,0,6749,6749,0
May 31 2021,Carroll,NH,Passenger,0,1,1,4,5,20
February 29 2020,Rogers,OK,Passenger,1,0,1,9,10,10
May 31 2019,Howard,MD,Passenger,0,1,1,84,85,1.18
March 31 2022,Clallam,WA,Passenger,403,240,643,49943,50586,1.27
August 31 2021,San Juan,WA,Passenger,452,141,593,14201,14794,4.01
June 30 2021,Mohave,AZ,Passenger,1,0,1,60,61,1.64
November 30 2017,St. Clair,IL,Passenger,0,1,1,163,164,0.61
September 30 2020,Anne Arundel,MD,Passenger,1,1,2,398,400,0.5
June 30 2019,Calvert,MD,Passenger,0,2,2,87,89,2.25
August 31 2021,Island,WA,Passenger,646,317,963,63046,64009,1.5
September 30 2021,Asotin,WA,Passenger,20,17,37,12715,12752,0.29
March 31 2018,Norfolk,VA,Passenger,1,2,3,327,330,0.91
December 31 2023,Pacific,WA,Truck,6,0,6,7835,7841,0.08
May 31 2021,New London,CT,Passenger,1,2,3,225,228,1.32
January 31 2019,Yakima,WA,Passenger,84,100,184,164897,165081,0.11
October 31 2020,Frederick,MD,Passenger,1,1,2,67,69,2.9
September 30 2021,Burlington,NJ,Passenger,0,1,1,115,116,0.86
January 31 2023,Fairbanks North Star,AK,Passenger,0,1,1,67,68,1.47
April 30 2023,Washington,MD,Passenger,2,0,2,14,16,12.5
October 31 2018,Yakima,WA,Passenger,71,96,167,164391,164558,0.1
August 31 2019,Pacific,WA,Passenger,23,29,52,16036,16088,0.32
January 31 2023,Adams,WA,Passenger,22,11,33,12987,13020,0.25
February 28 2023,Pima,AZ,Passenger,1,0,1,235,236,0.42
June 30 2018,Stevens,WA,Truck,0,0,0,18602,18602,0
November 30 2021,Newport,RI,Passenger,0,1,1,76,77,1.3
May 31 2019,Pinellas,FL,Passenger,1,0,1,118,119,0.84
November 30 2019,Middlesex,MA,Passenger,1,0,1,107,108,0.93
August 31 2023,Bartow,GA,Passenger,0,1,1,3,4,25
February 28 2022,St. Louis,MO,Passenger,2,0,2,77,79,2.53
March 31 2017,Hawaii,HI,Passenger,1,0,1,91,92,1.09
February 28 2022,Jefferson,WA,Truck,0,0,0,9577,9577,0
December 31 2017,Contra Costa,CA,Passenger,0,1,1,461,462,0.22
January 31 2024,Middlesex,MA,Passenger,2,0,2,73,75,2.67
February 28 2023,York,VA,Passenger,1,0,1,76,77,1.3
February 28 2023,Dallas,TX,Passenger,1,0,1,97,98,1.02
January 31 2019,Klickitat,WA,Passenger,29,32,61,15480,15541,0.39
September 30 2021,Ferry,WA,Truck,0,0,0,3594,3594,0
May 31 2022,Franklin,WA,Truck,0,0,0,20905,20905,0
January 31 2021,Greene,MO,Passenger,0,1,1,36,37,2.7
July 31 2019,Loudoun,VA,Passenger,1,0,1,97,98,1.02
April 30 2023,Calvert,MD,Passenger,1,1,2,82,84,2.38
March 31 2019,Juneau,AK,Passenger,0,1,1,36,37,2.7
October 31 2020,Tulsa,OK,Passenger,1,1,2,51,53,3.77
October 31 2022,Galveston,TX,Passenger,0,1,1,17,18,5.56
June 30 2023,Pierce,WA,Passenger,7600,2787,10387,529821,540208,1.92
March 31 2020,Asotin,WA,Passenger,16,12,28,12588,12616,0.22
March 31 2023,Santa Clara,CA,Passenger,15,3,18,211,229,7.86
March 31 2019,Norfolk,MA,Passenger,1,0,1,39,40,2.5
March 31 2021,Norfolk,VA,Passenger,2,3,5,330,335,1.49
January 31 2017,Walla Walla,WA,Passenger,16,21,37,34861,34898,0.11
February 29 2020,Williamson,TX,Passenger,0,2,2,153,155,1.29
January 31 2023,Los Angeles,CA,Passenger,5,5,10,771,781,1.28
January 31 2022,Santa Clara,CA,Passenger,11,1,12,270,282,4.26
December 31 2021,Queens,NY,Passenger,1,0,1,55,56,1.79
July 31 2019,Whitman,WA,Passenger,33,45,78,22692,22770,0.34
March 31 2022,Kitsap,WA,Truck,1,0,1,53893,53894,0
August 31 2022,Benton,WA,Truck,5,0,5,43376,43381,0.01
December 31 2020,Pulaski,MO,Passenger,1,0,1,149,150,0.67
August 31 2020,Salt Lake,UT,Passenger,1,1,2,197,199,1.01
January 31 2024,Brown,WI,Passenger,1,0,1,4,5,20
March 31 2024,Okanogan,WA,Truck,12,0,12,16312,16324,0.07
April 30 2020,Queens,NY,Passenger,1,0,1,53,54,1.85
March 31 2021,Owyhee,ID,Passenger,1,0,1,4,5,20
May 31 2023,Clark,WA,Passenger,5647,2281,7928,313470,321398,2.47
June 30 2020,Grant,WA,Passenger,59,71,130,65224,65354,0.2
June 30 2021,Benton,WA,Truck,0,0,0,43620,43620,0
March 31 2020,St. Mary's,MD,Passenger,1,0,1,206,207,0.48
June 30 2023,Botetourt,VA,Passenger,1,0,1,1,2,50
January 31 2023,Cass,MN,Passenger,0,1,1,2,3,33.33
August 31 2022,Dorchester,SC,Passenger,1,0,1,62,63,1.59
November 30 2019,Arapahoe,CO,Passenger,1,0,1,150,151,0.66
July 31 2024,New Haven,CT,Passenger,0,2,2,17,19,10.53
April 30 2018,Hamilton,TN,Passenger,1,0,1,25,26,3.85
July 31 2023,Napa,CA,Passenger,0,1,1,12,13,7.69
November 30 2021,Williamsburg,VA,Passenger,0,1,1,6,7,14.29
July 31 2019,Yakima,WA,Truck,0,0,0,59247,59247,0
March 31 2023,Yakima,WA,Truck,9,0,9,61136,61145,0.01
February 28 2022,Pacific,WA,Truck,0,0,0,7998,7998,0
January 31 2018,Whitman,WA,Passenger,18,20,38,22473,22511,0.17
February 28 2021,Pima,AZ,Passenger,2,1,3,345,348,0.86
January 31 2021,Middlesex,MA,Passenger,1,0,1,96,97,1.03
October 31 2018,Santa Fe,NM,Passenger,0,1,1,44,45,2.22
February 29 2020,Collier,FL,Passenger,1,0,1,19,20,5
August 31 2023,Rock Island,IL,Passenger,0,1,1,12,13,7.69
April 30 2018,Klickitat,WA,Passenger,25,29,54,15048,15102,0.36
April 30 2019,Shelby,TN,Passenger,0,1,1,99,100,1
December 31 2017,Collier,FL,Passenger,1,0,1,23,24,4.17
April 30 2019,Monroe,IL,Passenger,1,0,1,3,4,25
March 31 2021,Powhatan,VA,Passenger,1,0,1,2,3,33.33
April 30 2024,Pacific,WA,Passenger,106,102,208,15508,15716,1.32
December 31 2022,Geary,KS,Passenger,1,0,1,78,79,1.27
November 30 2022,Nassau,NY,Passenger,2,0,2,28,30,6.67
September 30 2020,Columbia,WA,Truck,0,0,0,1531,1531,0
November 30 2019,Prince William,VA,Passenger,1,4,5,234,239,2.09
October 31 2023,Wayne,MI,Passenger,0,1,1,40,41,2.44
January 31 2019,St. Lucie,FL,Passenger,1,0,1,29,30,3.33
June 30 2024,Yakima,WA,Passenger,792,344,1136,164517,165653,0.69
June 30 2024,San Diego,CA,Truck,1,0,1,373,374,0.27
July 31 2020,Palm Beach,FL,Passenger,0,2,2,83,85,2.35
May 31 2018,Madison,ID,Passenger,1,0,1,37,38,2.63
October 31 2018,Jefferson,CO,Passenger,0,1,1,59,60,1.67
August 31 2023,Clark,WA,Truck,114,0,114,81320,81434,0.14
October 31 2017,Pacific,WA,Passenger,14,10,24,15314,15338,0.16
February 29 2024,Mohave,AZ,Passenger,1,0,1,28,29,3.45
June 30 2017,Hardin,KY,Passenger,0,1,1,116,117,0.85
April 30 2022,Baltimore,MD,Passenger,1,0,1,91,92,1.09
December 31 2023,Beaufort,SC,Passenger,1,0,1,27,28,3.57
October 31 2018,Lake,CA,Passenger,0,1,1,11,12,8.33
October 31 2022,Skagit,WA,Passenger,885,349,1234,89337,90571,1.36
March 31 2018,Stevens,WA,Passenger,9,21,30,31604,31634,0.09
February 29 2020,Columbia,WA,Passenger,3,3,6,2433,2439,0.25
November 30 2019,Cook,IL,Passenger,1,0,1,242,243,0.41
March 31 2023,Berkeley,SC,Passenger,0,1,1,111,112,0.89
November 30 2021,Juneau,AK,Passenger,0,1,1,32,33,3.03
November 30 2022,Providence,RI,Passenger,1,0,1,20,21,4.76
May 31 2024,Kittitas,WA,Passenger,521,136,657,29201,29858,2.2
July 31 2023,New York,NY,Passenger,2,0,2,36,38,5.26
January 31 2024,Pend Oreille,WA,Passenger,33,20,53,8760,8813,0.6
September 30 2018,Portsmouth,VA,Passenger,0,1,1,75,76,1.32
September 30 2017,Ferry,WA,Passenger,1,1,2,4381,4383,0.05
July 31 2021,Spartanburg,SC,Passenger,0,1,1,54,55,1.82
June 30 2021,Norfolk,VA,Passenger,2,3,5,326,331,1.51
August 31 2022,Camden,NJ,Passenger,0,1,1,13,14,7.14
February 29 2024,Goochland,VA,Passenger,1,0,1,42,43,2.33
April 30 2022,Montgomery,PA,Passenger,2,0,2,23,25,8
August 31 2019,DeKalb,IN,Passenger,1,0,1,1,2,50
August 31 2022,Skagit,WA,Passenger,855,348,1203,89667,90870,1.32
December 31 2022,Marin,CA,Passenger,1,1,2,35,37,5.41
September 30 2018,Pinal,AZ,Passenger,2,0,2,208,210,0.95
May 31 2018,Broward,FL,Passenger,1,1,2,132,134,1.49
June 30 2023,Tarrant,TX,Passenger,2,0,2,86,88,2.27
April 30 2024,Hennepin,MN,Passenger,1,0,1,26,27,3.7
March 31 2024,San Diego,CA,Passenger,19,9,28,1863,1891,1.48
December 31 2021,Mason,WA,Truck,0,0,0,21185,21185,0
March 31 2021,Santa Clara,CA,Passenger,8,2,10,289,299,3.34
February 28 2018,Brevard,FL,Passenger,0,1,1,104,105,0.95
May 31 2019,DuPage,IL,Passenger,1,0,1,66,67,1.49
August 31 2017,Pend Oreille,WA,Truck,0,0,0,5552,5552,0
September 30 2020,Sumter,FL,Passenger,0,1,1,12,13,7.69
October 31 2022,Isle of Wight,VA,Passenger,0,1,1,18,19,5.26
January 31 2022,Clark,WA,Passenger,3541,1569,5110,319156,324266,1.58
November 30 2019,Ada,ID,Passenger,0,1,1,307,308,0.32
March 31 2022,Kern,CA,Passenger,0,1,1,197,198,0.51
June 30 2017,Morris,NJ,Passenger,1,0,1,24,25,4
May 31 2019,Ramsey,MN,Passenger,1,0,1,45,46,2.17
March 31 2022,Alexandria,VA,Passenger,4,0,4,115,119,3.36
December 31 2020,Larimer,CO,Passenger,1,0,1,48,49,2.04
November 30 2022,Charles,MD,Passenger,1,1,2,56,58,3.45
November 30 2018,Albemarle,VA,Passenger,1,0,1,27,28,3.57
July 31 2018,Travis,TX,Passenger,1,1,2,204,206,0.97
July 31 2019,Fulton,GA,Passenger,0,3,3,105,108,2.78
December 31 2020,Hillsborough,FL,Passenger,0,1,1,173,174,0.57
September 30 2023,Goochland,VA,Passenger,2,2,4,56,60,6.67
August 31 2022,Hamilton,IN,Passenger,1,0,1,25,26,3.85
September 30 2019,Yakima,WA,Passenger,112,113,225,165614,165839,0.14
April 30 2023,Grant,WA,Passenger,267,114,381,66827,67208,0.57
June 30 2017,San Juan,WA,Truck,0,0,0,5535,5535,0
September 30 2023,Plaquemines,LA,Passenger,1,1,2,16,18,11.11
May 31 2022,Columbia,WA,Passenger,7,0,7,2436,2443,0.29
June 30 2017,,,Passenger,3,0,3,454,457,0.66
July 31 2019,Placer,CA,Passenger,1,0,1,108,109,0.92
August 31 2020,Spartanburg,SC,Passenger,0,1,1,51,52,1.92
January 31 2019,Cook,IL,Passenger,1,0,1,251,252,0.4
June 30 2018,Carroll,NH,Passenger,0,1,1,1,2,50
February 28 2023,Chelan,WA,Passenger,563,151,714,54227,54941,1.3
April 30 2022,Franklin,WA,Truck,0,0,0,20921,20921,0
July 31 2022,Klickitat,WA,Truck,0,0,0,8273,8273,0
October 31 2020,Skamania,WA,Passenger,32,20,52,8318,8370,0.62
February 28 2022,Honolulu,HI,Passenger,4,4,8,401,409,1.96
July 31 2023,Solano,CA,Passenger,5,0,5,141,146,3.42
March 31 2020,Calvert,MD,Passenger,0,2,2,92,94,2.13
December 31 2019,Clark,WA,Passenger,1843,1044,2887,317627,320514,0.9
November 30 2020,Fresno,CA,Passenger,1,0,1,195,196,0.51
March 31 2020,Sacramento,CA,Passenger,1,1,2,289,291,0.69
February 28 2019,New Haven,CT,Passenger,0,1,1,48,49,2.04
August 31 2020,Boone,MO,Passenger,0,1,1,10,11,9.09
September 30 2020,Pierce,WA,Passenger,2574,1709,4283,553444,557727,0.77
February 29 2020,Ferry,WA,Passenger,5,2,7,4376,4383,0.16
December 31 2021,DuPage,IL,Passenger,3,1,4,52,56,7.14
May 31 2021,Wichita,TX,Passenger,1,0,1,42,43,2.33
August 31 2023,Adams,CO,Passenger,1,0,1,24,25,4
December 31 2019,Jefferson,WA,Passenger,217,134,351,25178,25529,1.37
August 31 2017,Jefferson,WA,Truck,0,0,0,9422,9422,0
July 31 2022,Maui,HI,Passenger,1,0,1,25,26,3.85
October 31 2017,Benton,WA,Passenger,164,155,319,129388,129707,0.25
March 31 2021,Walla Walla,WA,Passenger,107,72,179,36262,36441,0.49
June 30 2019,Skamania,WA,Passenger,23,18,41,8717,8758,0.47
April 30 2024,Riverside,CA,Passenger,4,0,4,334,338,1.18
October 31 2021,Sacramento,CA,Passenger,2,1,3,251,254,1.18
December 31 2021,Montgomery,MD,Passenger,3,2,5,221,226,2.21
February 28 2019,Dakota,MN,Passenger,0,2,2,34,36,5.56
July 31 2024,Montgomery,OH,Passenger,0,1,1,35,36,2.78
November 30 2020,Rockingham,NH,Passenger,1,0,1,22,23,4.35
May 31 2023,Tooele,UT,Passenger,1,0,1,10,11,9.09
December 31 2022,Marion,IA,Passenger,1,0,1,0,1,100
November 30 2020,Placer,CA,Passenger,2,0,2,92,94,2.13
May 31 2022,Ada,ID,Passenger,1,0,1,188,189,0.53
November 30 2020,Anchorage,AK,Passenger,1,0,1,154,155,0.65
December 31 2023,Saratoga,NY,Passenger,1,1,2,30,32,6.25
March 31 2024,Ada,ID,Passenger,2,0,2,93,95,2.11
July 31 2019,Kalamazoo,MI,Passenger,1,0,1,14,15,6.67
February 29 2024,Yuba,CA,Passenger,1,0,1,48,49,2.04
August 31 2023,Brown,WI,Passenger,1,0,1,5,6,16.67
July 31 2018,Eagle,CO,Passenger,1,0,1,5,6,16.67
August 31 2021,King,WA,Passenger,32275,9549,41824,1364675,1406499,2.97
March 31 2022,Kings,CA,Passenger,2,1,3,325,328,0.91
May 31 2023,Thurston,WA,Truck,57,0,57,53951,54008,0.11
January 31 2018,Kittitas,WA,Truck,0,0,0,13878,13878,0
November 30 2019,Fairfax,VA,Passenger,5,1,6,765,771,0.78
January 31 2019,Chelan,WA,Truck,0,0,0,22100,22100,0
June 30 2022,Tom Green,TX,Passenger,0,1,1,23,24,4.17
July 31 2021,Broward,FL,Passenger,2,0,2,116,118,1.69
July 31 2020,Yakima,WA,Passenger,139,119,258,165718,165976,0.16
November 30 2021,Alameda,CA,Passenger,5,0,5,230,235,2.13
February 28 2019,Guadalupe,TX,Passenger,1,0,1,82,83,1.2
November 30 2022,Cumberland,NC,Passenger,2,4,6,362,368,1.63
May 31 2024,Charlottesville,VA,Passenger,0,1,1,2,3,33.33
November 30 2019,Cowlitz,WA,Truck,0,0,0,29023,29023,0
May 31 2022,Adams,WA,Truck,0,0,0,5474,5474,0
March 31 2024,El Paso,TX,Passenger,4,1,5,251,256,1.95
July 31 2021,Williamson,TX,Passenger,0,2,2,121,123,1.63
September 30 2022,Nueces,TX,Passenger,1,1,2,55,57,3.51
April 30 2021,Bartow,GA,Passenger,0,1,1,5,6,16.67
October 31 2023,Churchill,NV,Passenger,0,1,1,33,34,2.94
May 31 2019,Clark,WA,Passenger,1475,914,2389,313165,315554,0.76
June 30 2023,Prince William,VA,Passenger,1,4,5,169,174,2.87
January 31 2018,Dallas,TX,Passenger,0,1,1,196,197,0.51
June 30 2020,Hawaii,HI,Passenger,1,0,1,61,62,1.61
January 31 2022,Fresno,CA,Passenger,1,0,1,182,183,0.55
February 28 2022,Adams,WA,Passenger,17,14,31,12996,13027,0.24
August 31 2020,Manassas,VA,Passenger,0,1,1,5,6,16.67
December 31 2023,Douglas,WA,Passenger,247,81,328,28841,29169,1.12
November 30 2017,Tarrant,TX,Passenger,1,0,1,231,232,0.43
July 31 2018,Caddo,LA,Passenger,0,1,1,24,25,4
March 31 2017,Mercer,NJ,Passenger,0,1,1,19,20,5
August 31 2023,Sarasota,FL,Passenger,1,0,1,27,28,3.57
January 31 2019,Ramsey,MN,Passenger,1,0,1,41,42,2.38
August 31 2022,Kootenai,ID,Truck,1,0,1,36,37,2.7
October 31 2017,Snohomish,WA,Passenger,1946,998,2944,515150,518094,0.57
April 30 2020,Riverside,CA,Passenger,3,1,4,650,654,0.61
May 31 2019,Spartanburg,SC,Passenger,0,1,1,40,41,2.44
June 30 2024,Saratoga,NY,Passenger,1,1,2,23,25,8
April 30 2023,Atlantic,NJ,Passenger,1,0,1,12,13,7.69
September 30 2021,Randolph,NC,Passenger,1,0,1,6,7,14.29
September 30 2020,Maricopa,AZ,Passenger,6,10,16,1487,1503,1.06
December 31 2021,Clallam,WA,Truck,1,0,1,22104,22105,0
January 31 2018,Pinal,AZ,Passenger,2,0,2,213,215,0.93
August 31 2018,Moore,NC,Passenger,0,1,1,193,194,0.52
November 30 2023,Carroll,MD,Passenger,0,1,1,16,17,5.88
August 31 2022,Isle of Wight,VA,Passenger,0,1,1,18,19,5.26
December 31 2023,Prince William,VA,Passenger,1,4,5,148,153,3.27
January 31 2017,Madison,ID,Passenger,1,0,1,48,49,2.04
February 28 2023,Flathead,MT,Passenger,1,0,1,32,33,3.03
January 31 2019,Tulsa,OK,Passenger,1,1,2,57,59,3.39
February 28 2017,Snohomish,WA,Truck,1,0,1,122500,122501,0
August 31 2020,Whitman,WA,Truck,0,0,0,8480,8480,0
September 30 2021,Benton,WA,Truck,0,0,0,43664,43664,0
February 29 2020,Newport,RI,Passenger,0,1,1,85,86,1.16
June 30 2021,Rogers,OK,Passenger,1,0,1,7,8,12.5
November 30 2018,Kittitas,WA,Truck,0,0,0,14166,14166,0
April 30 2022,Harnett,NC,Passenger,2,0,2,158,160,1.25
November 30 2023,Jefferson,WA,Truck,15,0,15,9268,9283,0.16
January 31 2017,Douglas,WA,Passenger,29,19,48,26575,26623,0.18
February 29 2024,Palm Beach,FL,Passenger,1,0,1,40,41,2.44
September 30 2020,Penobscot,ME,Passenger,0,1,1,12,13,7.69
January 31 2020,Fulton,GA,Passenger,1,3,4,108,112,3.57
March 31 2024,Escambia,FL,Passenger,0,1,1,116,117,0.85
March 31 2024,Virginia Beach,VA,Truck,1,0,1,96,97,1.03
January 31 2018,Bexar,TX,Passenger,1,2,3,819,822,0.36
August 31 2017,Hardin,KY,Passenger,0,1,1,116,117,0.85
July 31 2021,Boulder,CO,Passenger,1,1,2,48,50,4
November 30 2023,Snohomish,WA,Passenger,15567,3501,19068,527028,546096,3.49
October 31 2017,Island,WA,Passenger,138,154,292,61044,61336,0.48
January 31 2022,San Diego,CA,Passenger,18,5,23,2529,2552,0.9
September 30 2022,Maricopa,AZ,Passenger,15,3,18,984,1002,1.8
January 31 2018,Dakota,MN,Passenger,0,2,2,39,41,4.88
August 31 2023,St. Louis,MN,Passenger,0,1,1,6,7,14.29
October 31 2022,Camden,NJ,Passenger,0,1,1,13,14,7.14
March 31 2019,Sumter,FL,Passenger,0,1,1,11,12,8.33
January 31 2024,Franklin,WA,Passenger,393,169,562,62362,62924,0.89
June 30 2023,Grays Harbor,WA,Passenger,297,187,484,48339,48823,0.99
May 31 2020,Whatcom,WA,Passenger,1061,496,1557,149212,150769,1.03
May 31 2018,Tarrant,TX,Passenger,1,0,1,218,219,0.46
September 30 2019,Pacific,WA,Truck,0,0,0,7670,7670,0
November 30 2018,Williamson,TX,Passenger,0,1,1,159,160,0.62
March 31 2021,Leavenworth,KS,Passenger,0,1,1,111,112,0.89
August 31 2018,DuPage,IL,Passenger,1,0,1,60,61,1.64
April 30 2018,Flathead,MT,Passenger,1,0,1,57,58,1.72
January 31 2024,Oldham,KY,Passenger,0,1,1,2,3,33.33
October 31 2017,Asotin,WA,Truck,0,0,0,6520,6520,0
June 30 2024,Alameda,CA,Passenger,4,1,5,125,130,3.85
August 31 2022,Charleston,SC,Passenger,2,2,4,67,71,5.63
September 30 2018,Lumpkin,GA,Passenger,1,0,1,7,8,12.5
February 29 2024,Douglas,NE,Passenger,0,1,1,27,28,3.57
March 31 2021,Palm Beach,FL,Passenger,1,1,2,77,79,2.53
February 28 2019,Lewis,WA,Passenger,96,86,182,58299,58481,0.31
June 30 2018,Jefferson,WA,Passenger,144,97,241,24448,24689,0.98
March 31 2023,Bell,TX,Passenger,1,0,1,290,291,0.34
January 31 2023,El Paso,CO,Passenger,3,3,6,575,581,1.03
October 31 2019,Broward,FL,Passenger,2,1,3,128,131,2.29
March 31 2020,Ventura,CA,Passenger,0,2,2,310,312,0.64
June 30 2022,St. Mary's,MD,Passenger,2,0,2,201,203,0.99
September 30 2019,Mason,WA,Truck,0,0,0,20432,20432,0
September 30 2019,Whatcom,WA,Truck,2,0,2,43021,43023,0
January 31 2023,Cook,IL,Passenger,2,0,2,189,191,1.05
March 31 2018,Benton,WA,Passenger,176,187,363,130768,131131,0.28
July 31 2022,Geary,KS,Passenger,1,0,1,86,87,1.15
December 31 2020,Goochland,VA,Passenger,4,3,7,268,275,2.55
March 31 2024,Kern,CA,Passenger,1,1,2,148,150,1.33
July 31 2024,Whitman,WA,Truck,11,0,11,8427,8438,0.13
May 31 2017,Cowlitz,WA,Truck,0,0,0,27868,27868,0
January 31 2022,Clallam,WA,Truck,1,0,1,22121,22122,0
August 31 2017,Kittitas,WA,Truck,0,0,0,13613,13613,0
June 30 2019,Grays Harbor,WA,Passenger,73,85,158,47909,48067,0.33
March 31 2022,Orange,NC,Passenger,0,1,1,12,13,7.69
April 30 2019,Lee,AL,Passenger,1,0,1,37,38,2.63
June 30 2022,Lexington,SC,Passenger,1,0,1,23,24,4.17
February 28 2019,Spokane,WA,Passenger,480,385,865,307139,308004,0.28
March 31 2022,Whitman,WA,Truck,0,0,0,8583,8583,0
September 30 2021,Pierce,WA,Passenger,3875,2063,5938,558262,564200,1.05
November 30 2021,Prince William,VA,Passenger,1,3,4,212,216,1.85
July 31 2021,Sevier,AR,Passenger,0,1,1,0,1,100
May 31 2020,Adams,WA,Passenger,8,7,15,12710,12725,0.12
December 31 2021,Sacramento,CA,Passenger,1,1,2,244,246,0.81
November 30 2020,Tulsa,OK,Passenger,1,1,2,50,52,3.85
July 31 2017,Grays Harbor,WA,Passenger,36,35,71,44843,44914,0.16
August 31 2020,San Mateo,CA,Passenger,0,1,1,118,119,0.84
March 31 2019,Rogers,OK,Passenger,1,0,1,5,6,16.67
April 30 2019,Bergen,NJ,Passenger,1,0,1,26,27,3.7
November 30 2020,Jefferson,WA,Truck,0,0,0,9577,9577,0
June 30 2020,Montgomery,PA,Passenger,1,0,1,31,32,3.12
June 30 2024,Thurston,WA,Passenger,4413,1563,5976,187024,193000,3.1
September 30 2023,Hardin,KY,Passenger,1,0,1,57,58,1.72
January 31 2023,Clark,WA,Truck,62,0,62,81734,81796,0.08
December 31 2019,Pacific,WA,Truck,0,0,0,7716,7716,0
August 31 2021,Anchorage,AK,Passenger,1,0,1,150,151,0.66
April 30 2021,Stafford,VA,Passenger,2,1,3,105,108,2.78
November 30 2023,Rock Island,IL,Passenger,0,1,1,12,13,7.69
August 31 2020,Spokane,WA,Passenger,780,503,1283,317287,318570,0.4
January 31 2021,Alameda,CA,Passenger,4,0,4,276,280,1.43
February 28 2019,Fulton,GA,Passenger,1,3,4,111,115,3.48
September 30 2019,Prince William,VA,Passenger,1,4,5,242,247,2.02
October 31 2018,Benton,WA,Truck,0,0,0,41422,41422,0
September 30 2020,Santa Cruz,CA,Passenger,1,0,1,33,34,2.94
June 30 2021,Powhatan,VA,Passenger,1,0,1,1,2,50
September 30 2017,Adams,WA,Passenger,3,3,6,12260,12266,0.05
June 30 2023,Orange,FL,Passenger,2,0,2,66,68,2.94
June 30 2019,Ramsey,MN,Passenger,1,0,1,47,48,2.08
December 31 2021,Hanover,VA,Passenger,1,0,1,1,2,50
September 30 2022,Galveston,TX,Passenger,0,1,1,17,18,5.56
July 31 2024,Pitt,NC,Passenger,0,1,1,5,6,16.67
May 31 2021,Hampshire,MA,Passenger,1,0,1,9,10,10
April 30 2021,Douglas,WA,Truck,0,0,0,12619,12619,0
January 31 2017,Oklahoma,OK,Passenger,0,1,1,217,218,0.46
June 30 2023,Island,WA,Passenger,1074,437,1511,60902,62413,2.42
February 29 2024,Tarrant,TX,Passenger,2,0,2,79,81,2.47
January 31 2017,Pend Oreille,WA,Truck,0,0,0,5594,5594,0
June 30 2023,Montgomery,AL,Passenger,1,0,1,35,36,2.78
June 30 2021,Charleston,SC,Passenger,1,1,2,89,91,2.2
November 30 2019,Wilson,TX,Passenger,0,1,1,9,10,10
September 30 2017,Nantucket,MA,Passenger,1,0,1,3,4,25
August 31 2022,Prince William,VA,Passenger,1,3,4,194,198,2.02
October 31 2021,Pennington,SD,Passenger,1,0,1,31,32,3.12
March 31 2022,Coryell,TX,Passenger,1,0,1,105,106,0.94
October 31 2021,Bartow,GA,Passenger,0,1,1,4,5,20
July 31 2017,Bexar,TX,Passenger,1,1,2,894,896,0.22
November 30 2017,Lincoln,WA,Passenger,2,5,7,7548,7555,0.09
March 31 2020,Honolulu,HI,Passenger,4,2,6,492,498,1.2
May 31 2020,Duval,FL,Passenger,0,2,2,362,364,0.55
July 31 2024,New London,CT,Passenger,3,4,7,142,149,4.7
March 31 2022,Montgomery,AL,Passenger,1,1,2,38,40,5
February 28 2023,Loudoun,VA,Passenger,3,1,4,62,66,6.06
March 31 2023,St. Louis,MO,Passenger,1,0,1,60,61,1.64
February 28 2022,Marion,IA,Passenger,1,0,1,0,1,100
March 31 2022,Island,WA,Passenger,756,358,1114,62126,63240,1.76
May 31 2020,Maricopa,AZ,Passenger,5,9,14,1549,1563,0.9
September 30 2017,Franklin,OH,Passenger,0,1,1,113,114,0.88
June 30 2021,Kitsap,WA,Passenger,1852,857,2709,180305,183014,1.48
January 31 2023,Lewis,WA,Truck,2,0,2,26250,26252,0.01
November 30 2019,Guadalupe,TX,Passenger,1,0,1,72,73,1.37
July 31 2017,Riverside,CA,Passenger,1,1,2,799,801,0.25
December 31 2020,Clackamas,OR,Passenger,3,0,3,187,190,1.58
October 31 2021,Island,WA,Passenger,679,332,1011,62884,63895,1.58
August 31 2019,Deschutes,OR,Passenger,3,0,3,168,171,1.75
June 30 2020,Benton,WA,Truck,0,0,0,42691,42691,0
October 31 2020,New London,CT,Passenger,1,2,3,237,240,1.25
April 30 2023,Hawaii,HI,Passenger,1,0,1,33,34,2.94
January 31 2017,Franklin,MA,Passenger,0,1,1,5,6,16.67
February 29 2024,Benton,WA,Passenger,1468,677,2145,135722,137867,1.56
November 30 2022,Suffolk,VA,Passenger,1,0,1,119,120,0.83
June 30 2017,Santa Fe,NM,Passenger,0,1,1,46,47,2.13
April 30 2022,Nueces,TX,Passenger,1,1,2,64,66,3.03
April 30 2021,Collier,FL,Passenger,1,0,1,21,22,4.55
September 30 2023,Hamilton,OH,Passenger,1,0,1,29,30,3.33
April 30 2023,Island,WA,Truck,28,0,28,20993,21021,0.13
December 31 2022,Chesapeake,VA,Passenger,3,1,4,337,341,1.17
August 31 2017,Nassau,NY,Passenger,1,1,2,41,43,4.65
August 31 2022,Thurston,WA,Passenger,2322,1083,3405,192520,195925,1.74
March 31 2022,Ferry,WA,Passenger,17,3,20,4429,4449,0.45
January 31 2022,Pend Oreille,WA,Passenger,17,9,26,9106,9132,0.28
April 30 2020,Skamania,WA,Truck,0,0,0,4053,4053,0
October 31 2021,San Juan,WA,Truck,0,0,0,5974,5974,0
June 30 2017,Ventura,CA,Passenger,0,1,1,370,371,0.27
January 31 2018,Contra Costa,CA,Passenger,0,1,1,462,463,0.22
June 30 2022,Wichita,TX,Passenger,1,0,1,42,43,2.33
February 28 2022,Hudson,NJ,Passenger,2,0,2,39,41,4.88
February 28 2019,Rogers,OK,Passenger,1,0,1,5,6,16.67
June 30 2017,Pierce,WA,Passenger,956,842,1798,524836,526634,0.34
May 31 2023,Kitsap,WA,Passenger,3134,1252,4386,175639,180025,2.44
January 31 2017,Riverside,CA,Passenger,1,1,2,897,899,0.22
October 31 2023,Snohomish,WA,Truck,216,0,216,120757,120973,0.18
February 28 2022,Clark,WA,Truck,2,0,2,83689,83691,0
May 31 2018,Walla Walla,WA,Truck,0,0,0,13389,13389,0
July 31 2023,Moore,NC,Passenger,0,1,1,105,106,0.94
April 30 2021,Juneau,AK,Passenger,0,1,1,29,30,3.33
April 30 2019,Nassau,NY,Passenger,3,0,3,44,47,6.38
July 31 2023,Stafford,VA,Passenger,3,1,4,79,83,4.82
February 28 2021,New York,NY,Passenger,2,0,2,57,59,3.39
June 30 2020,Lee,FL,Passenger,1,0,1,49,50,2
May 31 2024,Columbia,WA,Truck,0,0,0,1542,1542,0
April 30 2020,Grays Harbor,WA,Truck,0,0,0,20721,20721,0
December 31 2019,Klickitat,WA,Truck,0,0,0,8314,8314,0
January 31 2021,New York,NY,Passenger,2,0,2,58,60,3.33
January 31 2017,Pacific,WA,Truck,0,0,0,7505,7505,0
August 31 2021,Yamhill,OR,Passenger,1,0,1,40,41,2.44
July 31 2023,Washington,OR,Passenger,1,0,1,250,251,0.4
January 31 2020,Deschutes,OR,Passenger,4,0,4,160,164,2.44
December 31 2023,Douglas,NE,Passenger,0,1,1,26,27,3.7
February 29 2024,Columbia,WA,Truck,0,0,0,1554,1554,0
April 30 2021,Allen,IN,Passenger,1,0,1,19,20,5
August 31 2021,Mason,WA,Passenger,226,145,371,48042,48413,0.77
August 31 2019,District of Columbia,DC,Passenger,1,1,2,199,201,1
August 31 2023,Platte,MO,Passenger,2,0,2,21,23,8.7
April 30 2020,Boone,MO,Passenger,0,1,1,12,13,7.69
May 31 2017,Madison,ID,Passenger,1,0,1,40,41,2.44
May 31 2020,Kittitas,WA,Truck,0,0,0,14554,14554,0
April 30 2017,Cowlitz,WA,Truck,0,0,0,27851,27851,0
May 31 2024,Providence,RI,Passenger,1,0,1,20,21,4.76
June 30 2020,Polk,FL,Passenger,1,0,1,76,77,1.3
June 30 2022,Juneau,AK,Passenger,0,1,1,33,34,2.94
September 30 2019,Owyhee,ID,Passenger,1,0,1,5,6,16.67
August 31 2020,Kent,MI,Passenger,0,1,1,28,29,3.45
February 29 2024,Adams,WA,Truck,3,0,3,5360,5363,0.06
December 31 2022,Asotin,WA,Truck,0,0,0,6658,6658,0
May 31 2023,Asotin,WA,Truck,0,0,0,6617,6617,0
May 31 2020,San Francisco,CA,Passenger,1,1,2,101,103,1.94
July 31 2023,Hillsborough,FL,Passenger,1,2,3,116,119,2.52
May 31 2023,Wahkiakum,WA,Truck,2,0,2,1775,1777,0.11
September 30 2023,Kings,NY,Passenger,2,0,2,41,43,4.65
June 30 2021,Washington,MD,Passenger,1,0,1,11,12,8.33
February 28 2018,Ferry,WA,Passenger,1,3,4,4396,4400,0.09
July 31 2018,Saratoga,NY,Passenger,1,1,2,61,63,3.17
June 30 2020,Santa Clara,CA,Passenger,8,2,10,315,325,3.08
November 30 2019,Yakima,WA,Truck,0,0,0,59576,59576,0
June 30 2021,Hillsborough,FL,Passenger,0,2,2,155,157,1.27
January 31 2020,San Mateo,CA,Passenger,1,1,2,128,130,1.54
April 30 2021,San Bernardino,CA,Passenger,1,0,1,406,407,0.25
July 31 2022,Fairfax,VA,Passenger,7,2,9,645,654,1.38
November 30 2017,Canyon,ID,Passenger,0,1,1,97,98,1.02
March 31 2024,Klickitat,WA,Truck,17,0,17,8168,8185,0.21
March 31 2024,Allen,IN,Passenger,1,1,2,11,13,15.38
September 30 2023,Palm Beach,FL,Passenger,1,1,2,49,51,3.92
August 31 2023,Monterey,CA,Passenger,0,3,3,132,135,2.22
May 31 2022,Pinal,AZ,Passenger,0,1,1,136,137,0.73
July 31 2021,Suffolk,MA,Passenger,0,2,2,34,36,5.56
August 31 2021,Milwaukee,WI,Passenger,1,0,1,45,46,2.17
August 31 2018,Howard,MD,Passenger,0,1,1,92,93,1.08
June 30 2021,Yakima,WA,Truck,0,0,0,61703,61703,0
November 30 2017,Cowlitz,WA,Truck,0,0,0,28143,28143,0
January 31 2023,Douglas,WA,Truck,5,0,5,12863,12868,0.04
June 30 2020,Pinal,AZ,Passenger,1,0,1,191,192,0.52
June 30 2024,Platte,MO,Passenger,2,0,2,16,18,11.11
April 30 2023,Fredericksburg,VA,Passenger,1,0,1,6,7,14.29
February 28 2017,Kittitas,WA,Passenger,15,15,30,27057,27087,0.11
October 31 2017,Northampton,PA,Passenger,0,1,1,68,69,1.45
June 30 2024,Los Angeles,CA,Passenger,10,3,13,500,513,2.53
January 31 2022,Kauai,HI,Passenger,1,0,1,20,21,4.76
April 30 2024,Escambia,FL,Passenger,0,1,1,114,115,0.87
May 31 2021,Gwinnett,GA,Passenger,1,0,1,66,67,1.49
May 31 2018,Polk,FL,Passenger,1,0,1,69,70,1.43
April 30 2022,Wake,NC,Passenger,1,0,1,111,112,0.89
January 31 2022,Platte,MO,Passenger,1,0,1,21,22,4.55
May 31 2019,Yakima,WA,Truck,0,0,0,59071,59071,0
May 31 2024,Pulaski,MO,Passenger,2,0,2,85,87,2.3
May 31 2018,Saratoga,NY,Passenger,1,1,2,62,64,3.12
June 30 2019,Nueces,TX,Passenger,1,1,2,97,99,2.02
March 31 2022,Hawaii,HI,Passenger,1,0,1,45,46,2.17
February 28 2022,Kitsap,WA,Truck,0,0,0,53997,53997,0
January 31 2018,Cowlitz,WA,Truck,0,0,0,28199,28199,0
June 30 2021,Maui,HI,Passenger,2,0,2,30,32,6.25
January 31 2017,Norfolk,VA,Passenger,1,1,2,306,308,0.65
October 31 2020,Gwinnett,GA,Passenger,1,0,1,71,72,1.39
February 28 2022,Rogers,OK,Passenger,1,0,1,6,7,14.29
August 31 2023,Kittitas,WA,Passenger,387,108,495,29336,29831,1.66
October 31 2020,Loudoun,VA,Passenger,1,0,1,82,83,1.2
February 29 2024,Muscogee,GA,Passenger,2,2,4,83,87,4.6
January 31 2018,Adams,WA,Passenger,4,4,8,12438,12446,0.06
March 31 2018,Asotin,WA,Truck,0,0,0,6590,6590,0
October 31 2017,Collier,FL,Passenger,1,0,1,24,25,4
September 30 2019,Pinal,AZ,Passenger,2,0,2,199,201,1
January 31 2024,Platte,MO,Passenger,2,0,2,19,21,9.52
November 30 2019,Powhatan,VA,Passenger,1,0,1,1,2,50
May 31 2018,Thurston,WA,Passenger,547,467,1014,192284,193298,0.52
December 31 2022,Ventura,CA,Passenger,3,3,6,242,248,2.42
April 30 2018,Marion,IN,Passenger,1,0,1,119,120,0.83
January 31 2019,Mercer,NJ,Passenger,0,1,1,17,18,5.56
May 31 2024,Mohave,AZ,Passenger,1,0,1,26,27,3.7
July 31 2017,Clallam,WA,Passenger,93,77,170,48420,48590,0.35
April 30 2020,Skagit,WA,Truck,1,0,1,32379,32380,0
September 30 2020,St. Mary's,MD,Passenger,1,0,1,211,212,0.47
November 30 2022,Harnett,NC,Passenger,2,0,2,154,156,1.28
January 31 2020,Charleston,SC,Passenger,1,0,1,113,114,0.88
July 31 2018,Frederick,MD,Passenger,0,1,1,83,84,1.19
December 31 2022,Brown,WI,Passenger,1,0,1,8,9,11.11
September 30 2022,Grays Harbor,WA,Truck,2,0,2,21154,21156,0.01
May 31 2020,El Paso,TX,Passenger,3,0,3,425,428,0.7
May 31 2017,Arlington,VA,Passenger,1,1,2,173,175,1.14
April 30 2023,San Mateo,CA,Passenger,2,0,2,76,78,2.56
May 31 2020,Wilson,TX,Passenger,0,1,1,7,8,12.5
June 30 2022,Rock Island,IL,Passenger,0,1,1,13,14,7.14
April 30 2022,Autauga,AL,Passenger,1,0,1,13,14,7.14
November 30 2018,Charleston,SC,Passenger,1,0,1,125,126,0.79
February 28 2017,Palm Beach,FL,Passenger,0,1,1,101,102,0.98
September 30 2021,Sarasota,FL,Passenger,2,0,2,39,41,4.88
October 31 2017,Okaloosa,FL,Passenger,1,0,1,187,188,0.53
January 31 2024,Arapahoe,CO,Passenger,2,1,3,66,69,4.35
September 30 2023,San Diego,CA,Truck,1,0,1,428,429,0.23
April 30 2024,Allen,IN,Passenger,1,1,2,10,12,16.67
May 31 2019,Asotin,WA,Truck,0,0,0,6651,6651,0
August 31 2019,Clackamas,OR,Passenger,1,1,2,223,225,0.89
October 31 2019,Larimer,CO,Passenger,1,0,1,56,57,1.75
May 31 2020,Garfield,WA,Truck,0,0,0,965,965,0
May 31 2024,District of Columbia,DC,Passenger,2,0,2,123,125,1.6
August 31 2020,Harnett,NC,Passenger,1,0,1,203,204,0.49
March 31 2023,Platte,MO,Passenger,1,0,1,21,22,4.55
March 31 2017,San Juan,WA,Passenger,88,34,122,13419,13541,0.9
March 31 2019,Ferry,WA,Passenger,3,2,5,4366,4371,0.11
August 31 2019,Harris,TX,Passenger,1,1,2,287,289,0.69
May 31 2018,Gwinnett,GA,Passenger,0,1,1,85,86,1.16
September 30 2020,Harrison,MS,Passenger,1,0,1,52,53,1.89
June 30 2017,Essex,NJ,Passenger,1,0,1,16,17,5.88
April 30 2024,Snohomish,WA,Passenger,18004,3901,21905,523818,545723,4.01
April 30 2023,Adams,WA,Passenger,24,12,36,13026,13062,0.28
April 30 2022,Grays Harbor,WA,Truck,0,0,0,21334,21334,0
March 31 2020,Okanogan,WA,Truck,0,0,0,16455,16455,0
January 31 2023,Pacific,WA,Truck,2,0,2,7810,7812,0.03
July 31 2017,Skamania,WA,Truck,0,0,0,3871,3871,0
March 31 2019,Jefferson,NY,Passenger,0,1,1,226,227,0.44
December 31 2020,Travis,TX,Passenger,3,1,4,191,195,2.05
December 31 2021,Philadelphia,PA,Passenger,1,0,1,46,47,2.13
August 31 2020,Fairbanks North Star,AK,Passenger,0,1,1,99,100,1
March 31 2020,Snohomish,WA,Passenger,4369,1756,6125,537194,543319,1.13
April 30 2018,Adams,WA,Passenger,5,4,9,12519,12528,0.07
February 28 2018,Kent,MI,Passenger,0,1,1,35,36,2.78
February 28 2021,Island,WA,Truck,0,0,0,21395,21395,0
November 30 2022,Calvert,MD,Passenger,0,2,2,85,87,2.3
August 31 2019,Pierce,WA,Passenger,1929,1583,3512,544492,548004,0.64
March 31 2024,Suffolk,VA,Passenger,1,0,1,90,91,1.1
January 31 2021,Multnomah,OR,Passenger,4,5,9,694,703,1.28
March 31 2020,Harrison,MS,Passenger,1,0,1,60,61,1.64
March 31 2023,Hardin,KY,Passenger,1,0,1,58,59,1.69
January 31 2018,St. Lucie,FL,Passenger,1,0,1,26,27,3.7
February 28 2023,Shasta,CA,Passenger,1,0,1,26,27,3.7
April 30 2019,Washoe,NV,Passenger,2,0,2,114,116,1.72
April 30 2022,Mohave,AZ,Passenger,1,0,1,50,51,1.96
January 31 2021,King,WA,Passenger,27786,8322,36108,1366214,1402322,2.57
June 30 2018,Whatcom,WA,Truck,2,0,2,42285,42287,0
July 31 2022,Fulton,GA,Passenger,1,1,2,78,80,2.5
November 30 2020,Duval,FL,Passenger,0,2,2,368,370,0.54
January 31 2022,Sarasota,FL,Passenger,2,0,2,39,41,4.88
September 30 2022,Marin,CA,Passenger,1,1,2,33,35,5.71
September 30 2017,Lewis,WA,Truck,0,0,0,25119,25119,0
February 28 2019,Kitsap,WA,Truck,1,0,1,53693,53694,0
January 31 2020,Lake,CA,Passenger,0,1,1,11,12,8.33
June 30 2022,Lake,FL,Passenger,1,0,1,21,22,4.55
December 31 2023,Benton,WA,Truck,36,0,36,43008,43044,0.08
August 31 2022,Columbia,WA,Passenger,8,0,8,2431,2439,0.33
July 31 2019,Clackamas,OR,Passenger,1,1,2,220,222,0.9
February 29 2020,Contra Costa,CA,Passenger,3,2,5,329,334,1.5
October 31 2019,Ventura,CA,Passenger,0,2,2,321,323,0.62
June 30 2023,Dallas,TX,Passenger,2,0,2,92,94,2.13
October 31 2023,Charles,MD,Passenger,1,1,2,51,53,3.77
March 31 2022,Boone,MO,Passenger,0,1,1,10,11,9.09
May 31 2022,Ray,MO,Passenger,0,1,1,1,2,50
July 31 2021,Adams,WA,Passenger,16,12,28,13025,13053,0.21
April 30 2019,Broward,FL,Passenger,2,1,3,131,134,2.24
February 29 2024,Riverside,CA,Passenger,5,0,5,354,359,1.39
June 30 2021,Dallas,TX,Passenger,1,0,1,177,178,0.56
April 30 2024,Ventura,CA,Passenger,3,3,6,191,197,3.05
August 31 2018,Palm Beach,FL,Passenger,0,2,2,87,89,2.25
March 31 2021,Adams,WA,Truck,0,0,0,5374,5374,0
November 30 2023,Lee,AL,Passenger,1,0,1,13,14,7.14
November 30 2022,Harrison,MS,Passenger,1,0,1,41,42,2.38
February 28 2023,Yavapai,AZ,Passenger,0,1,1,25,26,3.85
November 30 2020,Pacific,WA,Truck,0,0,0,7756,7756,0
May 31 2023,Stevens,WA,Truck,1,0,1,18723,18724,0.01
April 30 2020,Whitman,WA,Truck,0,0,0,8531,8531,0
June 30 2021,Lane,OR,Passenger,0,2,2,140,142,1.41
May 31 2020,Washington,OR,Passenger,1,0,1,468,469,0.21
March 31 2022,Meade,KY,Passenger,1,0,1,24,25,4
October 31 2023,Placer,CA,Passenger,1,0,1,65,66,1.52
March 31 2018,Grant,WA,Passenger,32,42,74,62602,62676,0.12
February 28 2017,Carroll,NH,Passenger,0,1,1,0,1,100
October 31 2018,King,WA,Truck,7,1,8,182788,182796,0
March 31 2023,Solano,CA,Passenger,4,0,4,151,155,2.58
January 31 2021,Bartow,GA,Passenger,0,1,1,5,6,16.67
June 30 2019,Hawaii,HI,Passenger,1,0,1,63,64,1.56
April 30 2022,Fulton,GA,Passenger,1,1,2,79,81,2.47
December 31 2018,King,WA,Truck,6,1,7,182602,182609,0
March 31 2024,Douglas,WA,Truck,11,0,11,12993,13004,0.08
January 31 2024,Sarpy,NE,Passenger,1,0,1,55,56,1.79
January 31 2017,Latah,ID,Passenger,0,1,1,145,146,0.68
May 31 2018,DuPage,IL,Passenger,1,0,1,68,69,1.45
December 31 2017,Carroll,NH,Passenger,0,1,1,1,2,50
May 31 2023,Kittitas,WA,Truck,8,0,8,14554,14562,0.05
September 30 2018,Spokane,WA,Truck,1,0,1,93161,93162,0
April 30 2023,Grays Harbor,WA,Passenger,288,182,470,48357,48827,0.96
December 31 2018,Lincoln,WA,Passenger,2,5,7,7778,7785,0.09
January 31 2017,Charles,MD,Passenger,0,1,1,90,91,1.1
November 30 2023,Kings,NY,Passenger,2,0,2,37,39,5.13
September 30 2017,Carroll,NH,Passenger,0,1,1,1,2,50
September 30 2023,Lewis,WA,Truck,8,0,8,25852,25860,0.03
July 31 2024,Douglas,WA,Truck,17,0,17,12638,12655,0.13
March 31 2017,Walla Walla,WA,Passenger,20,22,42,34818,34860,0.12
January 31 2018,DuPage,IL,Passenger,1,0,1,67,68,1.47
May 31 2021,Leavenworth,KS,Passenger,0,1,1,112,113,0.88
April 30 2019,Hawaii,HI,Passenger,1,0,1,67,68,1.47
February 29 2024,Hamilton,OH,Passenger,2,0,2,25,27,7.41
January 31 2019,St. Clair,IL,Passenger,0,1,1,168,169,0.59
February 28 2023,Thurston,WA,Passenger,2765,1149,3914,190990,194904,2.01
August 31 2017,Cowlitz,WA,Passenger,50,62,112,70005,70117,0.16
February 29 2024,Lincoln,WA,Passenger,25,26,51,7605,7656,0.67
March 31 2019,Williamson,TX,Passenger,0,1,1,156,157,0.64
September 30 2018,Whitman,WA,Truck,0,0,0,8520,8520,0
November 30 2021,Whitman,WA,Truck,0,0,0,8552,8552,0
July 31 2023,St. Mary's,MD,Passenger,2,0,2,179,181,1.1
February 28 2021,Broward,FL,Passenger,2,0,2,114,116,1.72
March 31 2022,Galveston,TX,Passenger,0,1,1,20,21,4.76
April 30 2022,Lake,FL,Passenger,1,0,1,23,24,4.17
November 30 2020,Morris,NJ,Passenger,1,0,1,16,17,5.88
January 31 2022,Mason,WA,Passenger,270,159,429,47725,48154,0.89
October 31 2020,Grays Harbor,WA,Passenger,118,117,235,48498,48733,0.48
November 30 2022,Mason,WA,Truck,7,0,7,20849,20856,0.03
November 30 2018,Los Angeles,CA,Passenger,5,5,10,1157,1167,0.86
November 30 2022,Okaloosa,FL,Passenger,0,1,1,103,104,0.96
August 31 2021,Charleston,SC,Passenger,1,1,2,88,90,2.22
January 31 2018,Pend Oreille,WA,Truck,0,0,0,5620,5620,0
February 28 2021,Contra Costa,CA,Passenger,3,3,6,274,280,2.14
March 31 2022,Escambia,FL,Passenger,0,1,1,149,150,0.67
July 31 2018,Hamilton,IN,Passenger,1,0,1,46,47,2.13
December 31 2020,New Haven,CT,Passenger,0,2,2,36,38,5.26
April 30 2020,Fulton,GA,Passenger,1,3,4,107,111,3.6
December 31 2023,Newport News,VA,Passenger,1,0,1,101,102,0.98
March 31 2022,Yakima,WA,Passenger,312,181,493,167586,168079,0.29
November 30 2022,Klickitat,WA,Truck,3,0,3,8240,8243,0.04
June 30 2024,Alexandria,VA,Passenger,3,0,3,78,81,3.7
September 30 2021,Boulder,CO,Passenger,1,1,2,49,51,3.92
February 28 2021,Klickitat,WA,Truck,0,0,0,8108,8108,0
July 31 2020,Skagit,WA,Truck,1,0,1,32579,32580,0
August 31 2019,Walla Walla,WA,Truck,0,0,0,13649,13649,0
December 31 2018,Duval,FL,Passenger,1,2,3,383,386,0.78
November 30 2023,St. Louis,MO,Passenger,1,0,1,51,52,1.92
November 30 2020,Grant,WA,Truck,0,0,0,27406,27406,0
November 30 2017,Douglas,WA,Truck,0,0,0,11701,11701,0
November 30 2020,Travis,TX,Passenger,3,0,3,191,194,1.55
September 30 2023,New Castle,DE,Passenger,1,0,1,17,18,5.56
July 31 2020,Sumter,FL,Passenger,0,1,1,10,11,9.09
April 30 2020,Powhatan,VA,Passenger,1,0,1,1,2,50
August 31 2020,Kitsap,WA,Truck,0,0,0,54145,54145,0
October 31 2017,Stevens,WA,Passenger,9,22,31,31528,31559,0.1
January 31 2023,Columbia,OR,Passenger,1,0,1,13,14,7.14
October 31 2022,Hanover,VA,Passenger,1,0,1,1,2,50
December 31 2017,King,WA,Passenger,11272,4681,15953,1370273,1386226,1.15
August 31 2020,Lewis,WA,Passenger,112,119,231,58191,58422,0.4
April 30 2021,Skamania,WA,Passenger,40,30,70,8351,8421,0.83
April 30 2024,Clark,NV,Passenger,6,3,9,360,369,2.44
July 31 2021,Yakima,WA,Truck,0,0,0,61699,61699,0
December 31 2018,Santa Fe,NM,Passenger,0,1,1,42,43,2.33
August 31 2023,DeKalb,GA,Passenger,2,0,2,39,41,4.88
January 31 2017,Thurston,WA,Truck,0,0,0,53317,53317,0
February 28 2019,Benton,WA,Truck,0,0,0,41543,41543,0
April 30 2021,Salt Lake,UT,Passenger,1,1,2,193,195,1.03
September 30 2020,Greene,MO,Passenger,0,1,1,35,36,2.78
March 31 2021,Grant,WA,Passenger,93,87,180,66411,66591,0.27
January 31 2023,Cowlitz,WA,Passenger,418,192,610,70105,70715,0.86
November 30 2017,Asotin,WA,Passenger,7,5,12,12507,12519,0.1
January 31 2021,Richland,SC,Passenger,0,1,1,145,146,0.68
July 31 2024,Rock Island,IL,Passenger,0,1,1,11,12,8.33
February 28 2023,Washtenaw,MI,Passenger,0,2,2,24,26,7.69
April 30 2017,Nantucket,MA,Passenger,1,0,1,3,4,25
August 31 2021,Ulster,NY,Passenger,1,0,1,13,14,7.14
December 31 2022,Yakima,WA,Truck,6,0,6,61150,61156,0.01
February 28 2023,Pacific,WA,Passenger,72,82,154,15645,15799,0.97
May 31 2020,Nassau,NY,Passenger,4,0,4,40,44,9.09
September 30 2020,Monterey,CA,Passenger,0,2,2,169,171,1.17
March 31 2020,Charles,MD,Passenger,0,1,1,79,80,1.25
November 30 2023,Yolo,CA,Passenger,2,0,2,23,25,8
July 31 2018,Jefferson,WA,Truck,0,0,0,9578,9578,0
February 28 2023,King,WA,Truck,496,2,498,177217,177715,0.28
February 28 2023,Whatcom,WA,Truck,44,0,44,42889,42933,0.1
May 31 2024,Wahkiakum,WA,Truck,5,0,5,1730,1735,0.29
June 30 2017,Sacramento,CA,Passenger,0,1,1,384,385,0.26
March 31 2017,New London,CT,Passenger,1,0,1,257,258,0.39
October 31 2023,Charlottesville,VA,Passenger,0,1,1,2,3,33.33
May 31 2020,Jefferson,WA,Passenger,234,141,375,24813,25188,1.49
April 30 2017,Okaloosa,FL,Passenger,1,0,1,195,196,0.51
July 31 2018,Moore,NC,Passenger,0,1,1,193,194,0.52
September 30 2019,Charleston,SC,Passenger,1,0,1,116,117,0.85
June 30 2024,Marion,OR,Passenger,1,0,1,42,43,2.33
November 30 2021,Mercer,NJ,Passenger,0,1,1,12,13,7.69
July 31 2023,Marion,IA,Passenger,1,0,1,0,1,100
March 31 2019,Kittitas,WA,Passenger,71,37,108,29437,29545,0.37
March 31 2022,Grays Harbor,WA,Passenger,205,157,362,49275,49637,0.73
December 31 2019,,,Passenger,7,2,9,415,424,2.12
June 30 2023,Pinal,AZ,Passenger,0,1,1,93,94,1.06
August 31 2020,Lee,FL,Passenger,1,0,1,47,48,2.08
October 31 2017,Kitsap,WA,Truck,1,0,1,52594,52595,0
May 31 2019,Lincoln,WA,Truck,0,0,0,4695,4695,0
October 31 2023,Hudson,NJ,Passenger,2,0,2,16,18,11.11
July 31 2021,Whatcom,WA,Passenger,1475,618,2093,150528,152621,1.37
April 30 2018,Palm Beach,FL,Passenger,0,2,2,88,90,2.22
August 31 2019,Clark,WA,Truck,0,0,0,80832,80832,0
October 31 2018,Deschutes,OR,Passenger,3,0,3,173,176,1.7
April 30 2024,Island,WA,Passenger,1425,526,1951,60742,62693,3.11
February 28 2017,Pend Oreille,WA,Passenger,1,4,5,9300,9305,0.05
May 31 2019,Clark,NV,Passenger,4,3,7,710,717,0.98
April 30 2017,Prince William,VA,Passenger,0,4,4,274,278,1.44
November 30 2019,Garfield,WA,Passenger,0,1,1,1302,1303,0.08
February 28 2019,Cascade,MT,Passenger,0,1,1,59,60,1.67
August 31 2019,Ramsey,MN,Passenger,1,0,1,45,46,2.17
October 31 2022,Clinton,PA,Passenger,1,0,1,1,2,50
April 30 2021,Powhatan,VA,Passenger,1,0,1,1,2,50
August 31 2022,Clark,WA,Passenger,4342,1851,6193,315055,321248,1.93
September 30 2022,Williamson,TX,Passenger,0,2,2,87,89,2.25
October 31 2023,Plaquemines,LA,Passenger,1,1,2,16,18,11.11
November 30 2021,Tarrant,TX,Passenger,3,0,3,150,153,1.96
April 30 2024,Kitsap,WA,Truck,136,0,136,51462,51598,0.26
August 31 2019,Mason,WA,Truck,0,0,0,20405,20405,0
September 30 2021,Lexington,SC,Passenger,1,0,1,28,29,3.45
December 31 2018,Chelan,WA,Passenger,140,61,201,54133,54334,0.37
May 31 2024,Douglas,WA,Passenger,284,91,375,28801,29176,1.29
January 31 2021,Skamania,WA,Passenger,34,23,57,8327,8384,0.68
February 28 2017,Lane,OR,Passenger,0,1,1,260,261,0.38
February 28 2022,Clark,NV,Passenger,8,3,11,605,616,1.79
March 31 2022,Maricopa,AZ,Passenger,12,4,16,1163,1179,1.36
March 31 2021,Tulsa,OK,Passenger,1,0,1,52,53,1.89
August 31 2023,Columbia,GA,Passenger,1,0,1,77,78,1.28
September 30 2019,Montgomery,TX,Passenger,1,0,1,62,63,1.59
May 31 2023,Wayne,MI,Passenger,0,1,1,41,42,2.38
January 31 2023,Wake,NC,Passenger,3,0,3,91,94,3.19
July 31 2019,Owyhee,ID,Passenger,1,0,1,6,7,14.29
January 31 2020,Clark,WA,Passenger,1940,1055,2995,319871,322866,0.93
October 31 2017,Chelan,WA,Passenger,77,36,113,52714,52827,0.21
April 30 2022,Solano,CA,Passenger,1,0,1,170,171,0.58
December 31 2019,Island,WA,Truck,1,0,1,21346,21347,0
April 30 2024,Doña Ana,NM,Passenger,1,0,1,11,12,8.33
September 30 2020,Alexandria,VA,Passenger,3,0,3,137,140,2.14
October 31 2023,Goochland,VA,Passenger,2,2,4,52,56,7.14
November 30 2020,Albemarle,VA,Passenger,1,0,1,22,23,4.35
May 31 2022,King,WA,Passenger,39982,11041,51023,1346016,1397039,3.65
November 30 2023,San Francisco,CA,Passenger,1,0,1,52,53,1.89
October 31 2022,Fort Bend,TX,Passenger,1,0,1,25,26,3.85
June 30 2023,Douglas,NE,Passenger,1,1,2,30,32,6.25
January 31 2017,Yakima,WA,Passenger,36,49,85,159913,159998,0.05
March 31 2022,Marion,OR,Passenger,1,0,1,115,116,0.86
April 30 2024,Chesterfield,VA,Passenger,1,0,1,31,32,3.12
March 31 2020,Larimer,CO,Passenger,1,0,1,51,52,1.92
May 31 2022,Spokane,WA,Truck,1,0,1,102102,102103,0
January 31 2020,Hillsborough,FL,Passenger,0,1,1,194,195,0.51
February 29 2024,Kings,CA,Passenger,5,1,6,259,265,2.26
May 31 2023,Clark,NV,Passenger,10,3,13,460,473,2.75
March 31 2022,Hillsborough,FL,Passenger,0,3,3,138,141,2.13
September 30 2022,Broward,FL,Passenger,1,0,1,77,78,1.28
December 31 2022,Lee,AL,Passenger,1,0,1,17,18,5.56
February 28 2023,Jefferson,WA,Truck,9,0,9,9329,9338,0.1
November 30 2021,Pima,AZ,Passenger,1,1,2,293,295,0.68
August 31 2022,Ray,MO,Passenger,0,1,1,1,2,50
September 30 2023,King,WA,Truck,861,2,863,174137,175000,0.49
April 30 2023,Los Angeles,CA,Passenger,5,5,10,733,743,1.35
June 30 2022,Philadelphia,PA,Passenger,1,0,1,43,44,2.27
November 30 2020,Juneau,AK,Passenger,0,1,1,29,30,3.33
October 31 2021,Stevens,WA,Passenger,53,43,96,30205,30301,0.32
February 28 2023,Anne Arundel,MD,Passenger,3,3,6,312,318,1.89
September 30 2019,Howard,MD,Passenger,0,1,1,84,85,1.18
June 30 2024,Marin,CA,Passenger,1,1,2,27,29,6.9
November 30 2023,Madison,IL,Passenger,2,0,2,16,18,11.11
December 31 2020,Virginia Beach,VA,Passenger,2,0,2,644,646,0.31
January 31 2022,Lincoln,WA,Truck,0,0,0,4831,4831,0
April 30 2018,Deschutes,OR,Passenger,1,0,1,183,184,0.54
January 31 2022,Dorchester,SC,Passenger,1,0,1,76,77,1.3
August 31 2023,Jefferson,NY,Passenger,2,0,2,195,197,1.02
September 30 2018,Thurston,WA,Passenger,620,526,1146,194494,195640,0.59
October 31 2022,Island,WA,Truck,14,0,14,21210,21224,0.07
June 30 2021,Polk,FL,Passenger,1,0,1,71,72,1.39
July 31 2020,Duval,FL,Passenger,0,2,2,369,371,0.54
May 31 2022,Tom Green,TX,Passenger,0,1,1,23,24,4.17
July 31 2022,New York,NY,Passenger,1,0,1,41,42,2.38
December 31 2023,DuPage,IL,Passenger,2,1,3,29,32,9.38
June 30 2021,Lake,FL,Passenger,1,0,1,25,26,3.85
May 31 2024,Grant,WA,Passenger,433,187,620,67184,67804,0.91
February 28 2018,Sedgwick,KS,Passenger,0,1,1,105,106,0.94
March 31 2022,Portsmouth,VA,Passenger,0,1,1,75,76,1.32
November 30 2021,Chelan,WA,Passenger,400,113,513,54675,55188,0.93
November 30 2022,Franklin,WA,Truck,3,0,3,20925,20928,0.01
May 31 2017,Clackamas,OR,Passenger,1,1,2,306,308,0.65
February 28 2023,St. Clair,IL,Passenger,1,0,1,117,118,0.85
September 30 2021,Charles,MD,Passenger,1,1,2,72,74,2.7
April 30 2023,Autauga,AL,Passenger,2,0,2,13,15,13.33
March 31 2024,Kent,DE,Passenger,1,0,1,37,38,2.63
May 31 2022,Eagle,CO,Passenger,1,0,1,6,7,14.29
July 31 2024,Whatcom,WA,Truck,111,0,111,41192,41303,0.27
February 28 2019,Okanogan,WA,Passenger,19,21,40,25955,25995,0.15
January 31 2019,Pacific,WA,Passenger,22,26,48,15873,15921,0.3
June 30 2022,Williamson,TX,Passenger,1,2,3,97,100,3
October 31 2021,Howard,MD,Passenger,0,1,1,65,66,1.52
March 31 2020,Valencia,NM,Passenger,1,0,1,7,8,12.5
March 31 2021,Denver,CO,Passenger,1,0,1,118,119,0.84
October 31 2020,Sarasota,FL,Passenger,2,0,2,36,38,5.26
June 30 2023,Collier,FL,Passenger,1,0,1,13,14,7.14
February 28 2017,Travis,TX,Passenger,1,1,2,202,204,0.98
February 28 2019,Jefferson,WA,Truck,0,0,0,9618,9618,0
February 28 2019,Volusia,FL,Passenger,0,1,1,40,41,2.44
August 31 2022,Broward,FL,Passenger,1,0,1,79,80,1.25
September 30 2022,Madison,IL,Passenger,1,0,1,16,17,5.88
April 30 2017,Lewis,NY,Passenger,0,1,1,10,11,9.09
November 30 2019,Thurston,WA,Passenger,1033,699,1732,198962,200694,0.86
July 31 2019,Franklin,WA,Passenger,52,70,122,60125,60247,0.2
April 30 2017,Orange,CA,Passenger,2,1,3,657,660,0.45
March 31 2024,Kootenai,ID,Passenger,0,2,2,85,87,2.3
March 31 2023,Prince George's,MD,Passenger,2,1,3,126,129,2.33
October 31 2017,Whitman,WA,Truck,0,0,0,8441,8441,0
January 31 2021,Douglas,WA,Truck,0,0,0,12497,12497,0
January 31 2022,DuPage,IL,Passenger,3,1,4,53,57,7.02
August 31 2022,Newport,RI,Passenger,0,1,1,71,72,1.39
October 31 2018,DuPage,IL,Passenger,1,0,1,60,61,1.64
February 28 2022,Henrico,VA,Passenger,0,1,1,14,15,6.67
August 31 2022,Yavapai,AZ,Passenger,0,1,1,27,28,3.57
May 31 2020,Greene,MO,Passenger,0,1,1,33,34,2.94
October 31 2021,Camden,NJ,Passenger,0,1,1,15,16,6.25
April 30 2024,San Benito,CA,Passenger,1,0,1,3,4,25
August 31 2023,Spokane,WA,Passenger,2458,1185,3643,322449,326092,1.12
June 30 2024,Skagit,WA,Truck,48,0,48,31074,31122,0.15
November 30 2021,Pierce,WA,Truck,0,0,0,144972,144972,0
April 30 2022,Cook,IL,Passenger,2,0,2,214,216,0.93
November 30 2020,Montgomery,AL,Passenger,1,1,2,43,45,4.44
February 28 2023,Orange,FL,Passenger,1,0,1,74,75,1.33
August 31 2020,Valencia,NM,Passenger,1,0,1,8,9,11.11
May 31 2020,Mason,WA,Passenger,157,135,292,47161,47453,0.62
December 31 2021,Columbia,WA,Passenger,6,2,8,2446,2454,0.33
March 31 2017,Pend Oreille,WA,Truck,0,0,0,5583,5583,0
August 31 2019,Osceola,FL,Passenger,1,0,1,44,45,2.22
March 31 2021,Monroe,IL,Passenger,1,0,1,2,3,33.33
July 31 2018,Kitsap,WA,Passenger,809,473,1282,178811,180093,0.71
March 31 2023,Ferry,WA,Passenger,19,4,23,4334,4357,0.53
September 30 2022,Sonoma,CA,Passenger,1,1,2,85,87,2.3
November 30 2022,Prince William,VA,Passenger,1,4,5,190,195,2.56
March 31 2022,Marin,CA,Passenger,1,1,2,38,40,5
November 30 2023,Hardin,KY,Passenger,1,0,1,57,58,1.72
May 31 2023,Rock Island,IL,Passenger,0,1,1,12,13,7.69
July 31 2023,Clark,WA,Truck,102,0,102,81342,81444,0.13
September 30 2019,King,WA,Truck,6,1,7,182341,182348,0
April 30 2018,Garfield,WA,Truck,0,0,0,948,948,0
October 31 2022,Lincoln,WA,Passenger,12,17,29,7716,7745,0.37
November 30 2022,Jefferson,NY,Passenger,1,0,1,215,216,0.46
December 31 2021,Douglas,CO,Passenger,0,1,1,89,90,1.11
December 31 2023,San Francisco,CA,Passenger,1,0,1,52,53,1.89
February 28 2021,Spokane,WA,Passenger,923,559,1482,321168,322650,0.46
February 28 2017,Virginia Beach,VA,Passenger,2,1,3,645,648,0.46
August 31 2022,Ferry,WA,Truck,0,0,0,3582,3582,0
November 30 2020,Ulster,NY,Passenger,1,0,1,13,14,7.14
July 31 2022,Harrison,MS,Passenger,1,0,1,47,48,2.08
January 31 2018,Mercer,NJ,Passenger,0,1,1,18,19,5.26
October 31 2022,Clark,WA,Passenger,4600,1921,6521,314612,321133,2.03
July 31 2019,El Paso,CO,Passenger,3,2,5,747,752,0.66
July 31 2019,,,Passenger,6,2,8,410,418,1.91
September 30 2023,Richland,SC,Passenger,0,1,1,107,108,0.93
March 31 2018,Sangamon,IL,Passenger,1,0,1,11,12,8.33
February 29 2020,Greene,MO,Passenger,0,1,1,32,33,3.03
May 31 2017,Yakima,WA,Passenger,42,55,97,159357,159454,0.06
June 30 2020,King,WA,Truck,5,1,6,182113,182119,0
January 31 2022,Fulton,GA,Passenger,0,1,1,79,80,1.25
October 31 2021,Wilson,TX,Passenger,0,1,1,3,4,25
July 31 2024,Benton,WA,Passenger,1670,739,2409,132844,135253,1.78
July 31 2024,San Mateo,CA,Passenger,3,0,3,43,46,6.52
February 28 2017,Benton,WA,Truck,0,0,0,39742,39742,0
July 31 2023,Williamsburg,VA,Passenger,0,1,1,5,6,16.67
November 30 2017,San Mateo,CA,Passenger,0,1,1,149,150,0.67
January 31 2023,Platte,MO,Passenger,1,0,1,21,22,4.55
December 31 2023,Wichita,TX,Passenger,1,0,1,32,33,3.03
October 31 2023,Kings,NY,Passenger,2,0,2,39,41,4.88
February 28 2021,Bradley,TN,Passenger,1,0,1,0,1,100
April 30 2019,District of Columbia,DC,Passenger,1,1,2,199,201,1
January 31 2023,Washington,OR,Passenger,1,0,1,293,294,0.34
September 30 2023,Providence,RI,Passenger,1,0,1,21,22,4.55
September 30 2023,Jefferson,WA,Truck,12,0,12,9284,9296,0.13
December 31 2018,Contra Costa,CA,Passenger,0,2,2,398,400,0.5
November 30 2018,Shelby,TN,Passenger,0,1,1,107,108,0.93
October 31 2023,Monterey,CA,Truck,1,0,1,27,28,3.57
October 31 2023,Meade,KY,Passenger,1,0,1,17,18,5.56
May 31 2023,Wahkiakum,WA,Passenger,25,17,42,3028,3070,1.37
September 30 2022,Salt Lake,UT,Passenger,2,1,3,143,146,2.05
July 31 2017,Kittitas,WA,Truck,0,0,0,13584,13584,0
April 30 2024,Currituck,NC,Passenger,1,0,1,17,18,5.56
March 31 2020,Walla Walla,WA,Passenger,68,63,131,36224,36355,0.36
September 30 2020,Hamilton,IN,Passenger,1,0,1,41,42,2.38
September 30 2018,El Paso,CO,Passenger,3,2,5,772,777,0.64
March 31 2021,Carroll,MD,Passenger,0,1,1,18,19,5.26
June 30 2020,Wahkiakum,WA,Truck,0,0,0,1737,1737,0
June 30 2024,Suffolk,VA,Passenger,1,0,1,83,84,1.19
June 30 2022,Montgomery,AL,Passenger,1,1,2,38,40,5
September 30 2022,Randolph,NC,Passenger,1,0,1,5,6,16.67
February 28 2023,Rockingham,NH,Passenger,1,0,1,13,14,7.14
September 30 2022,Thurston,WA,Passenger,2377,1098,3475,192276,195751,1.78
October 31 2020,Whitman,WA,Passenger,50,46,96,21962,22058,0.44
June 30 2020,Utah,UT,Passenger,0,1,1,142,143,0.7
August 31 2019,Brevard,FL,Passenger,0,1,1,89,90,1.11
December 31 2019,San Francisco,CA,Passenger,2,1,3,105,108,2.78
June 30 2018,St. Clair,IL,Passenger,0,1,1,156,157,0.64
February 28 2019,Santa Clara,CA,Passenger,8,1,9,379,388,2.32
August 31 2020,DeKalb,GA,Passenger,1,0,1,82,83,1.2
October 31 2020,Mercer,NJ,Passenger,0,1,1,12,13,7.69
October 31 2021,Pend Oreille,WA,Passenger,18,7,25,9196,9221,0.27
August 31 2023,Cumberland,NC,Passenger,2,3,5,322,327,1.53
February 28 2022,Pulaski,MO,Passenger,2,0,2,124,126,1.59
May 31 2019,Nueces,TX,Passenger,1,1,2,96,98,2.04
November 30 2023,Platte,MO,Passenger,2,0,2,20,22,9.09
August 31 2019,Greene,MO,Passenger,0,1,1,35,36,2.78
February 28 2023,Arapahoe,CO,Passenger,1,1,2,88,90,2.22
December 31 2023,New Castle,DE,Passenger,1,0,1,16,17,5.88
April 30 2020,Spokane,WA,Passenger,710,472,1182,316138,317320,0.37
September 30 2022,Solano,CA,Passenger,2,0,2,166,168,1.19
May 31 2018,Ramsey,MN,Passenger,1,0,1,43,44,2.27
September 30 2017,Clark,WA,Truck,0,0,0,77844,77844,0
March 31 2017,Island,WA,Truck,0,0,0,20493,20493,0
September 30 2018,Whatcom,WA,Passenger,667,334,1001,148465,149466,0.67
May 31 2022,Alameda,CA,Passenger,5,2,7,207,214,3.27
April 30 2017,Clackamas,OR,Passenger,1,1,2,325,327,0.61
May 31 2022,Bexar,TX,Passenger,3,3,6,485,491,1.22
December 31 2018,Klickitat,WA,Passenger,28,32,60,15426,15486,0.39
April 30 2018,Wahkiakum,WA,Passenger,1,3,4,2888,2892,0.14
July 31 2022,Lewis,WA,Truck,0,0,0,26326,26326,0
July 31 2024,Clallam,WA,Truck,34,0,34,20859,20893,0.16
August 31 2021,San Juan,WA,Truck,0,0,0,5974,5974,0
February 28 2018,Polk,FL,Passenger,1,0,1,67,68,1.47
December 31 2021,Richmond,NY,Passenger,1,0,1,4,5,20
August 31 2023,Pierce,WA,Truck,181,0,181,136268,136449,0.13
March 31 2024,Franklin,WA,Truck,11,0,11,20852,20863,0.05
September 30 2020,Skamania,WA,Truck,0,0,0,4004,4004,0
April 30 2022,New London,CT,Passenger,3,4,7,204,211,3.32
March 31 2023,Moore,NC,Passenger,0,1,1,105,106,0.94
January 31 2024,Dallas,TX,Passenger,1,0,1,72,73,1.37
November 30 2023,San Juan,WA,Passenger,680,190,870,13681,14551,5.98
September 30 2017,Contra Costa,CA,Passenger,0,1,1,499,500,0.2
April 30 2019,Walla Walla,WA,Truck,0,0,0,13602,13602,0
October 31 2021,Pima,AZ,Passenger,1,1,2,297,299,0.67
April 30 2021,Alameda,CA,Passenger,4,0,4,262,266,1.5
October 31 2021,Nueces,TX,Passenger,1,0,1,69,70,1.43
April 30 2021,Montgomery,OH,Passenger,0,1,1,57,58,1.72
January 31 2017,Anne Arundel,MD,Passenger,0,1,1,514,515,0.19
April 30 2020,Cowlitz,WA,Truck,0,0,0,28758,28758,0
June 30 2018,Bexar,TX,Passenger,2,4,6,756,762,0.79
April 30 2024,Santa Clara,CA,Passenger,15,1,16,144,160,10
February 28 2023,Pulaski,MO,Passenger,3,0,3,100,103,2.91
May 31 2023,Doña Ana,NM,Passenger,1,0,1,11,12,8.33
August 31 2020,Mercer,NJ,Passenger,0,1,1,13,14,7.14
November 30 2017,Grant,WA,Passenger,24,33,57,61887,61944,0.09
March 31 2022,New Haven,CT,Passenger,0,2,2,33,35,5.71
November 30 2021,Lincoln,WA,Truck,0,0,0,4808,4808,0
June 30 2023,Harnett,NC,Passenger,4,1,5,140,145,3.45
August 31 2022,Denton,TX,Passenger,2,0,2,69,71,2.82
June 30 2021,RÃ­o Grande,PR,Passenger,1,0,1,0,1,100
April 30 2022,Montgomery,AL,Passenger,1,1,2,37,39,5.13
December 31 2017,Okanogan,WA,Passenger,7,18,25,25727,25752,0.1
May 31 2022,Virginia Beach,VA,Passenger,2,0,2,530,532,0.38
December 31 2018,Wahkiakum,WA,Passenger,1,1,2,2977,2979,0.07
January 31 2019,Montgomery,AL,Passenger,1,1,2,48,50,4
November 30 2020,Cascade,MT,Passenger,0,1,1,58,59,1.69
August 31 2021,Geary,KS,Passenger,1,0,1,99,100,1
April 30 2024,Fulton,GA,Passenger,0,1,1,48,49,2.04
August 31 2022,Orange,FL,Passenger,2,0,2,93,95,2.11
November 30 2021,Eagle,CO,Passenger,1,0,1,8,9,11.11
June 30 2020,Prince George's,MD,Passenger,1,1,2,167,169,1.18
January 31 2021,Douglas,NE,Passenger,1,1,2,57,59,3.39
July 31 2024,Atlantic,NJ,Passenger,1,0,1,8,9,11.11
May 31 2021,Boulder,CO,Passenger,1,1,2,53,55,3.64
July 31 2024,Larimer,CO,Passenger,1,0,1,15,16,6.25
December 31 2023,Lake,IN,Passenger,0,1,1,6,7,14.29
December 31 2018,Kitsap,WA,Passenger,945,544,1489,179791,181280,0.82
July 31 2024,Chelan,WA,Truck,59,0,59,22326,22385,0.26
September 30 2018,Brevard,FL,Passenger,0,1,1,94,95,1.05
May 31 2019,Calvert,MD,Passenger,0,2,2,88,90,2.22
October 31 2019,Spartanburg,SC,Passenger,0,1,1,46,47,2.13
April 30 2022,Wood,OH,Passenger,0,1,1,6,7,14.29
April 30 2021,Jefferson,WA,Passenger,310,178,488,24880,25368,1.92
November 30 2019,Travis,TX,Passenger,4,1,5,216,221,2.26
October 31 2023,El Dorado,CA,Passenger,1,0,1,17,18,5.56
July 31 2024,DeKalb,GA,Passenger,1,0,1,28,29,3.45
August 31 2018,Pinal,AZ,Passenger,2,0,2,209,211,0.95
May 31 2022,Kings,CA,Passenger,2,1,3,316,319,0.94
March 31 2022,Virginia Beach,VA,Passenger,2,0,2,557,559,0.36
June 30 2019,Shelby,TN,Passenger,0,1,1,99,100,1
July 31 2021,Vigo,IN,Passenger,1,0,1,5,6,16.67
June 30 2024,Kern,CA,Passenger,1,1,2,132,134,1.49
February 28 2023,Wake,NC,Passenger,3,0,3,93,96,3.12
May 31 2020,Chesapeake,VA,Passenger,0,1,1,435,436,0.23
October 31 2023,Jefferson,WA,Truck,13,0,13,9272,9285,0.14
August 31 2017,Island,WA,Truck,0,0,0,20515,20515,0
July 31 2022,Howard,MD,Passenger,0,2,2,67,69,2.9
July 31 2017,Clark,WA,Passenger,795,517,1312,299915,301227,0.44
November 30 2018,Anne Arundel,MD,Passenger,0,1,1,450,451,0.22
July 31 2017,Montgomery,MD,Passenger,1,0,1,313,314,0.32
October 31 2022,Santa Clara,CA,Passenger,14,3,17,238,255,6.67
November 30 2017,King,WA,Passenger,11126,4611,15737,1371014,1386751,1.13
March 31 2019,Clark,WA,Passenger,1358,882,2240,311894,314134,0.71
July 31 2017,Tulare,CA,Passenger,1,0,1,196,197,0.51
March 31 2017,Clallam,WA,Truck,0,0,0,21037,21037,0
June 30 2022,Rogers,OK,Passenger,1,0,1,6,7,14.29
November 30 2020,Columbia,OR,Passenger,1,0,1,26,27,3.7
January 31 2019,Kent,MI,Passenger,0,1,1,25,26,3.85
November 30 2021,New Haven,CT,Passenger,0,2,2,31,33,6.06
April 30 2022,Frederick,MD,Passenger,1,1,2,67,69,2.9
December 31 2022,Charleston,SC,Passenger,2,2,4,62,66,6.06
September 30 2023,Otero,NM,Passenger,0,1,1,25,26,3.85
September 30 2021,Bexar,TX,Passenger,2,4,6,539,545,1.1
December 31 2018,Suffolk,MA,Passenger,0,1,1,45,46,2.17
May 31 2021,Carson City,NV,Passenger,1,0,1,11,12,8.33
May 31 2017,Spokane,WA,Passenger,245,211,456,296322,296778,0.15
April 30 2021,Sumter,SC,Passenger,0,1,1,36,37,2.7
September 30 2021,Anne Arundel,MD,Passenger,3,1,4,366,370,1.08
April 30 2019,Mercer,NJ,Passenger,0,1,1,17,18,5.56
October 31 2021,Oldham,KY,Passenger,0,1,1,4,5,20
October 31 2023,Doña Ana,NM,Passenger,1,0,1,13,14,7.14
April 30 2021,Santa Cruz,CA,Passenger,1,0,1,28,29,3.45
December 31 2023,Columbia,GA,Passenger,1,0,1,72,73,1.37
August 31 2017,Multnomah,OR,Passenger,1,3,4,939,943,0.42
June 30 2017,Maricopa,AZ,Passenger,1,1,2,1803,1805,0.11
November 30 2019,Jefferson,NY,Passenger,0,1,1,210,211,0.47
August 31 2020,Garfield,WA,Passenger,0,1,1,1349,1350,0.07
April 30 2018,Brevard,FL,Passenger,0,1,1,104,105,0.95
November 30 2021,Clark,NV,Passenger,8,3,11,621,632,1.74
May 31 2020,Placer,CA,Passenger,2,0,2,98,100,2
April 30 2022,Pima,AZ,Passenger,1,1,2,272,274,0.73
August 31 2019,Harrison,MS,Passenger,1,0,1,64,65,1.54
September 30 2022,Danville,VA,Passenger,1,0,1,0,1,100
March 31 2024,Bartow,GA,Passenger,0,1,1,2,3,33.33
July 31 2023,Snohomish,WA,Truck,187,0,187,121239,121426,0.15
September 30 2017,Pacific,WA,Passenger,12,9,21,15255,15276,0.14
February 28 2018,Lincoln,WA,Passenger,2,5,7,7591,7598,0.09
June 30 2020,Norfolk,VA,Passenger,2,2,4,344,348,1.15
August 31 2020,Prince George's,MD,Passenger,2,1,3,161,164,1.83
August 31 2019,Pima,AZ,Passenger,1,1,2,419,421,0.48
September 30 2017,Nassau,NY,Passenger,1,1,2,42,44,4.55
August 31 2018,Tarrant,TX,Passenger,1,0,1,216,217,0.46
September 30 2022,Frederick,MD,Passenger,1,0,1,61,62,1.61
February 28 2023,Louisa,VA,Passenger,0,1,1,1,2,50
August 31 2018,Franklin,WA,Passenger,36,65,101,58357,58458,0.17
May 31 2020,Newport,RI,Passenger,0,1,1,82,83,1.2
June 30 2019,Island,WA,Truck,0,0,0,21252,21252,0
February 28 2023,Chesapeake,VA,Passenger,3,1,4,329,333,1.2
April 30 2021,Fresno,CA,Passenger,1,0,1,197,198,0.51
February 28 2019,Sedgwick,KS,Passenger,0,1,1,103,104,0.96
September 30 2018,Palm Beach,FL,Passenger,0,2,2,89,91,2.2
August 31 2017,Lewis,WA,Truck,0,0,0,25019,25019,0
June 30 2017,Saratoga,NY,Passenger,1,1,2,74,76,2.63
February 29 2020,Williams,ND,Passenger,0,1,1,13,14,7.14
January 31 2023,Broward,FL,Passenger,1,0,1,70,71,1.41
February 28 2018,Sacramento,CA,Passenger,1,1,2,313,315,0.63
November 30 2017,Lewis,WA,Truck,0,0,0,25240,25240,0
March 31 2024,Pacific,WA,Truck,9,0,9,7773,7782,0.12
July 31 2019,Charles,MD,Passenger,0,1,1,92,93,1.08
February 28 2023,Wahkiakum,WA,Truck,1,0,1,1793,1794,0.06
July 31 2022,Grays Harbor,WA,Passenger,214,162,376,48873,49249,0.76
March 31 2022,El Paso,CO,Passenger,3,2,5,657,662,0.76
April 30 2024,Clark,WA,Truck,181,0,181,80264,80445,0.22
February 28 2019,Jefferson,NY,Passenger,0,1,1,225,226,0.44
November 30 2017,Brevard,FL,Passenger,0,1,1,106,107,0.93
February 28 2022,Kitsap,WA,Passenger,2229,981,3210,179240,182450,1.76
August 31 2017,Arlington,VA,Passenger,1,2,3,174,177,1.69
February 28 2017,Collier,FL,Passenger,1,0,1,23,24,4.17
June 30 2023,Fulton,GA,Passenger,1,1,2,65,67,2.99
March 31 2022,Montgomery,PA,Passenger,2,0,2,24,26,7.69
August 31 2021,New London,CT,Passenger,1,3,4,215,219,1.83
November 30 2021,Philadelphia,PA,Passenger,1,0,1,47,48,2.08
December 31 2018,Middlesex,MA,Passenger,1,0,1,127,128,0.78
November 30 2017,Yakima,WA,Truck,0,0,0,57906,57906,0
October 31 2022,Stafford,VA,Passenger,2,1,3,89,92,3.26
May 31 2021,Clark,WA,Truck,0,0,0,84141,84141,0
June 30 2017,Okanogan,WA,Truck,0,0,0,16200,16200,0
June 30 2024,Whitman,WA,Passenger,227,130,357,21633,21990,1.62
May 31 2024,Pacific,WA,Passenger,109,105,214,15492,15706,1.36
February 28 2021,Harris,TX,Passenger,1,1,2,246,248,0.81
March 31 2018,Alameda,CA,Passenger,0,1,1,361,362,0.28
June 30 2020,Brevard,FL,Passenger,0,1,1,88,89,1.12
July 31 2022,Randolph,NC,Passenger,1,0,1,5,6,16.67
December 31 2021,Essex,NJ,Passenger,2,0,2,14,16,12.5
September 30 2017,Whatcom,WA,Truck,2,0,2,41835,41837,0
June 30 2018,Klickitat,WA,Truck,0,0,0,8111,8111,0
November 30 2023,Klickitat,WA,Truck,13,0,13,8216,8229,0.16
June 30 2023,Lane,OR,Passenger,0,2,2,80,82,2.44
July 31 2020,Camden,NJ,Passenger,0,1,1,23,24,4.17
October 31 2022,Monterey,CA,Passenger,0,3,3,149,152,1.97
September 30 2021,Chelan,WA,Truck,0,0,0,23088,23088,0
April 30 2020,Ventura,CA,Passenger,0,2,2,306,308,0.65
April 30 2021,Sarasota,FL,Passenger,2,0,2,37,39,5.13
April 30 2017,Santa Clara,CA,Passenger,6,2,8,420,428,1.87
May 31 2021,Williamson,TX,Passenger,0,2,2,125,127,1.57
July 31 2017,Sacramento,CA,Passenger,0,1,1,362,363,0.28
June 30 2019,Shasta,CA,Passenger,1,0,1,44,45,2.22
February 29 2024,Atlantic,NJ,Passenger,1,0,1,10,11,9.09
June 30 2017,Kent,MI,Passenger,0,1,1,37,38,2.63
January 31 2020,Harrison,MS,Passenger,1,0,1,62,63,1.59
October 31 2021,Maui,HI,Passenger,1,0,1,28,29,3.45
December 31 2020,Whatcom,WA,Passenger,1218,550,1768,149939,151707,1.17
September 30 2021,Harris,TX,Passenger,1,1,2,215,217,0.92
February 29 2024,Lake,IL,Passenger,7,0,7,119,126,5.56
September 30 2022,Polk,OR,Passenger,0,1,1,21,22,4.55
September 30 2020,Morris,NJ,Passenger,1,0,1,17,18,5.56
August 31 2021,Plaquemines,LA,Passenger,0,1,1,16,17,5.88
September 30 2017,Cowlitz,WA,Passenger,52,64,116,70262,70378,0.16
February 28 2018,Benton,WA,Passenger,175,179,354,130436,130790,0.27
May 31 2020,Skagit,WA,Truck,1,0,1,32380,32381,0
June 30 2022,Newport,RI,Passenger,0,1,1,76,77,1.3
June 30 2024,Champaign,IL,Passenger,1,0,1,4,5,20
August 31 2023,Kitsap,WA,Passenger,3462,1359,4821,175380,180201,2.68
October 31 2023,Ferry,WA,Truck,0,0,0,3538,3538,0
June 30 2019,Dallas,TX,Passenger,1,0,1,214,215,0.47
June 30 2017,Travis,TX,Passenger,1,1,2,197,199,1.01
May 31 2023,Dorchester,SC,Passenger,1,0,1,49,50,2
August 31 2017,Whatcom,WA,Passenger,482,182,664,143520,144184,0.46
April 30 2020,Stevens,WA,Passenger,34,33,67,30952,31019,0.22
November 30 2022,Lincoln,WA,Passenger,12,19,31,7750,7781,0.4
March 31 2017,Chelan,WA,Passenger,55,30,85,51681,51766,0.16
December 31 2018,Whatcom,WA,Truck,2,0,2,42657,42659,0
March 31 2017,Tarrant,TX,Passenger,0,2,2,293,295,0.68
November 30 2021,Kern,CA,Passenger,0,1,1,202,203,0.49
October 31 2019,Norfolk,MA,Passenger,1,0,1,38,39,2.56
January 31 2023,DeKalb,GA,Passenger,1,0,1,48,49,2.04
December 31 2022,Yavapai,AZ,Passenger,0,1,1,24,25,4
March 31 2024,St. Lawrence,NY,Passenger,1,0,1,3,4,25
May 31 2020,Tarrant,TX,Passenger,1,0,1,180,181,0.55
April 30 2018,Ventura,CA,Passenger,0,1,1,331,332,0.3
September 30 2023,New Haven,CT,Passenger,0,2,2,26,28,7.14
May 31 2024,Allegheny,PA,Passenger,2,0,2,47,49,4.08
April 30 2022,Cumberland,NC,Passenger,2,4,6,397,403,1.49
June 30 2018,Snohomish,WA,Truck,1,0,1,121637,121638,0
April 30 2019,Yakima,WA,Truck,0,0,0,58936,58936,0
September 30 2021,Geary,KS,Passenger,1,0,1,101,102,0.98
June 30 2017,DeKalb,GA,Passenger,1,0,1,88,89,1.12
January 31 2020,DeKalb,IN,Passenger,1,0,1,1,2,50
October 31 2018,Chelan,WA,Truck,0,0,0,22051,22051,0
July 31 2021,Kitsap,WA,Passenger,1912,870,2782,180407,183189,1.52
August 31 2022,Grant,WA,Passenger,198,106,304,66669,66973,0.45
October 31 2022,Harnett,NC,Passenger,2,0,2,155,157,1.27
July 31 2024,Mobile,AL,Passenger,1,0,1,21,22,4.55
September 30 2022,Escambia,FL,Passenger,0,1,1,144,145,0.69
August 31 2020,Bartow,GA,Passenger,0,1,1,5,6,16.67
September 30 2018,Lee,AL,Passenger,1,0,1,37,38,2.63
June 30 2020,Wahkiakum,WA,Passenger,6,6,12,2991,3003,0.4
January 31 2023,Skagit,WA,Truck,11,0,11,32062,32073,0.03
October 31 2018,Duval,FL,Passenger,1,2,3,384,387,0.78
February 29 2024,Sacramento,CA,Passenger,1,1,2,143,145,1.38
May 31 2022,York,VA,Passenger,1,0,1,90,91,1.1
April 30 2023,Portsmouth,VA,Passenger,0,1,1,66,67,1.49
August 31 2017,Palm Beach,FL,Passenger,0,2,2,98,100,2
July 31 2022,Alexandria,VA,Passenger,4,0,4,115,119,3.36
December 31 2019,Whitman,WA,Truck,0,0,0,8578,8578,0
November 30 2023,Kittitas,WA,Truck,19,0,19,14626,14645,0.13
February 28 2018,San Mateo,CA,Passenger,0,1,1,140,141,0.71
November 30 2018,Sacramento,CA,Passenger,0,1,1,316,317,0.32
June 30 2022,Sonoma,CA,Passenger,0,1,1,90,91,1.1
April 30 2017,Skamania,WA,Truck,0,0,0,3872,3872,0
June 30 2021,Pima,AZ,Passenger,2,1,3,311,314,0.96
July 31 2022,Boulder,CO,Passenger,2,0,2,47,49,4.08
May 31 2020,Calvert,MD,Passenger,0,2,2,90,92,2.17
July 31 2023,Otero,NM,Passenger,0,1,1,26,27,3.7
January 31 2021,Twin Falls,ID,Passenger,0,1,1,28,29,3.45
May 31 2021,Manassas,VA,Passenger,0,1,1,6,7,14.29
May 31 2022,Okaloosa,FL,Passenger,0,1,1,106,107,0.93
June 30 2024,Spotsylvania,VA,Passenger,0,1,1,20,21,4.76
June 30 2021,Columbia,WA,Truck,0,0,0,1545,1545,0
May 31 2018,Northampton,PA,Passenger,0,1,1,63,64,1.56
February 28 2021,Montgomery,PA,Passenger,1,0,1,26,27,3.7
June 30 2018,King,WA,Passenger,13167,5675,18842,1370612,1389454,1.36
October 31 2022,Yakima,WA,Passenger,395,214,609,166218,166827,0.37
March 31 2018,Chelan,WA,Truck,0,0,0,21715,21715,0
May 31 2024,Kitsap,WA,Truck,140,0,140,51275,51415,0.27
July 31 2017,Walla Walla,WA,Truck,0,0,0,13176,13176,0
June 30 2023,San Mateo,CA,Passenger,2,0,2,71,73,2.74
March 31 2017,Prince George's,MD,Passenger,0,1,1,182,183,0.55
March 31 2024,Newport News,VA,Passenger,1,0,1,95,96,1.04
November 30 2021,Lake,IL,Passenger,3,0,3,169,172,1.74
September 30 2017,Norfolk,MA,Passenger,1,0,1,40,41,2.44
January 31 2021,Collier,FL,Passenger,1,0,1,20,21,4.76
July 31 2017,Sedgwick,KS,Passenger,0,1,1,111,112,0.89
April 30 2020,Shelby,OH,Passenger,0,1,1,2,3,33.33
June 30 2017,Pacific,WA,Truck,0,0,0,7466,7466,0
August 31 2022,Asotin,WA,Truck,0,0,0,6678,6678,0
December 31 2019,Garfield,WA,Passenger,0,1,1,1304,1305,0.08
October 31 2023,Loudoun,VA,Passenger,2,1,3,61,64,4.69
October 31 2023,Burlington,NJ,Passenger,2,2,4,81,85,4.71
August 31 2020,Prince William,VA,Passenger,2,3,5,226,231,2.16
February 29 2024,Santa Cruz,CA,Passenger,1,0,1,18,19,5.26
June 30 2021,Wilson,NC,Passenger,1,0,1,0,1,100
February 28 2019,Columbia,WA,Passenger,2,2,4,2430,2434,0.16
September 30 2019,Clark,WA,Truck,0,0,0,80940,80940,0
May 31 2018,Yakima,WA,Truck,0,0,0,58329,58329,0
May 31 2017,Wayne,MI,Passenger,0,1,1,71,72,1.39
March 31 2017,Bergen,NJ,Passenger,0,2,2,32,34,5.88
May 31 2023,Brown,WI,Passenger,1,0,1,6,7,14.29
June 30 2020,Rogers,OK,Passenger,1,0,1,9,10,10
September 30 2017,Grays Harbor,WA,Passenger,38,38,76,45124,45200,0.17
July 31 2020,Lee,FL,Passenger,1,0,1,49,50,2
July 31 2023,Thurston,WA,Truck,64,0,64,53827,53891,0.12
May 31 2022,Orange,NC,Passenger,0,1,1,10,11,9.09
March 31 2023,Middlesex,MA,Passenger,2,0,2,83,85,2.35
June 30 2019,Santa Rosa,FL,Passenger,1,0,1,90,91,1.1
December 31 2022,Polk,OR,Passenger,1,1,2,21,23,8.7
December 31 2018,Randolph,NC,Passenger,1,0,1,6,7,14.29
March 31 2017,Jefferson,WA,Passenger,94,57,151,23648,23799,0.63
April 30 2021,Grant,WA,Truck,0,0,0,27864,27864,0
March 31 2022,Clark,NV,Passenger,8,3,11,599,610,1.8
September 30 2023,Virginia Beach,VA,Truck,1,0,1,102,103,0.97
February 29 2020,Snohomish,WA,Passenger,4301,1728,6029,537935,543964,1.11
February 29 2024,Lewis,WA,Passenger,417,327,744,58669,59413,1.25
December 31 2020,Adams,WA,Passenger,10,7,17,12950,12967,0.13
January 31 2019,Grays Harbor,WA,Passenger,67,76,143,47437,47580,0.3
December 31 2021,Pierce,WA,Truck,0,0,0,144648,144648,0
November 30 2018,Jefferson,WA,Truck,0,0,0,9607,9607,0
December 31 2022,Arlington,VA,Passenger,1,0,1,123,124,0.81
October 31 2023,,,Passenger,4,1,5,256,261,1.92
October 31 2021,Lincoln,WA,Truck,0,0,0,4801,4801,0
September 30 2022,Placer,CA,Passenger,2,0,2,73,75,2.67
September 30 2018,Larimer,CO,Passenger,1,0,1,60,61,1.64
March 31 2023,Montgomery,PA,Passenger,1,0,1,21,22,4.55
January 31 2020,King,WA,Passenger,23189,7617,30806,1398403,1429209,2.16
January 31 2022,Skamania,WA,Passenger,60,43,103,8294,8397,1.23
January 31 2019,Middlesex,MA,Passenger,1,0,1,120,121,0.83
April 30 2018,Snohomish,WA,Truck,1,0,1,121247,121248,0
November 30 2020,Stevens,WA,Passenger,37,39,76,30256,30332,0.25
May 31 2019,Wahkiakum,WA,Passenger,2,2,4,3015,3019,0.13
August 31 2020,Santa Clara,CA,Passenger,9,2,11,292,303,3.63
July 31 2020,Orange,CA,Passenger,7,2,9,507,516,1.74
June 30 2024,San Mateo,CA,Passenger,3,0,3,47,50,6
October 31 2023,Lexington,SC,Passenger,1,0,1,20,21,4.76
January 31 2020,Fairfax,VA,Passenger,5,1,6,767,773,0.78
February 28 2022,Yellowstone,MT,Passenger,0,1,1,29,30,3.33
November 30 2021,Williams,ND,Passenger,0,1,1,8,9,11.11
December 31 2020,Alexandria,VA,Passenger,3,0,3,136,139,2.16
June 30 2023,Harris,TX,Passenger,2,1,3,162,165,1.82
October 31 2023,New York,NY,Passenger,2,0,2,34,36,5.56
August 31 2017,Sumter,FL,Passenger,0,1,1,11,12,8.33
May 31 2024,Franklin,WA,Passenger,448,180,628,62005,62633,1
May 31 2023,,,Passenger,5,0,5,284,289,1.73
September 30 2019,Vigo,IN,Passenger,1,0,1,6,7,14.29
January 31 2022,Harford,MD,Passenger,1,1,2,52,54,3.7
March 31 2023,Sacramento,CA,Passenger,3,1,4,196,200,2
December 31 2019,San Joaquin,CA,Passenger,1,0,1,145,146,0.68
July 31 2022,Hennepin,MN,Passenger,1,0,1,57,58,1.72
May 31 2022,Walla Walla,WA,Truck,0,0,0,13963,13963,0
June 30 2019,Rogers,OK,Passenger,1,0,1,7,8,12.5
August 31 2017,Prince William,VA,Passenger,0,4,4,264,268,1.49
October 31 2021,Missoula,MT,Passenger,1,0,1,59,60,1.67
July 31 2021,San Francisco,CA,Passenger,0,1,1,100,101,0.99
February 28 2022,Wilson,NC,Passenger,1,0,1,0,1,100
May 31 2018,Franklin,WA,Passenger,38,63,101,57676,57777,0.17
November 30 2018,Pacific,WA,Passenger,20,23,43,15798,15841,0.27
July 31 2022,Hamilton,OH,Passenger,1,0,1,35,36,2.78
May 31 2017,Lincoln,WA,Passenger,2,5,7,7505,7512,0.09
August 31 2022,Chesapeake,VA,Passenger,3,1,4,355,359,1.11
December 31 2018,Santa Clara,CA,Passenger,8,1,9,382,391,2.3
April 30 2021,Duval,FL,Passenger,0,2,2,358,360,0.56
February 28 2018,St. Clair,IL,Passenger,0,1,1,159,160,0.62
December 31 2019,Collier,FL,Passenger,1,0,1,21,22,4.55
September 30 2019,Harnett,NC,Passenger,1,1,2,219,221,0.9
May 31 2018,Collin,TX,Passenger,1,0,1,165,166,0.6
April 30 2019,Collin,TX,Passenger,2,1,3,151,154,1.95
October 31 2023,Kern,CA,Passenger,1,1,2,161,163,1.23
June 30 2018,Walla Walla,WA,Truck,0,0,0,13416,13416,0
May 31 2021,Orange,NC,Passenger,0,1,1,13,14,7.14
March 31 2020,Oldham,KY,Passenger,0,1,1,4,5,20
January 31 2017,Grant,WA,Passenger,16,21,37,60380,60417,0.06
November 30 2023,King,WA,Truck,963,2,965,173217,174182,0.55
February 28 2019,Wahkiakum,WA,Truck,0,0,0,1720,1720,0
March 31 2022,Pima,AZ,Passenger,1,1,2,283,285,0.7
September 30 2021,Fresno,CA,Passenger,1,0,1,187,188,0.53
February 28 2022,Tarrant,TX,Passenger,3,0,3,149,152,1.97
September 30 2022,Washtenaw,MI,Passenger,0,1,1,29,30,3.33
February 28 2023,Lincoln,OR,Passenger,0,1,1,19,20,5
February 28 2023,Lake,IL,Passenger,2,0,2,134,136,1.47
June 30 2019,Wahkiakum,WA,Passenger,2,2,4,3008,3012,0.13
June 30 2022,Wahkiakum,WA,Passenger,23,11,34,3070,3104,1.1
May 31 2020,Montgomery,TX,Passenger,1,0,1,56,57,1.75
November 30 2021,St. Clair,IL,Passenger,1,0,1,130,131,0.76
June 30 2020,Rockingham,NH,Passenger,1,0,1,22,23,4.35
October 31 2021,Meade,KY,Passenger,1,0,1,26,27,3.7
April 30 2019,King,WA,Truck,5,1,6,181763,181769,0
May 31 2019,Cowlitz,WA,Truck,0,0,0,28836,28836,0
August 31 2020,Norfolk,VA,Passenger,2,2,4,342,346,1.16
May 31 2020,Clay,FL,Passenger,0,1,1,84,85,1.18
July 31 2019,Penobscot,ME,Passenger,0,1,1,13,14,7.14
December 31 2019,Polk,FL,Passenger,1,0,1,78,79,1.27
January 31 2024,Harford,MD,Passenger,1,1,2,42,44,4.55
April 30 2022,Kitsap,WA,Passenger,2323,1020,3343,178612,181955,1.84
May 31 2023,Franklin,WA,Passenger,301,137,438,61985,62423,0.7
October 31 2023,Spokane,WA,Truck,48,0,48,101817,101865,0.05
December 31 2019,Harford,MD,Passenger,0,1,1,61,62,1.61
September 30 2023,Chesterfield,VA,Passenger,1,0,1,34,35,2.86
January 31 2024,Sedgwick,KS,Passenger,0,1,1,43,44,2.27
September 30 2017,Sumter,FL,Passenger,0,1,1,11,12,8.33
March 31 2022,Douglas,WA,Passenger,126,56,182,28514,28696,0.63
November 30 2018,Columbia,WA,Passenger,2,2,4,2437,2441,0.16
May 31 2021,Newport,RI,Passenger,0,1,1,77,78,1.28
April 30 2024,Honolulu,HI,Passenger,5,2,7,233,240,2.92
June 30 2017,Nueces,TX,Passenger,0,1,1,96,97,1.03
February 28 2023,Muscogee,GA,Passenger,1,2,3,109,112,2.68
October 31 2021,Denton,TX,Passenger,1,0,1,82,83,1.2
February 29 2024,Marion,IA,Passenger,1,0,1,0,1,100
February 28 2023,Chelan,WA,Truck,19,0,19,23118,23137,0.08
May 31 2022,Columbia,OR,Passenger,1,0,1,21,22,4.55
May 31 2022,Kauai,HI,Passenger,1,0,1,18,19,5.26
January 31 2023,Plaquemines,LA,Passenger,1,1,2,19,21,9.52
May 31 2018,Spokane,WA,Passenger,324,302,626,302364,302990,0.21
May 31 2019,Island,WA,Passenger,314,235,549,63290,63839,0.86
January 31 2017,Hawaii,HI,Passenger,1,0,1,94,95,1.05
May 31 2022,Collier,FL,Passenger,1,0,1,17,18,5.56
October 31 2019,Whatcom,WA,Truck,2,0,2,43089,43091,0
April 30 2018,Tarrant,TX,Passenger,1,0,1,218,219,0.46
February 28 2022,Newport,RI,Passenger,0,1,1,79,80,1.25
February 28 2021,Pennington,SD,Passenger,1,0,1,33,34,2.94
October 31 2019,Rogers,OK,Passenger,1,0,1,8,9,11.11
November 30 2022,Ulster,NY,Passenger,1,0,1,10,11,9.09
December 31 2022,Washington,MD,Passenger,2,0,2,14,16,12.5
January 31 2017,King,WA,Truck,8,1,9,191048,191057,0
December 31 2017,Okanogan,WA,Truck,0,0,0,16266,16266,0
July 31 2023,Muscogee,GA,Passenger,1,2,3,103,106,2.83
July 31 2018,Gwinnett,GA,Passenger,0,1,1,85,86,1.16
July 31 2022,Wichita,TX,Passenger,1,0,1,42,43,2.33
November 30 2021,Jefferson,WA,Passenger,371,196,567,24769,25336,2.24
April 30 2024,Maricopa,AZ,Passenger,10,3,13,567,580,2.24
July 31 2019,Lincoln,WA,Truck,0,0,0,4684,4684,0
November 30 2022,Orange,NC,Passenger,0,1,1,6,7,14.29
April 30 2021,Danville,VA,Passenger,1,0,1,0,1,100
September 30 2018,Grant,WA,Truck,0,0,0,26062,26062,0
December 31 2018,Lincoln,WA,Truck,0,0,0,4638,4638,0
November 30 2022,Palm Beach,FL,Passenger,2,1,3,59,62,4.84
November 30 2021,Louisa,VA,Passenger,0,1,1,1,2,50
June 30 2020,Thurston,WA,Passenger,1141,735,1876,196726,198602,0.94
March 31 2023,Asotin,WA,Passenger,32,21,53,12379,12432,0.43
July 31 2024,Adams,WA,Passenger,35,21,56,12723,12779,0.44
July 31 2023,Jefferson,NY,Passenger,2,0,2,195,197,1.02
May 31 2023,Ray,MO,Passenger,0,1,1,0,1,100
July 31 2021,King,WA,Passenger,31546,9347,40893,1365757,1406650,2.91
June 30 2017,Yakima,WA,Truck,0,0,0,57342,57342,0
May 31 2022,Loudoun,VA,Passenger,2,1,3,67,70,4.29
February 29 2024,Meade,KY,Passenger,1,0,1,16,17,5.88
September 30 2021,Los Angeles,CA,Passenger,6,9,15,923,938,1.6
December 31 2022,Montgomery,MD,Passenger,4,3,7,201,208,3.37
March 31 2023,Palm Beach,FL,Passenger,2,1,3,55,58,5.17
June 30 2021,Pierce,WA,Passenger,3468,1994,5462,559803,565265,0.97
May 31 2017,Fairfax,VA,Passenger,3,2,5,853,858,0.58
August 31 2018,Fairfax,VA,Passenger,3,1,4,816,820,0.49
October 31 2021,San Joaquin,CA,Passenger,1,1,2,105,107,1.87
March 31 2017,Benton,WA,Truck,0,0,0,39850,39850,0
May 31 2018,Pacific,WA,Truck,0,0,0,7583,7583,0
December 31 2018,Washington,OR,Passenger,0,1,1,485,486,0.21
November 30 2018,DeKalb,GA,Passenger,1,0,1,81,82,1.22
September 30 2021,Richland,SC,Passenger,0,1,1,141,142,0.7
July 31 2021,Lane,OR,Passenger,0,2,2,134,136,1.47
February 28 2021,Yakima,WA,Truck,0,0,0,61132,61132,0
June 30 2023,Kern,CA,Passenger,1,1,2,181,183,1.09
January 31 2024,Pulaski,MO,Passenger,2,0,2,92,94,2.13
March 31 2021,Lee,FL,Passenger,1,0,1,41,42,2.38
September 30 2020,Gwinnett,GA,Passenger,1,0,1,73,74,1.35
December 31 2023,Honolulu,HI,Passenger,5,2,7,267,274,2.55
January 31 2020,Franklin,WA,Passenger,57,75,132,61070,61202,0.22
March 31 2020,Skamania,WA,Passenger,29,17,46,8705,8751,0.53
July 31 2018,Palm Beach,FL,Passenger,0,2,2,86,88,2.27
November 30 2019,Contra Costa,CA,Passenger,3,2,5,347,352,1.42
March 31 2022,New London,CT,Passenger,2,4,6,206,212,2.83
February 28 2017,Mercer,NJ,Passenger,0,1,1,21,22,4.55
September 30 2018,Prince George,VA,Passenger,0,1,1,74,75,1.33
July 31 2020,Hillsborough,FL,Passenger,0,1,1,181,182,0.55
July 31 2024,Pierce,WA,Truck,361,0,361,129308,129669,0.28
March 31 2021,Okanogan,WA,Passenger,56,35,91,26205,26296,0.35
April 30 2019,Flathead,MT,Passenger,1,0,1,65,66,1.52
May 31 2024,Hoke,NC,Passenger,1,0,1,57,58,1.72
May 31 2021,Bucks,PA,Passenger,1,0,1,21,22,4.55
April 30 2024,Wilson,TX,Passenger,0,1,1,3,4,25
April 30 2022,Stevens,WA,Passenger,65,52,117,30058,30175,0.39
March 31 2022,Franklin,WA,Truck,0,0,0,20916,20916,0
July 31 2021,Tom Green,TX,Passenger,0,1,1,23,24,4.17
October 31 2023,Utah,UT,Passenger,1,0,1,88,89,1.12
March 31 2023,Napa,CA,Passenger,0,1,1,14,15,6.67
June 30 2019,Island,WA,Passenger,316,241,557,63325,63882,0.87
July 31 2020,Clallam,WA,Passenger,237,169,406,50043,50449,0.8
November 30 2020,San Diego,CA,Passenger,15,2,17,2720,2737,0.62
September 30 2020,Boulder,CO,Passenger,1,1,2,47,49,4.08
January 31 2021,Travis,TX,Passenger,3,3,6,186,192,3.12
February 28 2018,DuPage,IL,Passenger,1,0,1,68,69,1.45
May 31 2023,Virginia Beach,VA,Truck,1,0,1,111,112,0.89
September 30 2019,Lewis,WA,Passenger,107,103,210,59350,59560,0.35
April 30 2021,Franklin,WA,Passenger,109,95,204,61908,62112,0.33
May 31 2024,Skagit,WA,Passenger,1492,533,2025,87823,89848,2.25
May 31 2023,Allen,IN,Passenger,1,0,1,14,15,6.67
February 28 2021,Jefferson,WA,Truck,0,0,0,9571,9571,0
September 30 2017,Mercer,NJ,Passenger,0,1,1,15,16,6.25
October 31 2019,King,WA,Passenger,21364,7389,28753,1395410,1424163,2.02
June 30 2018,Pend Oreille,WA,Passenger,5,5,10,9549,9559,0.1
May 31 2023,Escambia,FL,Passenger,0,1,1,139,140,0.71
September 30 2021,Washtenaw,MI,Passenger,0,1,1,31,32,3.12
July 31 2023,Carroll,MD,Passenger,0,1,1,18,19,5.26
March 31 2019,Thurston,WA,Truck,0,0,0,54931,54931,0
April 30 2019,Harris,TX,Passenger,0,1,1,283,284,0.35
February 28 2019,Penobscot,ME,Passenger,0,1,1,13,14,7.14
September 30 2019,Spokane,WA,Passenger,595,444,1039,313432,314471,0.33
March 31 2020,DeKalb,GA,Passenger,1,0,1,86,87,1.15
January 31 2019,Cumberland,NC,Passenger,1,2,3,536,539,0.56
March 31 2020,New Haven,CT,Passenger,0,2,2,40,42,4.76
October 31 2023,Beaufort,SC,Passenger,1,0,1,28,29,3.45
October 31 2023,Collin,TX,Passenger,4,0,4,44,48,8.33
June 30 2019,Harris,TX,Passenger,1,1,2,282,284,0.7
March 31 2024,Walla Walla,WA,Truck,10,0,10,13594,13604,0.07
May 31 2019,Pinal,AZ,Passenger,2,0,2,200,202,0.99
November 30 2022,Cumberland,PA,Passenger,1,0,1,43,44,2.27
March 31 2024,Kootenai,ID,Truck,1,0,1,20,21,4.76
February 28 2022,Jefferson,WA,Passenger,393,203,596,24657,25253,2.36
February 28 2023,Walla Walla,WA,Truck,3,0,3,13821,13824,0.02
April 30 2024,Douglas,WA,Passenger,277,91,368,28885,29253,1.26
January 31 2020,Salt Lake,UT,Passenger,1,0,1,204,205,0.49
July 31 2023,Maui,HI,Passenger,1,0,1,23,24,4.17
October 31 2019,District of Columbia,DC,Passenger,1,1,2,198,200,1
February 28 2021,Oldham,KY,Passenger,0,1,1,4,5,20
August 31 2020,Walla Walla,WA,Passenger,81,65,146,35872,36018,0.41
February 28 2023,San Bernardino,CA,Passenger,3,1,4,331,335,1.19
April 30 2018,Maui,HI,Passenger,1,0,1,61,62,1.61
November 30 2023,Walla Walla,WA,Truck,9,0,9,13696,13705,0.07
August 31 2018,San Francisco,CA,Passenger,1,1,2,124,126,1.59
November 30 2023,Charleston,SC,Passenger,1,2,3,49,52,5.77
November 30 2023,Bartow,GA,Passenger,0,1,1,3,4,25
April 30 2018,Kitsap,WA,Truck,1,0,1,52993,52994,0
January 31 2020,Yakima,WA,Truck,0,0,0,59626,59626,0
March 31 2021,Wahkiakum,WA,Truck,0,0,0,1786,1786,0
October 31 2020,Leavenworth,KS,Passenger,0,1,1,115,116,0.86
August 31 2023,Travis,TX,Passenger,1,1,2,93,95,2.11
August 31 2022,Essex,NJ,Passenger,2,0,2,11,13,15.38
March 31 2024,Stafford,VA,Passenger,3,0,3,71,74,4.05
August 31 2020,Middlesex,MA,Passenger,1,0,1,94,95,1.05
December 31 2021,Lake,FL,Passenger,1,0,1,25,26,3.85
September 30 2018,Los Angeles,CA,Passenger,5,5,10,1161,1171,0.85
April 30 2020,Stevens,WA,Truck,0,0,0,18607,18607,0
October 31 2020,Douglas,WA,Truck,0,0,0,12409,12409,0
August 31 2019,Goochland,VA,Passenger,1,1,2,268,270,0.74
January 31 2018,Virginia Beach,VA,Passenger,2,1,3,670,673,0.45
July 31 2020,Wahkiakum,WA,Passenger,6,6,12,3001,3013,0.4
June 30 2022,Kings,CA,Passenger,2,1,3,317,320,0.94
March 31 2024,Grays Harbor,WA,Truck,19,0,19,20675,20694,0.09
November 30 2023,Santa Cruz,CA,Passenger,1,0,1,21,22,4.55
December 31 2022,Denton,TX,Passenger,2,0,2,63,65,3.08
March 31 2023,Carroll,MD,Passenger,0,1,1,21,22,4.55
February 29 2024,Brevard,FL,Passenger,1,0,1,58,59,1.69
November 30 2020,Greene,MO,Passenger,0,1,1,35,36,2.78
April 30 2019,Vigo,IN,Passenger,1,0,1,5,6,16.67
September 30 2021,Sevier,AR,Passenger,0,1,1,0,1,100
January 31 2023,Alexandria,VA,Passenger,3,0,3,104,107,2.8
May 31 2021,Goochland,VA,Passenger,4,2,6,254,260,2.31
November 30 2018,Franklin,WA,Truck,0,0,0,18981,18981,0
April 30 2021,Allegheny,PA,Passenger,2,1,3,78,81,3.7
March 31 2018,Tarrant,TX,Passenger,1,0,1,221,222,0.45
May 31 2023,Portsmouth,VA,Passenger,0,1,1,62,63,1.59
July 31 2023,Norfolk,VA,Passenger,2,2,4,288,292,1.37
September 30 2023,Philadelphia,PA,Passenger,0,1,1,38,39,2.56
April 30 2018,Lewis,WA,Truck,0,0,0,25312,25312,0
February 28 2023,Kittitas,WA,Truck,6,0,6,14564,14570,0.04
July 31 2018,Brevard,FL,Passenger,0,1,1,94,95,1.05
May 31 2021,Contra Costa,CA,Passenger,3,3,6,261,267,2.25
December 31 2023,Newport,RI,Passenger,0,2,2,55,57,3.51
December 31 2023,Richmond,NY,Passenger,1,0,1,4,5,20
August 31 2019,Ada,ID,Passenger,0,2,2,319,321,0.62
April 30 2020,Bucks,PA,Passenger,1,0,1,24,25,4
January 31 2019,Norfolk,VA,Passenger,2,2,4,341,345,1.16
June 30 2019,Denver,CO,Passenger,1,0,1,137,138,0.72
November 30 2023,Skagit,WA,Truck,30,0,30,31713,31743,0.09
October 31 2023,Douglas,WA,Truck,8,0,8,13045,13053,0.06
June 30 2024,Virginia Beach,VA,Truck,1,0,1,95,96,1.04
January 31 2017,Ferry,WA,Truck,0,0,0,3581,3581,0
February 28 2021,Pacific,WA,Truck,0,0,0,7822,7822,0
December 31 2018,Kootenai,ID,Passenger,1,2,3,221,224,1.34
January 31 2023,Tom Green,TX,Passenger,0,1,1,19,20,5
August 31 2018,Montgomery,MD,Passenger,1,0,1,291,292,0.34
November 30 2021,Montgomery,MD,Passenger,3,2,5,222,227,2.2
June 30 2019,Franklin,WA,Truck,0,0,0,19265,19265,0
May 31 2024,Hudson,NJ,Passenger,2,0,2,15,17,11.76
September 30 2018,Salt Lake,UT,Passenger,1,0,1,226,227,0.44
October 31 2019,San Juan,WA,Passenger,236,76,312,14405,14717,2.12
July 31 2018,Washoe,NV,Passenger,1,0,1,123,124,0.81
April 30 2024,New London,CT,Passenger,2,4,6,151,157,3.82
July 31 2020,Mercer,NJ,Passenger,0,1,1,13,14,7.14
April 30 2023,DuPage,IL,Passenger,2,1,3,32,35,8.57
August 31 2023,Santa Clara,CA,Passenger,19,2,21,188,209,10.05
January 31 2023,Moore,NC,Passenger,0,1,1,106,107,0.93
May 31 2024,Kootenai,ID,Truck,1,0,1,19,20,5
June 30 2017,Clark,WA,Truck,0,0,0,77626,77626,0
May 31 2023,Spokane,WA,Passenger,2227,1059,3286,322003,325289,1.01
March 31 2018,Broward,FL,Passenger,0,1,1,135,136,0.74
October 31 2017,Travis,TX,Passenger,1,1,2,199,201,1
August 31 2019,Kern,CA,Passenger,0,1,1,224,225,0.44
September 30 2023,Ray,MO,Passenger,0,1,1,0,1,100
June 30 2024,Yuba,CA,Passenger,1,0,1,50,51,1.96
January 31 2021,Tulsa,OK,Passenger,1,1,2,50,52,3.85
July 31 2019,Lake,FL,Passenger,1,0,1,22,23,4.35
April 30 2020,Thurston,WA,Passenger,1139,729,1868,197316,199184,0.94
November 30 2021,Adams,WA,Truck,0,0,0,5420,5420,0
October 31 2021,Kings,NY,Passenger,1,0,1,75,76,1.32
December 31 2018,Clallam,WA,Truck,0,0,0,21641,21641,0
May 31 2019,Stevens,WA,Truck,0,0,0,18671,18671,0
December 31 2018,Douglas,WA,Truck,0,0,0,12157,12157,0
September 30 2020,Okanogan,WA,Passenger,44,36,80,25948,26028,0.31
December 31 2022,Norfolk,VA,Passenger,2,3,5,297,302,1.66
June 30 2024,Washtenaw,MI,Passenger,0,2,2,13,15,13.33
October 31 2020,Morris,NJ,Passenger,1,0,1,17,18,5.56
April 30 2020,Salt Lake,UT,Passenger,1,0,1,206,207,0.48
February 28 2019,Thurston,WA,Truck,0,0,0,54891,54891,0
November 30 2022,Grant,WA,Truck,4,0,4,27955,27959,0.01
December 31 2021,Rockingham,NH,Passenger,1,0,1,18,19,5.26
August 31 2023,Tooele,UT,Passenger,1,0,1,10,11,9.09
June 30 2019,Lewis,WA,Passenger,99,94,193,59106,59299,0.33
October 31 2018,Thurston,WA,Truck,0,0,0,54788,54788,0
October 31 2018,Skamania,WA,Truck,0,0,0,3985,3985,0
July 31 2020,Allegheny,PA,Passenger,2,0,2,85,87,2.3
March 31 2023,Orange,FL,Passenger,1,0,1,72,73,1.37
June 30 2022,Marion,IA,Passenger,1,0,1,0,1,100
January 31 2024,DeKalb,GA,Passenger,1,0,1,34,35,2.86
October 31 2019,Bucks,PA,Passenger,1,0,1,28,29,3.45
August 31 2022,Carroll,NH,Passenger,0,1,1,4,5,20
December 31 2021,Pierce,WA,Passenger,4232,2120,6352,554896,561248,1.13
February 28 2019,San Juan,WA,Passenger,193,69,262,14269,14531,1.8
December 31 2018,Collin,TX,Passenger,1,1,2,162,164,1.22
October 31 2023,Laramie,WY,Passenger,1,0,1,25,26,3.85
December 31 2021,Mercer,NJ,Passenger,0,1,1,12,13,7.69
January 31 2019,Jefferson,WA,Passenger,175,112,287,24844,25131,1.14
January 31 2020,Penobscot,ME,Passenger,0,1,1,14,15,6.67
March 31 2024,Anchorage,AK,Passenger,1,0,1,90,91,1.1
August 31 2023,Benton,WA,Passenger,1208,594,1802,135245,137047,1.31
March 31 2024,Ferry,WA,Passenger,27,4,31,4275,4306,0.72
October 31 2021,Garfield,WA,Truck,0,0,0,997,997,0
February 28 2019,Prince George's,MD,Passenger,1,1,2,187,189,1.06
January 31 2022,Yamhill,OR,Passenger,1,0,1,37,38,2.63
April 30 2022,Ray,MO,Passenger,0,1,1,1,2,50
July 31 2023,Klickitat,WA,Passenger,156,65,221,15120,15341,1.44
March 31 2018,Chelan,WA,Passenger,96,41,137,53338,53475,0.26
August 31 2023,Broward,FL,Passenger,1,0,1,58,59,1.69
October 31 2019,Charleston,SC,Passenger,1,0,1,116,117,0.85
January 31 2020,Pend Oreille,WA,Truck,0,0,0,5776,5776,0
February 28 2022,Fairfax,VA,Passenger,5,2,7,670,677,1.03
July 31 2024,Jefferson,WA,Passenger,752,309,1061,23464,24525,4.33
January 31 2017,Lewis,WA,Passenger,43,32,75,54958,55033,0.14
August 31 2017,Island,WA,Passenger,124,150,274,60550,60824,0.45
March 31 2017,Pend Oreille,WA,Passenger,1,4,5,9307,9312,0.05
May 31 2024,Kings,CA,Passenger,5,1,6,241,247,2.43
November 30 2017,Hamilton,IN,Passenger,1,0,1,54,55,1.82
February 28 2019,Manassas,VA,Passenger,0,1,1,9,10,10
October 31 2017,Skagit,WA,Passenger,152,126,278,88949,89227,0.31
December 31 2017,Grays Harbor,WA,Passenger,42,41,83,45817,45900,0.18
May 31 2018,Chelan,WA,Passenger,103,49,152,53490,53642,0.28
May 31 2022,Prince William,VA,Passenger,1,4,5,202,207,2.42
February 28 2023,Prince George's,MD,Passenger,3,1,4,131,135,2.96
October 31 2019,Carson City,NV,Passenger,1,0,1,11,12,8.33
May 31 2018,Prince George's,MD,Passenger,1,1,2,185,187,1.07
November 30 2021,Grays Harbor,WA,Passenger,191,155,346,49466,49812,0.69
June 30 2018,Walla Walla,WA,Passenger,34,43,77,35653,35730,0.22
June 30 2019,Flathead,MT,Passenger,1,0,1,67,68,1.47
July 31 2018,Williamson,TX,Passenger,0,1,1,169,170,0.59
April 30 2019,Carroll,NH,Passenger,0,1,1,2,3,33.33
December 31 2021,Champaign,IL,Passenger,1,0,1,9,10,10
March 31 2019,Carson City,NV,Passenger,1,0,1,14,15,6.67
January 31 2019,Grays Harbor,WA,Truck,0,0,0,20313,20313,0
December 31 2019,Lewis,WA,Truck,0,0,0,26086,26086,0
December 31 2023,Ferry,WA,Truck,0,0,0,3536,3536,0
August 31 2017,Utah,UT,Passenger,0,1,1,156,157,0.64
July 31 2018,Washtenaw,MI,Passenger,1,0,1,37,38,2.63
May 31 2024,Cache,UT,Passenger,1,0,1,7,8,12.5
April 30 2023,Whitman,WA,Passenger,138,72,210,21922,22132,0.95
February 28 2017,Canyon,ID,Passenger,0,1,1,113,114,0.88
November 30 2017,Garfield,WA,Truck,0,0,0,935,935,0
January 31 2017,Nantucket,MA,Passenger,1,0,1,3,4,25
April 30 2023,Skagit,WA,Truck,18,0,18,31938,31956,0.06
April 30 2018,Pend Oreille,WA,Truck,0,0,0,5656,5656,0
October 31 2023,Clallam,WA,Truck,23,0,23,21640,21663,0.11
April 30 2018,Pima,AZ,Passenger,1,1,2,442,444,0.45
November 30 2022,Beaufort,SC,Passenger,1,0,1,31,32,3.12
January 31 2020,Powhatan,VA,Passenger,1,0,1,1,2,50
March 31 2022,Pierce,WA,Passenger,4624,2227,6851,549180,556031,1.23
June 30 2024,Ferry,WA,Passenger,31,4,35,4187,4222,0.83
May 31 2021,San Bernardino,CA,Passenger,1,0,1,398,399,0.25
April 30 2019,St. Lucie,FL,Passenger,1,0,1,29,30,3.33
March 31 2022,Travis,TX,Passenger,2,0,2,134,136,1.47
December 31 2021,Placer,CA,Passenger,2,0,2,81,83,2.41
October 31 2023,Newport,RI,Passenger,0,2,2,58,60,3.33
December 31 2021,Marin,CA,Passenger,1,1,2,40,42,4.76
April 30 2022,New Haven,CT,Passenger,0,2,2,33,35,5.71
November 30 2021,Hamilton,OH,Passenger,1,0,1,40,41,2.44
March 31 2017,Mason,WA,Passenger,50,63,113,42923,43036,0.26
June 30 2022,Thurston,WA,Truck,7,0,7,55387,55394,0.01
February 28 2019,Alexandria,VA,Passenger,1,0,1,159,160,0.62
May 31 2021,Stevens,WA,Passenger,43,45,88,30530,30618,0.29
March 31 2021,Mason,WA,Truck,0,0,0,21154,21154,0
June 30 2017,Dallas,TX,Passenger,0,1,1,191,192,0.52
May 31 2021,Eagle,CO,Passenger,1,0,1,8,9,11.11
June 30 2021,Douglas,WA,Truck,0,0,0,12679,12679,0
August 31 2022,Calvert,MD,Passenger,0,2,2,82,84,2.38
May 31 2024,Harnett,NC,Passenger,4,1,5,113,118,4.24
April 30 2021,Broward,FL,Passenger,1,0,1,112,113,0.88
April 30 2017,Polk,FL,Passenger,1,0,1,70,71,1.41
June 30 2022,Anchorage,AK,Passenger,2,0,2,139,141,1.42
November 30 2019,Hillsborough,FL,Passenger,0,1,1,198,199,0.5
December 31 2020,RÃ­o Grande,PR,Passenger,1,0,1,1,2,50
May 31 2022,Benton,WA,Truck,2,0,2,43519,43521,0
June 30 2019,San Juan,WA,Passenger,212,72,284,14404,14688,1.93
October 31 2023,Garfield,OK,Passenger,1,0,1,15,16,6.25
May 31 2023,Stafford,VA,Passenger,3,1,4,83,87,4.6
May 31 2023,Nassau,NY,Passenger,2,0,2,29,31,6.45
March 31 2022,King,WA,Passenger,37907,10698,48605,1349681,1398286,3.48
January 31 2019,Kitsap,WA,Passenger,980,556,1536,179896,181432,0.85
June 30 2023,,,Passenger,5,1,6,278,284,2.11
March 31 2024,Pierce,WA,Truck,273,0,273,133502,133775,0.2
April 30 2021,Tulsa,OK,Passenger,1,0,1,50,51,1.96
March 31 2022,Spokane,WA,Passenger,1438,799,2237,325338,327575,0.68
November 30 2020,El Paso,CO,Passenger,3,1,4,715,719,0.56
March 31 2024,Skamania,WA,Truck,3,0,3,3808,3811,0.08
July 31 2023,Hawaii,HI,Passenger,1,0,1,31,32,3.12
November 30 2017,Kitsap,WA,Truck,1,0,1,52637,52638,0
August 31 2022,Lane,OR,Passenger,0,2,2,104,106,1.89
August 31 2017,Lumpkin,GA,Passenger,1,0,1,9,10,10
January 31 2020,Boone,MO,Passenger,0,1,1,11,12,8.33
November 30 2022,Yakima,WA,Passenger,411,218,629,166311,166940,0.38
December 31 2017,Island,WA,Passenger,155,166,321,61535,61856,0.52
June 30 2020,Grays Harbor,WA,Passenger,106,111,217,48128,48345,0.45
August 31 2020,Okanogan,WA,Truck,0,0,0,16537,16537,0
June 30 2020,Walla Walla,WA,Truck,0,0,0,13742,13742,0
May 31 2017,New London,CT,Passenger,1,0,1,244,245,0.41
April 30 2021,Fulton,GA,Passenger,0,2,2,89,91,2.2
July 31 2023,Thurston,WA,Passenger,3181,1252,4433,189881,194314,2.28
June 30 2024,Kings,CA,Passenger,4,1,5,238,243,2.06
November 30 2022,Marion,OR,Passenger,1,0,1,87,88,1.14
February 29 2020,Clallam,WA,Truck,1,0,1,21829,21830,0
January 31 2021,Philadelphia,PA,Passenger,1,0,1,63,64,1.56
April 30 2022,Yellowstone,MT,Passenger,0,1,1,27,28,3.57
February 28 2018,Jefferson,CO,Passenger,0,1,1,69,70,1.43
April 30 2024,Onslow,NC,Passenger,0,1,1,117,118,0.85
December 31 2018,Shasta,CA,Passenger,1,0,1,43,44,2.27
August 31 2023,Rockdale,GA,Passenger,1,0,1,5,6,16.67
July 31 2022,Rogers,OK,Passenger,1,0,1,7,8,12.5
September 30 2022,St. Lawrence,NY,Passenger,1,0,1,4,5,20
April 30 2017,Cowlitz,WA,Passenger,52,48,100,69316,69416,0.14
November 30 2020,Wahkiakum,WA,Passenger,6,6,12,3038,3050,0.39
January 31 2018,Columbia,WA,Passenger,2,1,3,2400,2403,0.12
February 28 2022,Ferry,WA,Truck,0,0,0,3565,3565,0
May 31 2023,Grant,WA,Truck,10,0,10,27995,28005,0.04
January 31 2023,Champaign,IL,Passenger,1,0,1,11,12,8.33
June 30 2021,Portsmouth,VA,Passenger,0,1,1,76,77,1.3
January 31 2022,Travis,TX,Passenger,2,0,2,144,146,1.37
November 30 2021,Nueces,TX,Passenger,1,0,1,69,70,1.43
December 31 2018,Dale,AL,Passenger,0,1,1,53,54,1.85
February 28 2022,Vigo,IN,Passenger,1,0,1,5,6,16.67
August 31 2018,Skamania,WA,Passenger,14,10,24,8665,8689,0.28
September 30 2020,Spokane,WA,Truck,1,0,1,99823,99824,0
November 30 2021,Maui,HI,Passenger,1,0,1,29,30,3.33
September 30 2018,Orange,FL,Passenger,2,1,3,167,170,1.76
June 30 2021,Harnett,NC,Passenger,1,1,2,183,185,1.08
August 31 2019,Tulsa,OK,Passenger,1,1,2,57,59,3.39
September 30 2018,King,WA,Passenger,14203,6077,20280,1373412,1393692,1.46
February 28 2019,Klickitat,WA,Passenger,30,32,62,15445,15507,0.4
August 31 2022,Clackamas,OR,Passenger,2,0,2,149,151,1.32
May 31 2024,Benton,WA,Passenger,1595,717,2312,135439,137751,1.68
April 30 2017,Pima,AZ,Passenger,0,2,2,463,465,0.43
April 30 2022,Williamsburg,VA,Passenger,0,1,1,6,7,14.29
November 30 2022,Gwinnett,GA,Passenger,1,0,1,58,59,1.69
April 30 2023,Collin,TX,Passenger,5,0,5,64,69,7.25
August 31 2023,Hennepin,MN,Passenger,1,0,1,38,39,2.56
August 31 2020,Camden,NJ,Passenger,0,1,1,23,24,4.17
October 31 2022,Cowlitz,WA,Passenger,382,184,566,70175,70741,0.8
December 31 2023,Fulton,GA,Passenger,1,1,2,56,58,3.45
July 31 2017,Howard,MD,Passenger,0,2,2,95,97,2.06
January 31 2023,Alameda,CA,Passenger,5,1,6,186,192,3.12
July 31 2023,Larimer,CO,Passenger,1,0,1,29,30,3.33
July 31 2022,Thurston,WA,Truck,8,0,8,55224,55232,0.01
December 31 2023,Pulaski,MO,Passenger,2,0,2,92,94,2.13
October 31 2019,Contra Costa,CA,Passenger,2,2,4,352,356,1.12
October 31 2022,Nassau,NY,Passenger,2,0,2,29,31,6.45
July 31 2023,Kitsap,WA,Passenger,3321,1318,4639,175458,180097,2.58
April 30 2018,Pierce,WA,Passenger,1154,1091,2245,529014,531259,0.42
April 30 2019,Santa Rosa,FL,Passenger,1,0,1,89,90,1.11
June 30 2017,St. Lucie,FL,Passenger,1,0,1,32,33,3.03
April 30 2022,San Luis Obispo,CA,Passenger,1,0,1,64,65,1.54
March 31 2018,San Juan,WA,Passenger,140,50,190,13931,14121,1.35
October 31 2020,Pima,AZ,Passenger,3,1,4,362,366,1.09
January 31 2024,Hamilton,OH,Passenger,1,0,1,27,28,3.57
December 31 2022,Owyhee,ID,Passenger,1,0,1,4,5,20
July 31 2020,Collier,FL,Passenger,1,0,1,22,23,4.35
January 31 2022,Wood,OH,Passenger,0,1,1,7,8,12.5
May 31 2021,Albemarle,VA,Passenger,1,0,1,21,22,4.55
November 30 2023,Okanogan,WA,Truck,8,0,8,16359,16367,0.05
March 31 2019,Orange,CA,Passenger,5,1,6,552,558,1.08
February 28 2021,Cumberland,NC,Passenger,1,2,3,455,458,0.66
December 31 2018,Travis,TX,Passenger,2,1,3,213,216,1.39
January 31 2017,Shelby,TN,Passenger,0,1,1,117,118,0.85
July 31 2023,Garfield,WA,Truck,0,0,0,978,978,0
July 31 2021,Kittitas,WA,Passenger,165,68,233,29972,30205,0.77
July 31 2019,Nueces,TX,Passenger,1,1,2,92,94,2.13
May 31 2019,Contra Costa,CA,Passenger,2,2,4,376,380,1.05
June 30 2023,Allen,IN,Passenger,1,0,1,13,14,7.14
September 30 2020,Owyhee,ID,Passenger,1,0,1,4,5,20
May 31 2018,Cowlitz,WA,Passenger,58,75,133,71511,71644,0.19
January 31 2023,Fairfax,VA,Passenger,8,2,10,629,639,1.56
September 30 2022,Middlesex,NJ,Passenger,1,0,1,22,23,4.35
January 31 2022,Ada,ID,Passenger,1,0,1,203,204,0.49
February 29 2020,Henrico,VA,Passenger,0,1,1,20,21,4.76
May 31 2023,Hanover,VA,Passenger,1,0,1,1,2,50
April 30 2024,Klickitat,WA,Passenger,203,83,286,15061,15347,1.86
January 31 2022,Collin,TX,Passenger,3,0,3,119,122,2.46
June 30 2023,St. Mary's,MD,Passenger,2,0,2,178,180,1.11
August 31 2019,Polk,FL,Passenger,1,0,1,78,79,1.27
January 31 2022,Maricopa,AZ,Passenger,12,5,17,1217,1234,1.38
September 30 2023,Marin,CA,Passenger,1,1,2,29,31,6.45
September 30 2022,Harrison,MS,Passenger,1,0,1,44,45,2.22
November 30 2022,Sacramento,CA,Truck,1,0,1,39,40,2.5
December 31 2020,Randolph,NC,Passenger,1,0,1,7,8,12.5
June 30 2022,Whatcom,WA,Passenger,1815,737,2552,148805,151357,1.69
September 30 2021,Santa Clara,CA,Passenger,9,2,11,274,285,3.86
June 30 2023,Otero,NM,Passenger,0,1,1,27,28,3.57
January 31 2024,Hardin,KY,Truck,1,0,1,19,20,5
July 31 2018,Honolulu,HI,Passenger,1,2,3,538,541,0.55
December 31 2023,Los Angeles,CA,Passenger,11,4,15,595,610,2.46
August 31 2020,Morris,NJ,Passenger,1,0,1,17,18,5.56
June 30 2023,Yolo,CA,Passenger,2,0,2,26,28,7.14
June 30 2022,Douglas,NE,Passenger,1,2,3,46,49,6.12
January 31 2023,Larimer,CO,Passenger,1,0,1,35,36,2.78
March 31 2023,Columbia,WA,Truck,0,0,0,1569,1569,0
February 29 2024,Collier,FL,Passenger,1,0,1,9,10,10
October 31 2017,Thurston,WA,Passenger,441,371,812,188792,189604,0.43
February 28 2021,,,Passenger,4,1,5,357,362,1.38
September 30 2017,Juneau,AK,Passenger,0,1,1,47,48,2.08
June 30 2021,Placer,CA,Passenger,2,0,2,84,86,2.33
July 31 2023,Yavapai,AZ,Passenger,0,1,1,22,23,4.35
April 30 2018,Monroe,IL,Passenger,1,0,1,4,5,20
September 30 2020,Grays Harbor,WA,Passenger,115,116,231,48461,48692,0.47
October 31 2017,Collin,TX,Passenger,0,1,1,153,154,0.65
July 31 2021,Walla Walla,WA,Truck,0,0,0,14050,14050,0
April 30 2024,Chesapeake,VA,Passenger,2,0,2,256,258,0.78
July 31 2018,Norfolk,VA,Passenger,2,2,4,330,334,1.2
April 30 2023,Tom Green,TX,Passenger,0,1,1,18,19,5.26
January 31 2017,Snohomish,WA,Passenger,1549,803,2352,514856,517208,0.45
January 31 2023,Jefferson,WA,Passenger,496,237,733,24275,25008,2.93
March 31 2017,Kitsap,WA,Truck,1,0,1,52317,52318,0
October 31 2019,Chelan,WA,Truck,0,0,0,22492,22492,0
June 30 2020,Chelan,WA,Truck,0,0,0,22511,22511,0
November 30 2019,Klickitat,WA,Truck,0,0,0,8302,8302,0
March 31 2021,El Paso,TX,Passenger,3,0,3,397,400,0.75
May 31 2023,Rockingham,NH,Passenger,1,0,1,13,14,7.14
September 30 2023,Clark,WA,Passenger,6552,2499,9051,313648,322699,2.8
February 29 2020,King,WA,Truck,6,1,7,182560,182567,0
June 30 2024,Franklin,WA,Truck,15,0,15,20455,20470,0.07
January 31 2022,Queens,NY,Passenger,1,0,1,55,56,1.79
September 30 2018,Douglas,WA,Passenger,48,33,81,27845,27926,0.29
May 31 2019,,,Passenger,4,2,6,409,415,1.45
August 31 2023,Multnomah,OR,Passenger,2,1,3,432,435,0.69
January 31 2017,Asotin,WA,Truck,0,0,0,6483,6483,0
November 30 2017,Lee,AL,Passenger,1,0,1,35,36,2.78
November 30 2021,Garfield,WA,Truck,0,0,0,993,993,0
April 30 2018,Chelan,WA,Truck,0,0,0,21759,21759,0
July 31 2022,Clark,NV,Passenger,9,3,12,559,571,2.1
May 31 2019,Virginia Beach,VA,Passenger,1,1,2,705,707,0.28
August 31 2022,Lexington,SC,Passenger,1,0,1,23,24,4.17
December 31 2021,New York,NY,Passenger,2,0,2,44,46,4.35
November 30 2018,Montgomery,AL,Passenger,1,0,1,50,51,1.96
July 31 2023,Essex,NJ,Passenger,2,0,2,8,10,20
November 30 2018,San Juan,WA,Passenger,176,68,244,14206,14450,1.69
June 30 2017,Adams,WA,Passenger,2,3,5,12201,12206,0.04
May 31 2024,Columbia,WA,Passenger,9,0,9,2391,2400,0.38
July 31 2017,Pacific,WA,Truck,0,0,0,7491,7491,0
September 30 2022,Washington,MD,Passenger,2,0,2,15,17,11.76
April 30 2021,Clallam,WA,Truck,1,0,1,21978,21979,0
November 30 2022,Muscogee,GA,Passenger,1,2,3,120,123,2.44
November 30 2021,Escambia,FL,Passenger,0,1,1,146,147,0.68
January 31 2021,Lake,FL,Passenger,1,0,1,24,25,4
March 31 2024,St. Louis,MO,Passenger,1,0,1,46,47,2.13
April 30 2020,King,WA,Truck,5,1,6,181466,181472,0
October 31 2019,Pend Oreille,WA,Passenger,7,6,13,9488,9501,0.14
December 31 2017,Maui,HI,Passenger,1,0,1,68,69,1.45
February 28 2022,Allen,IN,Passenger,1,0,1,20,21,4.76
April 30 2023,Chesterfield,VA,Passenger,1,0,1,37,38,2.63
May 31 2024,Meade,KY,Passenger,1,0,1,17,18,5.56
September 30 2022,Snohomish,WA,Passenger,9061,2621,11682,530472,542154,2.15
June 30 2017,Lincoln,WA,Truck,0,0,0,4429,4429,0
September 30 2020,Denver,CO,Passenger,1,0,1,119,120,0.83
February 28 2023,Montgomery,MD,Passenger,4,3,7,202,209,3.35
January 31 2018,,,Passenger,3,1,4,438,442,0.9
October 31 2022,Autauga,AL,Passenger,2,0,2,14,16,12.5
February 28 2021,Fort Bend,TX,Passenger,1,0,1,40,41,2.44
January 31 2019,Boulder,CO,Passenger,1,0,1,54,55,1.82
August 31 2023,Yakima,WA,Passenger,555,272,827,166164,166991,0.5
March 31 2019,Maricopa,AZ,Passenger,5,4,9,1632,1641,0.55
July 31 2021,Los Angeles,CA,Passenger,9,11,20,944,964,2.07
February 28 2017,Monterey,CA,Passenger,0,1,1,229,230,0.43
March 31 2023,San Bernardino,CA,Passenger,3,1,4,326,330,1.21
September 30 2022,Howard,MD,Passenger,0,2,2,66,68,2.94
October 31 2021,Charleston,SC,Passenger,2,1,3,87,90,3.33
May 31 2023,Berkeley,SC,Passenger,0,1,1,107,108,0.93
August 31 2020,Pima,AZ,Passenger,3,1,4,363,367,1.09
January 31 2024,Thurston,WA,Truck,96,0,96,53447,53543,0.18
October 31 2023,Prince William,VA,Passenger,1,4,5,157,162,3.09
March 31 2023,Camden,NJ,Passenger,0,1,1,13,14,7.14
February 28 2019,Shasta,CA,Passenger,1,0,1,46,47,2.13
January 31 2024,Okanogan,WA,Passenger,172,78,250,26114,26364,0.95
November 30 2018,Nassau,NY,Passenger,3,0,3,39,42,7.14
January 31 2024,Sacramento,CA,Truck,1,0,1,28,29,3.45
February 28 2023,Island,WA,Passenger,972,410,1382,61136,62518,2.21
March 31 2020,Goochland,VA,Passenger,2,1,3,276,279,1.08
January 31 2023,Sedgwick,KS,Passenger,0,1,1,69,70,1.43
October 31 2021,Douglas,CO,Passenger,0,1,1,88,89,1.12
April 30 2019,Montgomery,AL,Passenger,1,1,2,47,49,4.08
January 31 2018,King,WA,Truck,8,1,9,184754,184763,0
August 31 2021,Goochland,VA,Passenger,4,2,6,240,246,2.44
June 30 2023,Wichita,TX,Passenger,1,0,1,34,35,2.86
November 30 2020,Nueces,TX,Passenger,1,0,1,86,87,1.15
January 31 2020,Shasta,CA,Passenger,1,0,1,37,38,2.63
February 28 2023,Pinal,AZ,Passenger,0,1,1,108,109,0.92
September 30 2023,Skagit,WA,Passenger,1237,448,1685,88702,90387,1.86
February 29 2020,Whatcom,WA,Passenger,1043,486,1529,151530,153059,1
April 30 2017,Hawaii,HI,Passenger,1,0,1,88,89,1.12
October 31 2020,Bucks,PA,Passenger,1,0,1,23,24,4.17
December 31 2022,Columbia,OR,Passenger,1,0,1,13,14,7.14
April 30 2020,Saginaw,MI,Passenger,1,0,1,11,12,8.33
April 30 2023,Plaquemines,LA,Passenger,1,1,2,18,20,10
December 31 2022,Autauga,AL,Passenger,2,0,2,13,15,13.33
September 30 2017,Essex,NJ,Passenger,1,0,1,15,16,6.25
December 31 2018,Garfield,WA,Passenger,1,1,2,1328,1330,0.15
May 31 2019,Franklin,WA,Truck,0,0,0,19244,19244,0
June 30 2019,San Joaquin,CA,Passenger,1,0,1,135,136,0.74
April 30 2022,Flathead,MT,Passenger,1,0,1,42,43,2.33
June 30 2024,Charlottesville,VA,Passenger,0,1,1,1,2,50
July 31 2019,Adams,WA,Passenger,5,6,11,12827,12838,0.09
March 31 2019,Whitman,WA,Truck,0,0,0,8504,8504,0
December 31 2018,Camden,NJ,Passenger,0,1,1,28,29,3.45
January 31 2021,Saginaw,MI,Passenger,2,0,2,10,12,16.67
July 31 2018,Essex,NJ,Passenger,1,0,1,13,14,7.14
March 31 2022,Fairfax,VA,Passenger,5,2,7,660,667,1.05
August 31 2023,Essex,MA,Passenger,1,0,1,10,11,9.09
February 28 2021,Lewis,WA,Passenger,127,134,261,58837,59098,0.44
October 31 2021,Maricopa,AZ,Passenger,12,5,17,1264,1281,1.33
November 30 2020,Collier,FL,Passenger,1,0,1,21,22,4.55
June 30 2023,Salt Lake,UT,Passenger,3,1,4,123,127,3.15
June 30 2021,Santa Cruz,CA,Passenger,1,0,1,26,27,3.7
October 31 2023,Atlantic,NJ,Passenger,1,0,1,10,11,9.09
February 28 2017,Thurston,WA,Truck,0,0,0,53323,53323,0
May 31 2021,Mason,WA,Truck,0,0,0,21325,21325,0
June 30 2019,Yakima,WA,Passenger,105,104,209,165108,165317,0.13
September 30 2021,Kitsap,WA,Passenger,1994,906,2900,180496,183396,1.58
March 31 2018,Clay,FL,Passenger,0,1,1,102,103,0.97
November 30 2019,Washoe,NV,Passenger,1,0,1,116,117,0.85
September 30 2022,Boulder,CO,Passenger,2,0,2,47,49,4.08
December 31 2017,Allegheny,PA,Passenger,1,0,1,88,89,1.12
September 30 2019,Camden,NJ,Passenger,0,1,1,24,25,4
September 30 2023,Clallam,WA,Passenger,614,300,914,48980,49894,1.83
November 30 2022,Brown,WI,Passenger,1,0,1,8,9,11.11
July 31 2020,Lake,FL,Passenger,1,0,1,25,26,3.85
December 31 2021,Ray,MO,Passenger,0,1,1,1,2,50
July 31 2022,Richland,SC,Passenger,0,1,1,138,139,0.72
September 30 2018,Riverside,CA,Passenger,2,2,4,704,708,0.56
December 31 2018,Montgomery,MD,Passenger,1,0,1,281,282,0.35
May 31 2019,Prince William,VA,Passenger,1,5,6,248,254,2.36
July 31 2024,Middlesex,NJ,Passenger,1,0,1,18,19,5.26
November 30 2018,Oldham,KY,Passenger,0,1,1,5,6,16.67
October 31 2021,Botetourt,VA,Passenger,1,0,1,1,2,50
December 31 2023,Mason,WA,Passenger,552,228,780,46214,46994,1.66
August 31 2019,Oklahoma,OK,Passenger,0,1,1,133,134,0.75
July 31 2019,Flathead,MT,Passenger,1,0,1,68,69,1.45
May 31 2018,Kootenai,ID,Passenger,0,1,1,224,225,0.44
November 30 2022,Kern,CA,Passenger,1,1,2,205,207,0.97
November 30 2018,Caddo,LA,Passenger,0,1,1,26,27,3.7
June 30 2024,Shelby,AL,Passenger,2,0,2,3,5,40
December 31 2021,Sumter,SC,Passenger,0,1,1,33,34,2.94
July 31 2023,Grays Harbor,WA,Truck,9,0,9,20931,20940,0.04
November 30 2023,Douglas,WA,Truck,8,0,8,13053,13061,0.06
November 30 2022,Pacific,WA,Truck,1,0,1,7837,7838,0.01
June 30 2024,El Paso,CO,Truck,1,0,1,113,114,0.88
November 30 2023,Richland,SC,Passenger,0,1,1,102,103,0.97
December 31 2021,Suffolk,MA,Passenger,0,2,2,28,30,6.67
May 31 2019,Suffolk,MA,Passenger,0,1,1,42,43,2.33
July 31 2022,Yavapai,AZ,Passenger,0,1,1,30,31,3.23
September 30 2018,Mercer,NJ,Passenger,0,1,1,17,18,5.56
March 31 2018,Franklin,WA,Truck,0,0,0,18613,18613,0
March 31 2022,Wahkiakum,WA,Truck,0,0,0,1813,1813,0
July 31 2018,Fairfax,VA,Passenger,3,1,4,833,837,0.48
September 30 2021,Pinellas,FL,Passenger,0,1,1,99,100,1
September 30 2023,Onslow,NC,Passenger,0,1,1,137,138,0.72
October 31 2017,Lewis,WA,Passenger,53,41,94,56276,56370,0.17
July 31 2017,Pend Oreille,WA,Passenger,3,4,7,9322,9329,0.08
October 31 2019,Norfolk,VA,Passenger,2,2,4,343,347,1.15
May 31 2024,Montgomery,MD,Passenger,5,1,6,173,179,3.35
June 30 2022,Goochland,VA,Passenger,3,3,6,152,158,3.8
September 30 2020,Queens,NY,Passenger,1,0,1,54,55,1.82
June 30 2022,Middlesex,NJ,Passenger,1,0,1,23,24,4.17
June 30 2017,Skamania,WA,Passenger,9,7,16,8563,8579,0.19
February 28 2018,Pacific,WA,Truck,0,0,0,7556,7556,0
January 31 2023,New York,NY,Passenger,2,0,2,39,41,4.88
May 31 2022,Williams,ND,Passenger,0,1,1,7,8,12.5
February 28 2019,Grays Harbor,WA,Passenger,66,79,145,47444,47589,0.3
February 28 2017,San Juan,WA,Truck,0,0,0,5572,5572,0
May 31 2017,Clark,WA,Passenger,770,489,1259,298758,300017,0.42
June 30 2023,Clark,NV,Passenger,9,3,12,446,458,2.62
November 30 2022,Collier,FL,Passenger,1,0,1,15,16,6.25
May 31 2021,Penobscot,ME,Passenger,0,1,1,9,10,10
May 31 2021,Hudson,NJ,Passenger,1,0,1,42,43,2.33
August 31 2019,Ferry,WA,Passenger,5,2,7,4418,4425,0.16
March 31 2023,Onslow,NC,Passenger,0,1,1,151,152,0.66
August 31 2018,Garfield,OK,Passenger,1,0,1,18,19,5.26
May 31 2022,Botetourt,VA,Passenger,1,0,1,1,2,50
November 30 2020,Cumberland,NC,Passenger,1,3,4,458,462,0.87
January 31 2019,Tarrant,TX,Passenger,2,0,2,207,209,0.96
May 31 2021,Hawaii,HI,Passenger,1,0,1,52,53,1.89
May 31 2024,Palm Beach,FL,Passenger,1,0,1,37,38,2.63
July 31 2020,Thurston,WA,Passenger,1173,743,1916,196966,198882,0.96
February 29 2024,Clallam,WA,Passenger,699,329,1028,48713,49741,2.07
October 31 2020,Asotin,WA,Passenger,17,14,31,12388,12419,0.25
August 31 2021,Pinellas,FL,Passenger,0,1,1,99,100,1
December 31 2021,Collier,FL,Passenger,1,0,1,19,20,5
July 31 2024,Shelby,AL,Passenger,1,0,1,3,4,25
January 31 2024,Currituck,NC,Passenger,1,0,1,18,19,5.26
April 30 2018,Eagle,CO,Passenger,1,0,1,6,7,14.29
April 30 2020,Garfield,WA,Passenger,0,1,1,1339,1340,0.07
March 31 2017,Dallas,TX,Passenger,1,1,2,210,212,0.94
May 31 2022,Anne Arundel,MD,Passenger,3,3,6,352,358,1.68
July 31 2017,Manassas,VA,Passenger,0,1,1,9,10,10
June 30 2023,New London,CT,Passenger,2,3,5,173,178,2.81
January 31 2024,Jefferson,NY,Passenger,2,0,2,175,177,1.13
September 30 2019,Jefferson,WA,Passenger,207,126,333,25118,25451,1.31
January 31 2023,Wahkiakum,WA,Passenger,25,15,40,3047,3087,1.3
May 31 2023,Lane,OR,Passenger,0,2,2,83,85,2.35
May 31 2017,Garfield,WA,Truck,0,0,0,931,931,0
July 31 2017,Marin,CA,Passenger,1,0,1,58,59,1.69
September 30 2019,Lee,FL,Passenger,1,0,1,50,51,1.96
May 31 2024,Essex,MA,Passenger,1,0,1,9,10,10
July 31 2018,Okanogan,WA,Passenger,9,20,29,26013,26042,0.11
May 31 2018,Honolulu,HI,Passenger,2,2,4,543,547,0.73
May 31 2018,Maricopa,AZ,Passenger,1,2,3,1646,1649,0.18
March 31 2023,San Joaquin,CA,Passenger,0,1,1,84,85,1.18
June 30 2022,Collier,FL,Passenger,1,0,1,15,16,6.25
November 30 2018,Tulsa,OK,Passenger,1,1,2,54,56,3.57
October 31 2021,Lake,FL,Passenger,1,0,1,25,26,3.85
December 31 2021,Vigo,IN,Passenger,1,0,1,5,6,16.67
March 31 2020,Benton,WA,Passenger,343,319,662,135113,135775,0.49
January 31 2018,Brevard,FL,Passenger,0,1,1,104,105,0.95
March 31 2021,Pinellas,FL,Passenger,1,1,2,105,107,1.87
May 31 2019,Lewis,WA,Truck,0,0,0,25913,25913,0
November 30 2023,St. Mary's,MD,Passenger,2,0,2,177,179,1.12
August 31 2020,Shasta,CA,Passenger,1,0,1,36,37,2.7
December 31 2018,Ada,ID,Passenger,0,2,2,325,327,0.61
June 30 2020,Bucks,PA,Passenger,1,0,1,23,24,4.17
October 31 2020,Newport,RI,Passenger,0,1,1,82,83,1.2
November 30 2023,Clallam,WA,Passenger,653,309,962,48994,49956,1.93
November 30 2017,Walla Walla,WA,Passenger,29,31,60,35229,35289,0.17
March 31 2020,Washington,OR,Passenger,1,0,1,477,478,0.21
November 30 2021,Jefferson,NY,Passenger,1,0,1,214,215,0.47
May 31 2018,Ferry,WA,Truck,0,0,0,3502,3502,0
April 30 2018,Lee,AL,Passenger,1,0,1,32,33,3.03
March 31 2020,Wahkiakum,WA,Passenger,6,5,11,3006,3017,0.36
June 30 2023,Rock Island,IL,Passenger,0,1,1,12,13,7.69
July 31 2024,Cumberland,NC,Passenger,3,2,5,262,267,1.87
May 31 2024,Salt Lake,UT,Passenger,5,1,6,82,88,6.82
April 30 2024,Alexandria,VA,Passenger,3,0,3,83,86,3.49
October 31 2018,Pinal,AZ,Passenger,2,0,2,211,213,0.94
December 31 2022,Williamson,TX,Passenger,0,2,2,76,78,2.56
November 30 2019,Santa Cruz,CA,Passenger,1,0,1,38,39,2.56
November 30 2022,Harford,MD,Passenger,1,1,2,40,42,4.76
November 30 2018,Lincoln,WA,Truck,0,0,0,4629,4629,0
October 31 2023,Mobile,AL,Passenger,1,0,1,27,28,3.57
November 30 2017,Frederick,MD,Passenger,0,1,1,86,87,1.15
April 30 2018,Utah,UT,Passenger,0,1,1,147,148,0.68
July 31 2022,Pierce,WA,Passenger,5236,2331,7567,542723,550290,1.38
June 30 2024,Wahkiakum,WA,Truck,5,0,5,1723,1728,0.29
November 30 2021,San Francisco,CA,Passenger,1,1,2,103,105,1.9
October 31 2022,Washtenaw,MI,Passenger,0,1,1,27,28,3.57
September 30 2018,Arlington,VA,Passenger,1,1,2,174,176,1.14
March 31 2023,DuPage,IL,Passenger,2,1,3,36,39,7.69
December 31 2020,Juneau,AK,Passenger,0,1,1,28,29,3.45
March 31 2022,Carroll,MD,Passenger,0,1,1,17,18,5.56
December 31 2022,Fredericksburg,VA,Passenger,1,0,1,6,7,14.29
November 30 2017,Los Angeles,CA,Passenger,4,2,6,1248,1254,0.48
October 31 2020,Washtenaw,MI,Passenger,1,1,2,32,34,5.88
June 30 2018,Mercer,NJ,Passenger,0,1,1,18,19,5.26
May 31 2018,Monroe,IL,Passenger,1,0,1,4,5,20
June 30 2021,Richmond,NY,Passenger,1,0,1,7,8,12.5
April 30 2018,Kittitas,WA,Passenger,41,32,73,28766,28839,0.25
September 30 2017,Whatcom,WA,Passenger,497,190,687,143815,144502,0.48
December 31 2019,Nueces,TX,Passenger,1,1,2,86,88,2.27
April 30 2019,Thurston,WA,Truck,0,0,0,55006,55006,0
October 31 2018,Garfield,WA,Truck,0,0,0,959,959,0
September 30 2023,Dallas,TX,Passenger,1,0,1,81,82,1.22
December 31 2017,Lincoln,WA,Truck,0,0,0,4493,4493,0
November 30 2022,Placer,CA,Passenger,2,0,2,72,74,2.7
September 30 2022,Loudoun,VA,Passenger,2,1,3,66,69,4.35
July 31 2020,Ferry,WA,Truck,0,0,0,3569,3569,0
June 30 2021,Stevens,WA,Truck,0,0,0,18939,18939,0
March 31 2020,Mason,WA,Passenger,153,133,286,47496,47782,0.6
February 28 2021,Whatcom,WA,Passenger,1277,572,1849,149931,151780,1.22
February 28 2018,Flathead,MT,Passenger,1,0,1,59,60,1.67
October 31 2023,Stevens,WA,Truck,2,0,2,18698,18700,0.01
May 31 2022,Sarpy,NE,Passenger,1,0,1,65,66,1.52
July 31 2019,Pierce,WA,Passenger,1876,1569,3445,544081,547526,0.63
October 31 2019,Kern,CA,Passenger,0,1,1,224,225,0.44
April 30 2017,Cascade,MT,Passenger,0,1,1,64,65,1.54
July 31 2018,St. Mary's,MD,Passenger,1,0,1,211,212,0.47
April 30 2023,San Francisco,CA,Passenger,1,0,1,73,74,1.35
January 31 2019,Benton,WA,Truck,0,0,0,41611,41611,0
May 31 2021,Thurston,WA,Truck,0,0,0,56571,56571,0
August 31 2023,Island,WA,Passenger,1152,447,1599,60939,62538,2.56
September 30 2023,Ada,ID,Passenger,2,0,2,116,118,1.69
February 28 2023,Randolph,NC,Passenger,1,0,1,3,4,25
October 31 2019,Vigo,IN,Passenger,1,0,1,6,7,14.29
April 30 2024,Yakima,WA,Passenger,735,325,1060,166171,167231,0.63
August 31 2019,Whitman,WA,Passenger,34,44,78,22700,22778,0.34
February 28 2019,Kittitas,WA,Truck,0,0,0,14266,14266,0
March 31 2020,Tarrant,TX,Passenger,2,0,2,189,191,1.05
October 31 2023,Adams,WA,Truck,3,0,3,5351,5354,0.06
August 31 2023,Polk,OR,Passenger,1,1,2,18,20,10
May 31 2022,Hamilton,IN,Passenger,1,0,1,29,30,3.33
February 29 2020,Skamania,WA,Passenger,28,18,46,8762,8808,0.52
October 31 2018,Howard,MD,Passenger,0,1,1,93,94,1.06
April 30 2019,Cook,IL,Passenger,1,0,1,248,249,0.4
November 30 2021,Richland,SC,Passenger,0,2,2,139,141,1.42
November 30 2020,Douglas,WA,Truck,0,0,0,12443,12443,0
January 31 2019,Hardin,KY,Passenger,0,1,1,100,101,0.99
September 30 2021,Boone,MO,Passenger,0,1,1,10,11,9.09
November 30 2017,Grays Harbor,WA,Truck,0,0,0,20015,20015,0
May 31 2019,El Paso,TX,Passenger,3,0,3,472,475,0.63
March 31 2023,Salt Lake,UT,Passenger,3,1,4,131,135,2.96
October 31 2021,Yavapai,AZ,Passenger,0,1,1,42,43,2.33
March 31 2024,Denton,TX,Passenger,1,0,1,37,38,2.63
November 30 2019,Harrison,MS,Passenger,1,0,1,62,63,1.59
November 30 2023,Garfield,OK,Passenger,1,0,1,15,16,6.25
November 30 2023,Collin,TX,Passenger,4,0,4,41,45,8.89
September 30 2018,Mason,WA,Truck,0,0,0,20082,20082,0
February 28 2019,Douglas,WA,Passenger,52,35,87,27932,28019,0.31
June 30 2018,Skamania,WA,Passenger,11,9,20,8656,8676,0.23
May 31 2021,Tarrant,TX,Passenger,2,0,2,161,163,1.23
April 30 2022,Montgomery,MD,Passenger,4,2,6,212,218,2.75
January 31 2019,Marion,OR,Passenger,1,0,1,122,123,0.81
December 31 2023,Yuba,CA,Passenger,1,0,1,49,50,2
October 31 2021,Sarasota,FL,Passenger,2,0,2,41,43,4.65
September 30 2017,Garfield,WA,Passenger,1,0,1,1295,1296,0.08
September 30 2023,Leavenworth,KS,Passenger,0,1,1,80,81,1.23
May 31 2024,Houston,GA,Passenger,1,0,1,31,32,3.12
May 31 2024,King,WA,Passenger,77811,18880,96691,1299278,1395969,6.93
July 31 2021,Okanogan,WA,Passenger,64,43,107,26519,26626,0.4
June 30 2020,Collin,TX,Passenger,2,1,3,134,137,2.19
December 31 2021,Douglas,WA,Truck,0,0,0,12692,12692,0
June 30 2017,Tarrant,TX,Passenger,1,0,1,253,254,0.39
April 30 2020,Washtenaw,MI,Passenger,1,0,1,37,38,2.63
May 31 2023,York,VA,Passenger,1,0,1,75,76,1.32
March 31 2024,Portsmouth,VA,Passenger,0,2,2,55,57,3.51
April 30 2024,Rock Island,IL,Passenger,0,1,1,10,11,9.09
March 31 2020,Lake,CA,Passenger,0,1,1,10,11,9.09
March 31 2022,Stevens,WA,Passenger,61,50,111,30032,30143,0.37
January 31 2023,Charleston,SC,Passenger,2,2,4,61,65,6.15
September 30 2018,Broward,FL,Passenger,1,1,2,137,139,1.44
March 31 2017,St. Lucie,FL,Passenger,1,0,1,30,31,3.23
April 30 2020,Dakota,MN,Passenger,0,1,1,30,31,3.23
February 29 2020,Monroe,IL,Passenger,1,0,1,3,4,25
November 30 2020,Franklin,WA,Passenger,78,79,157,61138,61295,0.26
April 30 2023,Garfield,WA,Truck,0,0,0,978,978,0
August 31 2022,Maricopa,AZ,Passenger,15,3,18,1017,1035,1.74
June 30 2019,St. Clair,IL,Passenger,0,1,1,165,166,0.6
March 31 2023,Lincoln,OR,Passenger,0,1,1,19,20,5
January 31 2023,Chelan,WA,Passenger,554,146,700,54267,54967,1.27
February 28 2022,Pend Oreille,WA,Truck,0,0,0,5711,5711,0
October 31 2019,Salt Lake,UT,Passenger,1,0,1,210,211,0.47
April 30 2023,Solano,CA,Passenger,5,0,5,148,153,3.27
February 28 2021,Bartow,GA,Passenger,0,1,1,5,6,16.67
April 30 2017,Skagit,WA,Passenger,124,97,221,87594,87815,0.25
September 30 2020,Wahkiakum,WA,Truck,0,0,0,1758,1758,0
January 31 2020,Pinal,AZ,Passenger,1,0,1,201,202,0.5
August 31 2022,Howard,MD,Passenger,0,2,2,66,68,2.94
July 31 2022,Montgomery,AL,Passenger,1,1,2,38,40,5
July 31 2022,Mason,WA,Passenger,319,174,493,47056,47549,1.04
September 30 2021,Grays Harbor,WA,Passenger,183,150,333,49453,49786,0.67
April 30 2017,Stevens,WA,Truck,0,0,0,18283,18283,0
July 31 2024,Suffolk,VA,Passenger,1,0,1,78,79,1.27
February 28 2022,St. Clair,IL,Passenger,1,0,1,131,132,0.76
January 31 2021,Plaquemines,LA,Passenger,0,1,1,14,15,6.67
May 31 2021,Sevier,AR,Passenger,0,1,1,0,1,100
November 30 2019,Santa Clara,CA,Passenger,7,2,9,375,384,2.34
November 30 2018,St. Mary's,MD,Passenger,1,0,1,212,213,0.47
May 31 2018,Eagle,CO,Passenger,1,0,1,6,7,14.29
November 30 2020,Boone,MO,Passenger,0,1,1,10,11,9.09
August 31 2018,Pima,AZ,Passenger,1,1,2,443,445,0.45
April 30 2022,Los Angeles,CA,Passenger,6,7,13,871,884,1.47
May 31 2019,Bexar,TX,Passenger,2,5,7,684,691,1.01
April 30 2020,Albemarle,VA,Passenger,1,0,1,22,23,4.35
March 31 2019,Whitman,WA,Passenger,27,41,68,22705,22773,0.3
October 31 2018,Montgomery,TX,Passenger,2,0,2,65,67,2.99
June 30 2017,Gwinnett,GA,Passenger,0,1,1,87,88,1.14
May 31 2019,Fresno,CA,Passenger,1,0,1,198,199,0.5
April 30 2023,Santa Cruz,CA,Passenger,1,0,1,20,21,4.76
May 31 2023,King,WA,Passenger,55608,14201,69809,1321638,1391447,5.02
April 30 2017,Snohomish,WA,Passenger,1709,860,2569,512674,515243,0.5
November 30 2021,Clallam,WA,Passenger,372,238,610,50485,51095,1.19
July 31 2019,Grays Harbor,WA,Passenger,82,85,167,47983,48150,0.35
July 31 2019,Ferry,WA,Passenger,5,2,7,4403,4410,0.16
November 30 2021,Sacramento,CA,Passenger,2,1,3,253,256,1.17
May 31 2019,Pierce,WA,Truck,0,0,0,139594,139594,0
June 30 2020,Nassau,NY,Passenger,4,0,4,36,40,10
December 31 2023,Thurston,WA,Passenger,3791,1401,5192,189564,194756,2.67
January 31 2018,New London,CT,Passenger,1,0,1,244,245,0.41
February 29 2024,Ventura,CA,Passenger,3,3,6,206,212,2.83
December 31 2022,Tarrant,TX,Passenger,2,0,2,107,109,1.83
December 31 2018,St. Mary's,MD,Passenger,1,0,1,208,209,0.48
May 31 2024,Stevens,WA,Truck,6,0,6,18580,18586,0.03
May 31 2022,Skamania,WA,Truck,0,0,0,3965,3965,0
January 31 2021,Monterey,CA,Passenger,0,2,2,164,166,1.2
September 30 2022,Adams,CO,Passenger,1,0,1,39,40,2.5
June 30 2020,Albemarle,VA,Passenger,1,0,1,22,23,4.35
February 28 2022,Champaign,IL,Passenger,1,0,1,12,13,7.69
July 31 2024,St. Lawrence,NY,Passenger,1,0,1,2,3,33.33
March 31 2017,King,WA,Truck,8,1,9,189725,189734,0
April 30 2021,Chelan,WA,Passenger,314,93,407,54662,55069,0.74
October 31 2022,Wahkiakum,WA,Passenger,24,12,36,3062,3098,1.16
November 30 2017,Richland,SC,Passenger,0,1,1,181,182,0.55
November 30 2022,Oldham,KY,Passenger,0,1,1,4,5,20
January 31 2024,Kern,CA,Passenger,1,1,2,154,156,1.28
April 30 2020,Nassau,NY,Passenger,4,0,4,40,44,9.09
July 31 2019,Maui,HI,Passenger,2,0,2,48,50,4
September 30 2023,Loudoun,VA,Passenger,2,1,3,60,63,4.76
August 31 2020,Pierce,WA,Truck,0,0,0,143313,143313,0
June 30 2017,Albemarle,VA,Passenger,0,1,1,32,33,3.03
September 30 2023,Montgomery,AL,Passenger,1,1,2,34,36,5.56
April 30 2023,Cass,MN,Passenger,0,1,1,2,3,33.33
January 31 2022,Island,WA,Passenger,733,343,1076,62362,63438,1.7
July 31 2024,Kauai,HI,Passenger,0,1,1,13,14,7.14
June 30 2022,Carson City,NV,Passenger,1,0,1,10,11,9.09
September 30 2018,King,WA,Truck,7,1,8,182821,182829,0
August 31 2020,Tarrant,TX,Passenger,1,0,1,180,181,0.55
April 30 2019,Arlington,VA,Passenger,1,2,3,165,168,1.79
April 30 2017,Collin,TX,Passenger,0,1,1,149,150,0.67
March 31 2024,Mobile,AL,Passenger,1,0,1,23,24,4.17
August 31 2023,Clallam,WA,Passenger,600,298,898,48991,49889,1.8
November 30 2022,Chelan,WA,Truck,11,0,11,23109,23120,0.05
October 31 2018,District of Columbia,DC,Passenger,0,3,3,189,192,1.56
July 31 2017,Canyon,ID,Passenger,0,1,1,102,103,0.97
March 31 2021,Prince George's,MD,Passenger,2,1,3,150,153,1.96
April 30 2019,Lincoln,WA,Passenger,3,6,9,7753,7762,0.12
July 31 2021,Orange,CA,Passenger,6,3,9,439,448,2.01
January 31 2018,Ventura,CA,Passenger,0,1,1,340,341,0.29
November 30 2020,Sacramento,CA,Passenger,2,1,3,267,270,1.11
May 31 2023,Washington,OR,Passenger,1,0,1,258,259,0.39
June 30 2022,Marion,OR,Passenger,1,0,1,105,106,0.94
March 31 2022,Lexington,SC,Passenger,1,0,1,24,25,4
July 31 2023,Pacific,WA,Passenger,76,93,169,15598,15767,1.07
November 30 2022,Virginia Beach,VA,Passenger,2,1,3,496,499,0.6
March 31 2020,Lake,IL,Passenger,1,0,1,178,179,0.56
September 30 2020,Polk,FL,Passenger,1,0,1,74,75,1.33
March 31 2024,Rockdale,GA,Passenger,1,0,1,4,5,20
July 31 2021,Danville,VA,Passenger,1,0,1,0,1,100
May 31 2017,Pend Oreille,WA,Passenger,2,4,6,9313,9319,0.06
January 31 2024,Norfolk,VA,Passenger,0,1,1,257,258,0.39
May 31 2023,St. Mary's,MD,Passenger,2,0,2,181,183,1.09
June 30 2018,Washington,OR,Passenger,0,1,1,492,493,0.2
April 30 2024,Leavenworth,KS,Passenger,1,1,2,66,68,2.94
March 31 2021,Hennepin,MN,Passenger,2,0,2,85,87,2.3
February 28 2021,Monroe,IL,Passenger,1,0,1,2,3,33.33
December 31 2019,Lake,FL,Passenger,1,0,1,25,26,3.85
November 30 2023,Franklin,WA,Truck,9,0,9,20915,20924,0.04
January 31 2022,Clackamas,OR,Passenger,2,0,2,175,177,1.13
April 30 2019,Dale,AL,Passenger,0,1,1,52,53,1.89
February 29 2024,Douglas,CO,Passenger,0,2,2,47,49,4.08
June 30 2021,Anchorage,AK,Passenger,1,0,1,148,149,0.67
May 31 2024,Burlington,NJ,Passenger,0,1,1,69,70,1.43
July 31 2020,Williamson,TX,Passenger,0,2,2,148,150,1.33
February 28 2018,Missoula,MT,Passenger,1,0,1,67,68,1.47
April 30 2021,Manassas,VA,Passenger,0,1,1,6,7,14.29
November 30 2019,Whitman,WA,Passenger,41,46,87,22688,22775,0.38
May 31 2024,Goochland,VA,Passenger,1,0,1,29,30,3.33
April 30 2023,Prince George's,MD,Passenger,2,1,3,122,125,2.4
April 30 2023,Pulaski,AR,Passenger,3,0,3,24,27,11.11
May 31 2019,Alameda,CA,Passenger,2,2,4,321,325,1.23
January 31 2020,Nueces,TX,Passenger,1,0,1,85,86,1.16
February 28 2019,Allegheny,PA,Passenger,1,0,1,92,93,1.08
April 30 2017,Salt Lake,UT,Passenger,1,1,2,288,290,0.69
May 31 2017,Walla Walla,WA,Truck,0,0,0,13188,13188,0
June 30 2020,Hennepin,MN,Passenger,3,0,3,93,96,3.12
July 31 2022,Mohave,AZ,Passenger,1,0,1,48,49,2.04
November 30 2021,Clinton,PA,Passenger,1,0,1,0,1,100
July 31 2023,Pierce,WA,Truck,167,0,167,136562,136729,0.12
July 31 2020,Adams,WA,Truck,0,0,0,5281,5281,0
September 30 2017,Cowlitz,WA,Truck,0,0,0,28037,28037,0
January 31 2024,El Paso,TX,Passenger,4,1,5,267,272,1.84
September 30 2018,Santa Rosa,FL,Passenger,1,0,1,91,92,1.09
October 31 2018,Clallam,WA,Passenger,136,119,255,50305,50560,0.5
April 30 2021,Franklin,WA,Truck,0,0,0,20676,20676,0
July 31 2019,Benton,WA,Truck,0,0,0,42067,42067,0
February 29 2024,Adams,WA,Passenger,32,14,46,13107,13153,0.35
November 30 2018,Kitsap,WA,Truck,1,0,1,53647,53648,0
February 28 2021,Stevens,WA,Truck,0,0,0,18713,18713,0
October 31 2017,Prince William,VA,Passenger,0,4,4,266,270,1.48
March 31 2018,Sumter,FL,Passenger,0,1,1,11,12,8.33
January 31 2022,RÃ­o Grande,PR,Passenger,1,0,1,0,1,100
January 31 2019,Monroe,IL,Passenger,1,0,1,3,4,25
May 31 2017,Adams,WA,Passenger,2,3,5,12195,12200,0.04
December 31 2020,Fresno,CA,Passenger,1,0,1,194,195,0.51
December 31 2021,Fairbanks North Star,AK,Passenger,0,1,1,82,83,1.2
June 30 2024,Adams,WA,Truck,4,0,4,5303,5307,0.08
October 31 2022,Sevier,AR,Passenger,0,1,1,0,1,100
August 31 2022,Lewis,WA,Passenger,241,179,420,59630,60050,0.7
June 30 2022,Franklin,WA,Truck,0,0,0,20880,20880,0
August 31 2020,Fresno,CA,Passenger,1,0,1,196,197,0.51
March 31 2022,Deschutes,OR,Passenger,2,0,2,113,115,1.74
August 31 2023,St. Louis,MO,Passenger,1,0,1,51,52,1.92
August 31 2018,Cowlitz,WA,Passenger,62,81,143,71984,72127,0.2
February 28 2022,Calvert,MD,Passenger,0,2,2,85,87,2.3
March 31 2023,Flathead,MT,Passenger,1,0,1,32,33,3.03
November 30 2017,Fulton,GA,Passenger,1,0,1,110,111,0.9
June 30 2023,El Paso,TX,Passenger,4,1,5,295,300,1.67
June 30 2023,Lake,IL,Passenger,4,0,4,128,132,3.03
November 30 2021,Washtenaw,MI,Passenger,0,1,1,32,33,3.03
February 29 2024,Washtenaw,MI,Passenger,0,2,2,18,20,10
January 31 2020,Juneau,AK,Passenger,0,2,2,32,34,5.88
June 30 2021,King,WA,Truck,6,1,7,184546,184553,0
September 30 2022,Spokane,WA,Truck,12,0,12,101776,101788,0.01
December 31 2017,Pacific,WA,Passenger,15,13,28,15396,15424,0.18
September 30 2023,Pend Oreille,WA,Passenger,31,16,47,8852,8899,0.53
November 30 2020,Hampshire,MA,Passenger,1,0,1,10,11,9.09
February 29 2024,Allen,IN,Passenger,1,1,2,11,13,15.38
April 30 2023,Anchorage,AK,Passenger,1,0,1,113,114,0.88
May 31 2024,Orange,NC,Passenger,0,1,1,3,4,25
June 30 2021,Yakima,WA,Passenger,227,155,382,169252,169634,0.23
June 30 2024,Columbia,WA,Passenger,9,0,9,2379,2388,0.38
August 31 2021,Los Angeles,CA,Passenger,9,9,18,922,940,1.91
July 31 2021,Skamania,WA,Truck,0,0,0,4025,4025,0
April 30 2021,Walla Walla,WA,Truck,0,0,0,14042,14042,0
February 28 2022,Pima,AZ,Passenger,1,1,2,287,289,0.69
August 31 2023,Pulaski,AR,Passenger,2,0,2,18,20,10
September 30 2023,Stafford,VA,Passenger,3,0,3,76,79,3.8
August 31 2022,St. Mary's,MD,Passenger,2,0,2,193,195,1.03
April 30 2021,Yakima,WA,Passenger,208,139,347,169144,169491,0.2
July 31 2019,DeKalb,GA,Passenger,1,0,1,82,83,1.2
December 31 2019,Clark,WA,Truck,0,0,0,81290,81290,0
March 31 2019,King,WA,Truck,6,1,7,181708,181715,0
November 30 2017,Palm Beach,FL,Passenger,0,2,2,92,94,2.13
October 31 2019,Ramsey,MN,Passenger,1,0,1,47,48,2.08
February 28 2019,Kalamazoo,MI,Passenger,1,0,1,16,17,5.88
May 31 2023,Fairfax,VA,Truck,1,0,1,90,91,1.1
January 31 2020,Mason,WA,Passenger,150,133,283,47609,47892,0.59
November 30 2021,Grant,WA,Passenger,131,97,228,66901,67129,0.34
April 30 2022,Honolulu,HI,Passenger,5,4,9,400,409,2.2
July 31 2022,Bell,TX,Passenger,1,0,1,327,328,0.3
December 31 2021,Nueces,TX,Passenger,1,1,2,69,71,2.82
September 30 2022,Burlington,NJ,Passenger,0,2,2,97,99,2.02
May 31 2024,Portsmouth,VA,Passenger,0,2,2,53,55,3.64
May 31 2024,Clallam,WA,Passenger,748,340,1088,48288,49376,2.2
January 31 2023,Pend Oreille,WA,Truck,0,0,0,5574,5574,0
December 31 2018,Gwinnett,GA,Passenger,0,1,1,80,81,1.23
January 31 2022,Kitsap,WA,Truck,0,0,0,54061,54061,0
February 28 2017,Cowlitz,WA,Truck,0,0,0,27867,27867,0
July 31 2019,Los Angeles,CA,Passenger,6,5,11,1149,1160,0.95
May 31 2018,Columbia,WA,Passenger,2,1,3,2411,2414,0.12
January 31 2023,Pinal,AZ,Passenger,0,1,1,110,111,0.9
November 30 2020,Platte,MO,Passenger,1,0,1,19,20,5
August 31 2018,Clackamas,OR,Passenger,0,1,1,224,225,0.44
May 31 2021,Fulton,GA,Passenger,0,1,1,89,90,1.11
November 30 2022,Santa Cruz,CA,Passenger,1,0,1,24,25,4
May 31 2023,Arlington,VA,Passenger,1,0,1,116,117,0.85
March 31 2021,Bucks,PA,Passenger,1,0,1,23,24,4.17
June 30 2019,Whitman,WA,Truck,0,0,0,8585,8585,0
January 31 2023,Benton,WA,Passenger,958,510,1468,135732,137200,1.07
December 31 2019,Clackamas,OR,Passenger,2,1,3,217,220,1.36
December 31 2019,Portsmouth,VA,Passenger,0,1,1,77,78,1.28
December 31 2020,Franklin,WA,Truck,0,0,0,20428,20428,0
September 30 2018,Fresno,CA,Passenger,1,0,1,200,201,0.5
July 31 2022,Platte,MO,Passenger,1,0,1,24,25,4
July 31 2020,Placer,CA,Passenger,2,0,2,95,97,2.06
July 31 2023,Harris,TX,Passenger,2,1,3,161,164,1.83
August 31 2019,Howard,MD,Passenger,0,1,1,82,83,1.2
January 31 2024,Onslow,NC,Passenger,0,1,1,127,128,0.78
February 29 2020,Suffolk,MA,Passenger,0,1,1,41,42,2.38
July 31 2023,Mercer,NJ,Passenger,0,1,1,12,13,7.69
April 30 2023,Chelan,WA,Passenger,603,154,757,54135,54892,1.38
June 30 2020,Pend Oreille,WA,Passenger,7,6,13,9236,9249,0.14
December 31 2021,Stafford,VA,Passenger,2,1,3,103,106,2.83
July 31 2017,Columbia,WA,Truck,0,0,0,1534,1534,0
November 30 2023,Plaquemines,LA,Passenger,1,1,2,16,18,11.11
June 30 2017,Okaloosa,FL,Passenger,1,0,1,184,185,0.54
March 31 2022,Camden,NJ,Passenger,0,1,1,13,14,7.14
May 31 2022,Lexington,SC,Passenger,1,0,1,23,24,4.17
October 31 2019,Franklin,MA,Passenger,0,1,1,2,3,33.33
January 31 2017,Lake,IL,Passenger,1,0,1,193,194,0.52
November 30 2022,Wahkiakum,WA,Truck,1,0,1,1802,1803,0.06
November 30 2020,Botetourt,VA,Passenger,1,0,1,1,2,50
December 31 2022,DuPage,IL,Passenger,2,1,3,39,42,7.14
June 30 2024,York,VA,Passenger,1,0,1,60,61,1.64
November 30 2021,Harrison,MS,Passenger,2,0,2,51,53,3.77
April 30 2023,Jefferson,WA,Truck,10,0,10,9317,9327,0.11
October 31 2023,Pierce,WA,Truck,197,0,197,135429,135626,0.15
November 30 2023,Island,WA,Truck,39,0,39,20868,20907,0.19
November 30 2018,Lewis,WA,Passenger,89,73,162,58207,58369,0.28
July 31 2019,Montgomery,AL,Passenger,1,1,2,45,47,4.26
September 30 2018,Klamath,OR,Passenger,1,0,1,37,38,2.63
March 31 2023,Sacramento,CA,Truck,1,0,1,35,36,2.78
January 31 2019,Pima,AZ,Passenger,1,1,2,430,432,0.46
February 29 2020,Albemarle,VA,Passenger,1,0,1,26,27,3.7
February 28 2021,Suffolk,VA,Passenger,1,0,1,123,124,0.81
February 29 2024,Williamsburg,VA,Passenger,0,1,1,3,4,25
December 31 2019,Richland,SC,Passenger,0,1,1,157,158,0.63
December 31 2023,Flathead,MT,Passenger,1,0,1,20,21,4.76
November 30 2018,Douglas,WA,Passenger,49,33,82,27960,28042,0.29
August 31 2022,Solano,CA,Passenger,2,0,2,165,167,1.2
November 30 2023,Wake,NC,Passenger,4,0,4,78,82,4.88
December 31 2020,Ada,ID,Passenger,0,1,1,265,266,0.38
January 31 2024,Pacific,WA,Truck,6,0,6,7840,7846,0.08
May 31 2017,Harnett,NC,Passenger,1,0,1,264,265,0.38
October 31 2018,Jefferson,WA,Truck,0,0,0,9604,9604,0
January 31 2018,Manassas,VA,Passenger,0,1,1,9,10,10
March 31 2017,Spokane,WA,Passenger,232,202,434,295400,295834,0.15
March 31 2021,Lane,OR,Passenger,0,2,2,139,141,1.42
January 31 2017,Clallam,WA,Truck,0,0,0,21037,21037,0
April 30 2018,Asotin,WA,Truck,0,0,0,6591,6591,0
May 31 2020,Vigo,IN,Passenger,1,0,1,5,6,16.67
November 30 2022,Arapahoe,CO,Passenger,0,1,1,92,93,1.08
September 30 2019,Frederick,MD,Passenger,1,1,2,76,78,2.56
December 31 2021,Gwinnett,GA,Passenger,1,0,1,64,65,1.54
August 31 2022,Currituck,NC,Passenger,1,0,1,19,20,5
December 31 2022,Wilson,TX,Passenger,0,1,1,3,4,25
July 31 2024,Mercer,NJ,Passenger,0,1,1,4,5,20
November 30 2022,Stevens,WA,Passenger,88,56,144,29958,30102,0.48
January 31 2023,Kittitas,WA,Truck,5,0,5,14552,14557,0.03
June 30 2021,Milwaukee,WI,Passenger,1,0,1,45,46,2.17
March 31 2021,St. Mary's,MD,Passenger,1,0,1,210,211,0.47
June 30 2018,Fulton,GA,Passenger,1,2,3,103,106,2.83
February 28 2022,Geary,KS,Passenger,1,0,1,92,93,1.08
January 31 2021,Flathead,MT,Passenger,2,0,2,56,58,3.45
March 31 2024,Laramie,WY,Passenger,1,0,1,24,25,4
October 31 2022,Kings,CA,Passenger,2,1,3,308,311,0.96
November 30 2023,Riverside,CA,Passenger,5,0,5,372,377,1.33
December 31 2020,Walla Walla,WA,Truck,0,0,0,13866,13866,0
April 30 2024,Hardin,KY,Truck,1,0,1,18,19,5.26
June 30 2021,Clark,WA,Passenger,2843,1421,4264,322340,326604,1.31
April 30 2018,Kitsap,WA,Passenger,743,441,1184,177341,178525,0.66
July 31 2020,San Juan,WA,Truck,0,0,0,5842,5842,0
March 31 2023,Norfolk,MA,Passenger,1,0,1,22,23,4.35
May 31 2019,Williamson,TX,Passenger,0,1,1,151,152,0.66
May 31 2024,Spotsylvania,VA,Passenger,0,1,1,20,21,4.76
December 31 2018,Rogers,OK,Passenger,1,0,1,6,7,14.29
June 30 2017,New Haven,CT,Passenger,0,1,1,57,58,1.72
June 30 2024,Rockdale,GA,Passenger,1,0,1,4,5,20
October 31 2018,Oldham,KY,Passenger,0,1,1,5,6,16.67
December 31 2022,Alameda,CA,Passenger,5,2,7,189,196,3.57
January 31 2019,Douglas,WA,Truck,0,0,0,12169,12169,0
September 30 2017,Northampton,PA,Passenger,0,1,1,82,83,1.2
June 30 2021,Carroll,NH,Passenger,0,1,1,4,5,20
April 30 2023,Clark,WA,Truck,82,0,82,81363,81445,0.1
February 28 2018,Moore,NC,Passenger,0,1,1,194,195,0.51
January 31 2023,Leavenworth,KS,Passenger,0,1,1,94,95,1.05
March 31 2023,Ulster,NY,Passenger,1,0,1,9,10,10
August 31 2022,Wood,OH,Passenger,0,1,1,5,6,16.67
August 31 2019,Travis,TX,Passenger,4,1,5,218,223,2.24
August 31 2018,Lane,OR,Passenger,0,1,1,183,184,0.54
October 31 2020,Contra Costa,CA,Passenger,4,3,7,284,291,2.41
May 31 2023,Virginia Beach,VA,Passenger,4,1,5,460,465,1.08
April 30 2018,Santa Fe,NM,Passenger,0,1,1,41,42,2.38
July 31 2020,DeKalb,IN,Passenger,1,0,1,1,2,50
August 31 2019,Valencia,NM,Passenger,1,0,1,8,9,11.11
February 28 2023,Walla Walla,WA,Passenger,206,107,313,35636,35949,0.87
April 30 2020,Arlington,VA,Passenger,0,2,2,155,157,1.27
July 31 2023,Tarrant,TX,Passenger,2,0,2,89,91,2.2
February 28 2021,Benton,WA,Truck,0,0,0,43371,43371,0
April 30 2021,Clark,WA,Truck,0,0,0,84151,84151,0
July 31 2021,Skagit,WA,Truck,1,0,1,32999,33000,0
November 30 2021,Charles,MD,Passenger,1,1,2,72,74,2.7
October 31 2018,Randolph,NC,Passenger,1,0,1,5,6,16.67
November 30 2019,Nueces,TX,Passenger,1,1,2,88,90,2.22
September 30 2020,Chelan,WA,Passenger,260,80,340,54296,54636,0.62
December 31 2021,Kitsap,WA,Truck,0,0,0,54108,54108,0
April 30 2020,Alameda,CA,Passenger,3,1,4,291,295,1.36
November 30 2019,Brevard,FL,Passenger,0,1,1,93,94,1.06
February 28 2023,Lane,OR,Passenger,0,2,2,95,97,2.06
August 31 2022,Skamania,WA,Passenger,82,50,132,8125,8257,1.6
May 31 2022,Palm Beach,FL,Passenger,1,1,2,60,62,3.23
March 31 2024,Tarrant,TX,Passenger,2,0,2,77,79,2.53
February 28 2019,Cook,IL,Passenger,1,0,1,246,247,0.4
October 31 2019,Duval,FL,Passenger,1,2,3,375,378,0.79
November 30 2017,DeKalb,IN,Passenger,1,0,1,1,2,50
May 31 2022,Grant,WA,Passenger,166,97,263,66659,66922,0.39
February 28 2019,Ferry,WA,Passenger,3,2,5,4380,4385,0.11
September 30 2019,Boone,MO,Passenger,0,1,1,10,11,9.09
March 31 2023,Brown,WI,Passenger,1,0,1,6,7,14.29
December 31 2023,Snohomish,WA,Passenger,16064,3580,19644,526672,546316,3.6
October 31 2018,Cumberland,NC,Passenger,1,1,2,537,539,0.37
November 30 2021,Walla Walla,WA,Truck,0,0,0,14074,14074,0
March 31 2023,Douglas,NE,Passenger,2,1,3,32,35,8.57
August 31 2020,Fort Bend,TX,Passenger,1,0,1,45,46,2.17
January 31 2017,Clark,WA,Passenger,673,426,1099,297782,298881,0.37
March 31 2019,Fairfax,VA,Passenger,4,1,5,801,806,0.62
January 31 2024,Portsmouth,VA,Passenger,0,2,2,58,60,3.33
July 31 2017,Jefferson,WA,Truck,0,0,0,9410,9410,0
October 31 2019,Cumberland,NC,Passenger,1,2,3,500,503,0.6
May 31 2017,Anne Arundel,MD,Passenger,0,1,1,504,505,0.2
February 28 2017,Middlesex,MA,Passenger,1,0,1,154,155,0.65
September 30 2021,Louisa,VA,Passenger,0,1,1,1,2,50
April 30 2021,Vigo,IN,Passenger,1,0,1,5,6,16.67
December 31 2021,Frederick,MD,Passenger,1,1,2,69,71,2.82
October 31 2021,New London,CT,Passenger,1,4,5,214,219,2.28
May 31 2020,Shasta,CA,Passenger,1,0,1,36,37,2.7
November 30 2019,Cascade,MT,Passenger,0,1,1,60,61,1.64
February 28 2022,Orange,FL,Passenger,2,0,2,108,110,1.82
July 31 2019,San Juan,WA,Passenger,220,72,292,14440,14732,1.98
October 31 2023,Franklin,WA,Passenger,371,153,524,62246,62770,0.83
June 30 2022,Walla Walla,WA,Truck,0,0,0,13926,13926,0
December 31 2020,Collier,FL,Passenger,1,0,1,21,22,4.55
October 31 2017,Manatee,FL,Passenger,1,0,1,44,45,2.22
March 31 2020,Prince George's,MD,Passenger,1,1,2,172,174,1.15
April 30 2021,Philadelphia,PA,Passenger,1,0,1,58,59,1.69
December 31 2023,Kent,DE,Passenger,1,0,1,37,38,2.63
March 31 2024,Pend Oreille,WA,Passenger,33,20,53,8723,8776,0.6
July 31 2017,Chelan,WA,Truck,0,0,0,21325,21325,0
September 30 2019,Dakota,MN,Passenger,0,1,1,35,36,2.78
March 31 2024,Cumberland,NC,Passenger,3,3,6,287,293,2.05
March 31 2021,Newport,RI,Passenger,0,1,1,78,79,1.27
March 31 2024,Walla Walla,WA,Passenger,277,145,422,35263,35685,1.18
June 30 2022,Whatcom,WA,Truck,7,0,7,43326,43333,0.02
March 31 2021,Middlesex,MA,Passenger,1,0,1,99,100,1
April 30 2023,Honolulu,HI,Passenger,4,3,7,317,324,2.16
November 30 2020,Nassau,NY,Passenger,4,0,4,34,38,10.53
July 31 2024,Grant,WA,Passenger,448,199,647,65751,66398,0.97
May 31 2017,Orange,FL,Passenger,1,1,2,144,146,1.37
June 30 2021,New York,NY,Passenger,2,0,2,51,53,3.77
June 30 2020,Asotin,WA,Truck,0,0,0,6638,6638,0
May 31 2023,Philadelphia,PA,Passenger,0,1,1,43,44,2.27
February 28 2023,Hudson,NJ,Passenger,2,0,2,28,30,6.67
September 30 2019,Spokane,WA,Truck,1,0,1,95726,95727,0
June 30 2017,Lewis,WA,Truck,0,0,0,24847,24847,0
May 31 2020,Travis,TX,Passenger,3,1,4,197,201,1.99
July 31 2021,Mason,WA,Truck,0,0,0,21324,21324,0
September 30 2017,Okaloosa,FL,Passenger,1,0,1,187,188,0.53
October 31 2021,Boone,MO,Passenger,0,1,1,10,11,9.09
October 31 2023,Yolo,CA,Passenger,2,0,2,23,25,8
July 31 2024,Frederick,MD,Passenger,0,1,1,39,40,2.5
July 31 2024,Clark,WA,Passenger,8470,3057,11527,306007,317534,3.63
August 31 2021,Skagit,WA,Passenger,622,287,909,91641,92550,0.98
May 31 2023,Whatcom,WA,Passenger,2395,870,3265,147738,151003,2.16
December 31 2023,Walla Walla,WA,Passenger,266,134,400,35393,35793,1.12
September 30 2017,Grays Harbor,WA,Truck,0,0,0,19972,19972,0
January 31 2020,DuPage,IL,Passenger,4,0,4,67,71,5.63
April 30 2024,Anchorage,AK,Passenger,1,0,1,88,89,1.12
June 30 2023,Fairfax,VA,Truck,1,0,1,89,90,1.11
April 30 2021,Hillsborough,FL,Passenger,0,1,1,163,164,0.61
September 30 2020,Bartow,GA,Passenger,0,1,1,5,6,16.67
April 30 2017,Manassas,VA,Passenger,0,1,1,10,11,9.09
August 31 2020,Twin Falls,ID,Passenger,0,1,1,25,26,3.85
November 30 2021,DeKalb,GA,Passenger,1,0,1,65,66,1.52
March 31 2019,Clackamas,OR,Passenger,1,1,2,212,214,0.93
July 31 2023,Howard,MD,Passenger,0,2,2,61,63,3.17
June 30 2024,Stevens,WA,Truck,6,0,6,18440,18446,0.03
April 30 2021,San Juan,WA,Truck,0,0,0,5907,5907,0
September 30 2017,Montgomery,PA,Passenger,1,0,1,36,37,2.7
January 31 2024,Shelby,AL,Passenger,1,0,1,5,6,16.67
March 31 2022,Nueces,TX,Passenger,1,1,2,64,66,3.03
December 31 2022,Montgomery,PA,Passenger,1,0,1,22,23,4.35
September 30 2020,Bradley,TN,Passenger,1,0,1,1,2,50
April 30 2022,Yakima,WA,Passenger,318,183,501,167294,167795,0.3
September 30 2019,Ferry,WA,Passenger,5,2,7,4427,4434,0.16
June 30 2019,Asotin,WA,Truck,0,0,0,6667,6667,0
February 28 2023,Palm Beach,FL,Passenger,2,1,3,56,59,5.08
April 30 2021,Richmond,NY,Passenger,1,0,1,7,8,12.5
May 31 2024,Kitsap,WA,Passenger,4466,1640,6106,173838,179944,3.39
March 31 2018,Mason,WA,Passenger,68,81,149,45211,45360,0.33
February 29 2020,Travis,TX,Passenger,3,1,4,202,206,1.94
July 31 2021,Grant,WA,Truck,0,0,0,27916,27916,0
May 31 2021,Kings,NY,Passenger,1,0,1,71,72,1.39
February 28 2021,Hillsborough,FL,Passenger,0,1,1,167,168,0.6
July 31 2024,Cumberland,PA,Passenger,0,1,1,31,32,3.12
October 31 2017,Wayne,MI,Passenger,0,1,1,71,72,1.39
May 31 2023,New Haven,CT,Passenger,0,2,2,27,29,6.9
June 30 2024,Newport News,VA,Passenger,1,0,1,87,88,1.14
January 31 2023,Oldham,KY,Passenger,0,1,1,4,5,20
May 31 2019,Okanogan,WA,Passenger,21,23,44,26061,26105,0.17
February 28 2021,Klickitat,WA,Passenger,65,45,110,14991,15101,0.73
August 31 2018,Arlington,VA,Passenger,1,1,2,176,178,1.12
September 30 2022,Whitman,WA,Truck,2,0,2,8572,8574,0.02
March 31 2024,Prince George's,MD,Passenger,3,1,4,104,108,3.7
August 31 2019,Sangamon,IL,Passenger,1,0,1,6,7,14.29
April 30 2022,Klickitat,WA,Truck,0,0,0,8269,8269,0
July 31 2024,Berkeley,SC,Passenger,2,1,3,69,72,4.17
October 31 2022,Sarpy,NE,Passenger,1,0,1,63,64,1.56
August 31 2022,Plaquemines,LA,Passenger,1,1,2,19,21,9.52
September 30 2020,,,Passenger,6,1,7,370,377,1.86
April 30 2024,Adams,WA,Truck,4,0,4,5371,5375,0.07
August 31 2018,Latah,ID,Passenger,0,1,1,80,81,1.23
December 31 2020,Prince George's,MD,Passenger,2,1,3,155,158,1.9
September 30 2021,Garfield,WA,Truck,0,0,0,996,996,0
October 31 2023,Harnett,NC,Passenger,4,1,5,131,136,3.68
October 31 2021,Lexington,SC,Passenger,1,0,1,27,28,3.57
October 31 2022,Wood,OH,Passenger,0,1,1,5,6,16.67
November 30 2023,Sacramento,CA,Truck,1,0,1,31,32,3.12
April 30 2019,Oldham,KY,Passenger,0,1,1,5,6,16.67
March 31 2022,St. Mary's,MD,Passenger,1,0,1,204,205,0.49
July 31 2022,Goochland,VA,Passenger,3,2,5,147,152,3.29
May 31 2017,Morris,NJ,Passenger,1,0,1,24,25,4
June 30 2017,Klickitat,WA,Truck,0,0,0,7963,7963,0
March 31 2019,Spartanburg,SC,Passenger,0,1,1,38,39,2.56
December 31 2017,Prince William,VA,Passenger,0,4,4,269,273,1.47
May 31 2021,Powhatan,VA,Passenger,1,0,1,1,2,50
August 31 2023,Lake,IN,Passenger,0,1,1,8,9,11.11
July 31 2018,Charleston,SC,Passenger,1,0,1,126,127,0.79
August 31 2020,Kootenai,ID,Passenger,1,1,2,219,221,0.9
December 31 2019,Cumberland,NC,Passenger,1,2,3,498,501,0.6
January 31 2018,Island,WA,Truck,0,0,0,20779,20779,0
October 31 2019,Fairbanks North Star,AK,Passenger,0,1,1,101,102,0.98
June 30 2022,Walla Walla,WA,Passenger,172,100,272,35873,36145,0.75
September 30 2017,Franklin,WA,Passenger,29,48,77,56173,56250,0.14
March 31 2020,Hawaii,HI,Passenger,1,0,1,64,65,1.54
October 31 2021,Hamilton,OH,Passenger,1,0,1,41,42,2.38
April 30 2022,El Paso,CO,Passenger,3,2,5,647,652,0.77
October 31 2021,Los Angeles,CA,Passenger,6,9,15,907,922,1.63
April 30 2022,Fort Bend,TX,Passenger,1,0,1,33,34,2.94
December 31 2022,Kent,DE,Passenger,1,0,1,51,52,1.92
September 30 2023,Arapahoe,CO,Passenger,1,1,2,74,76,2.63
June 30 2022,Bartow,GA,Passenger,0,1,1,4,5,20
September 30 2023,Montgomery,MD,Passenger,6,2,8,186,194,4.12
March 31 2019,Asotin,WA,Truck,0,0,0,6629,6629,0
April 30 2024,Jefferson,NY,Passenger,2,0,2,170,172,1.16
July 31 2021,Sacramento,CA,Passenger,2,1,3,247,250,1.2
December 31 2018,Clark,WA,Passenger,1246,841,2087,311324,313411,0.67
March 31 2024,Pacific,WA,Passenger,103,104,207,15509,15716,1.32
April 30 2020,El Paso,CO,Passenger,3,1,4,733,737,0.54
May 31 2020,Monterey,CA,Passenger,0,1,1,180,181,0.55
April 30 2020,Hillsborough,FL,Passenger,0,1,1,192,193,0.52
July 31 2024,Grays Harbor,WA,Truck,25,0,25,20149,20174,0.12
January 31 2022,Escambia,FL,Passenger,0,1,1,148,149,0.67
October 31 2017,Maui,HI,Passenger,1,0,1,70,71,1.41
November 30 2022,Skamania,WA,Truck,0,0,0,3893,3893,0
May 31 2022,Grant,WA,Truck,0,0,0,27977,27977,0
November 30 2021,Okanogan,WA,Passenger,66,43,109,26575,26684,0.41
April 30 2022,Maui,HI,Passenger,1,0,1,27,28,3.57
January 31 2019,Washtenaw,MI,Passenger,1,0,1,38,39,2.56
May 31 2024,Jefferson,KY,Passenger,1,0,1,32,33,3.03
January 31 2022,Galveston,TX,Passenger,0,1,1,21,22,4.55
July 31 2021,Kittitas,WA,Truck,0,0,0,14792,14792,0
August 31 2018,King,WA,Truck,7,1,8,182944,182952,0
October 31 2018,Kittitas,WA,Truck,0,0,0,14130,14130,0
March 31 2022,,,Passenger,5,2,7,325,332,2.11
August 31 2023,Larimer,CO,Passenger,1,0,1,27,28,3.57
January 31 2024,Monterey,CA,Passenger,0,4,4,127,131,3.05
January 31 2020,Spokane,WA,Truck,1,0,1,96864,96865,0
December 31 2018,Flathead,MT,Passenger,1,0,1,61,62,1.61
October 31 2022,Fairbanks North Star,AK,Passenger,0,1,1,72,73,1.37
March 31 2024,Douglas,NE,Passenger,0,1,1,27,28,3.57
November 30 2019,Los Angeles,CA,Passenger,6,10,16,1111,1127,1.42
October 31 2019,San Francisco,CA,Passenger,2,1,3,104,107,2.8
May 31 2022,Monterey,CA,Passenger,0,3,3,153,156,1.92
July 31 2019,Tulsa,OK,Passenger,1,1,2,55,57,3.51
September 30 2022,Kitsap,WA,Passenger,2566,1110,3676,177248,180924,2.03
November 30 2019,Clark,WA,Truck,0,0,0,81250,81250,0
April 30 2023,Ferry,WA,Passenger,19,4,23,4338,4361,0.53
May 31 2020,Denver,CO,Passenger,1,0,1,122,123,0.81
July 31 2019,Ferry,WA,Truck,0,0,0,3581,3581,0
February 28 2017,Franklin,MA,Passenger,0,1,1,4,5,20
April 30 2023,Williamsburg,VA,Passenger,0,1,1,7,8,12.5
January 31 2023,Yuba,CA,Passenger,1,0,1,58,59,1.69
September 30 2018,Pima,AZ,Passenger,1,1,2,439,441,0.45
November 30 2023,Prince George's,MD,Passenger,3,1,4,110,114,3.51
June 30 2022,Suffolk,VA,Passenger,1,0,1,126,127,0.79
February 28 2017,Chelan,WA,Passenger,55,29,84,51757,51841,0.16
May 31 2021,Los Angeles,CA,Passenger,9,11,20,961,981,2.04
May 31 2023,Multnomah,OR,Passenger,2,2,4,478,482,0.83
March 31 2024,Island,WA,Truck,46,0,46,20719,20765,0.22
August 31 2022,Alameda,CA,Passenger,6,2,8,200,208,3.85
June 30 2022,Charleston,SC,Passenger,2,2,4,67,71,5.63
June 30 2018,Frederick,MD,Passenger,0,1,1,84,85,1.18
May 31 2017,Manassas,VA,Passenger,0,1,1,9,10,10
June 30 2021,Lake,IN,Passenger,0,1,1,11,12,8.33
January 31 2018,Kitsap,WA,Passenger,707,402,1109,176372,177481,0.62
November 30 2020,Spokane,WA,Truck,0,0,0,100330,100330,0
October 31 2018,Ferry,WA,Truck,0,0,0,3564,3564,0
October 31 2017,Pacific,WA,Truck,0,0,0,7516,7516,0
July 31 2019,Hillsborough,FL,Passenger,0,1,1,209,210,0.48
March 31 2017,Maricopa,AZ,Passenger,1,1,2,1874,1876,0.11
August 31 2022,Fairfax,VA,Passenger,8,2,10,644,654,1.53
October 31 2020,New York,NY,Passenger,2,0,2,63,65,3.08
June 30 2022,Multnomah,OR,Passenger,1,3,4,574,578,0.69
November 30 2023,Grays Harbor,WA,Truck,12,0,12,20855,20867,0.06
August 31 2023,Cowlitz,WA,Passenger,520,229,749,69893,70642,1.06
April 30 2022,Skagit,WA,Passenger,753,328,1081,90196,91277,1.18
July 31 2021,Garfield,WA,Passenger,0,3,3,1369,1372,0.22
November 30 2021,Norfolk,VA,Passenger,2,3,5,322,327,1.53
September 30 2018,Denver,CO,Passenger,1,0,1,141,142,0.7
March 31 2021,San Joaquin,CA,Passenger,1,0,1,112,113,0.88
March 31 2023,Ray,MO,Passenger,0,1,1,0,1,100
November 30 2017,Madison,ID,Passenger,1,0,1,38,39,2.56
June 30 2023,Whatcom,WA,Passenger,2493,881,3374,147822,151196,2.23
April 30 2021,Kitsap,WA,Passenger,1733,812,2545,180351,182896,1.39
August 31 2020,Jefferson,WA,Passenger,250,144,394,24638,25032,1.57
November 30 2021,San Luis Obispo,CA,Passenger,1,0,1,66,67,1.49
August 31 2017,Sangamon,IL,Passenger,1,0,1,11,12,8.33
May 31 2021,Alameda,CA,Passenger,4,0,4,255,259,1.54
July 31 2018,King,WA,Passenger,13479,5799,19278,1371912,1391190,1.39
January 31 2019,Carroll,NH,Passenger,0,1,1,1,2,50
September 30 2019,Nueces,TX,Passenger,1,1,2,91,93,2.15
May 31 2017,Lincoln,WA,Truck,0,0,0,4459,4459,0
May 31 2020,New London,CT,Passenger,1,1,2,239,241,0.83
March 31 2018,Manassas,VA,Passenger,0,1,1,8,9,11.11
December 31 2022,Solano,CA,Passenger,2,0,2,159,161,1.24
November 30 2018,Thurston,WA,Truck,0,0,0,54908,54908,0
February 29 2020,Ada,ID,Passenger,0,1,1,302,303,0.33
February 28 2019,Duval,FL,Passenger,1,2,3,387,390,0.77
March 31 2019,Denver,CO,Passenger,1,0,1,138,139,0.72
May 31 2018,Kitsap,WA,Truck,1,0,1,53095,53096,0
April 30 2017,Pend Oreille,WA,Truck,0,0,0,5586,5586,0
January 31 2021,Island,WA,Truck,0,0,0,21375,21375,0
April 30 2022,Klickitat,WA,Passenger,99,55,154,15221,15375,1
May 31 2019,New Haven,CT,Passenger,0,2,2,47,49,4.08
April 30 2018,Juneau,AK,Passenger,0,1,1,47,48,2.08
January 31 2020,Kent,MI,Passenger,0,1,1,27,28,3.57
December 31 2020,Jones,GA,Passenger,1,0,1,1,2,50
April 30 2018,Sacramento,CA,Passenger,1,1,2,315,317,0.63
November 30 2022,Norfolk,VA,Passenger,2,3,5,296,301,1.66
November 30 2020,Klickitat,WA,Truck,0,0,0,8078,8078,0
May 31 2024,Cowlitz,WA,Truck,18,0,18,27645,27663,0.07
August 31 2019,Clark,WA,Passenger,1647,960,2607,315449,318056,0.82
September 30 2020,Franklin,WA,Passenger,68,75,143,60898,61041,0.23
May 31 2024,Skamania,WA,Truck,4,0,4,3793,3797,0.11
July 31 2018,Douglas,WA,Truck,0,0,0,11967,11967,0
October 31 2022,Charleston,SC,Passenger,2,2,4,61,65,6.15
June 30 2021,Hawaii,HI,Passenger,1,0,1,51,52,1.92
September 30 2022,Queens,NY,Passenger,1,0,1,44,45,2.22
December 31 2022,Hanover,VA,Passenger,1,0,1,1,2,50
March 31 2019,Spokane,WA,Passenger,490,392,882,307680,308562,0.29
October 31 2017,Lincoln,WA,Passenger,2,5,7,7571,7578,0.09
March 31 2023,Adams,CO,Passenger,1,0,1,30,31,3.23
July 31 2021,Philadelphia,PA,Passenger,1,0,1,51,52,1.92
July 31 2022,St. Lawrence,NY,Passenger,1,0,1,5,6,16.67
July 31 2021,Dallas,IA,Passenger,0,1,1,9,10,10
July 31 2019,Grant,WA,Truck,0,0,0,26695,26695,0
February 29 2024,New Haven,CT,Passenger,0,2,2,22,24,8.33
January 31 2019,District of Columbia,DC,Passenger,1,3,4,197,201,1.99
March 31 2024,Hawaii,HI,Passenger,1,0,1,28,29,3.45
May 31 2024,Flathead,MT,Passenger,1,0,1,16,17,5.88
March 31 2024,Caddo,LA,Passenger,2,0,2,12,14,14.29
February 29 2020,Clallam,WA,Passenger,206,163,369,50793,51162,0.72
December 31 2019,Ramsey,MN,Passenger,1,0,1,46,47,2.13
February 28 2019,Santa Rosa,FL,Passenger,1,0,1,91,92,1.09
July 31 2021,Ulster,NY,Passenger,1,0,1,13,14,7.14
April 30 2023,Pulaski,MO,Passenger,3,0,3,98,101,2.97
December 31 2018,Broward,FL,Passenger,2,1,3,130,133,2.26
March 31 2017,Carroll,NH,Passenger,0,1,1,0,1,100
September 30 2021,Maricopa,AZ,Passenger,11,6,17,1274,1291,1.32
September 30 2023,Kootenai,ID,Passenger,0,2,2,109,111,1.8
April 30 2020,Twin Falls,ID,Passenger,0,1,1,31,32,3.12
May 31 2023,Ulster,NY,Passenger,1,0,1,9,10,10
August 31 2023,Kitsap,WA,Truck,84,0,84,52098,52182,0.16
October 31 2021,Douglas,WA,Passenger,104,51,155,28568,28723,0.54
October 31 2019,Santa Clara,CA,Passenger,6,2,8,377,385,2.08
August 31 2022,Lincoln,WA,Truck,0,0,0,4839,4839,0
February 28 2022,Asotin,WA,Truck,0,0,0,6732,6732,0
July 31 2024,New Castle,DE,Passenger,1,0,1,14,15,6.67
February 29 2020,Stafford,VA,Passenger,1,1,2,99,101,1.98
October 31 2023,Lee,AL,Passenger,1,0,1,13,14,7.14
May 31 2020,Tulsa,OK,Passenger,1,1,2,55,57,3.51
February 28 2022,Rockdale,GA,Passenger,1,0,1,6,7,14.29
September 30 2019,Pinellas,FL,Passenger,1,1,2,118,120,1.67
May 31 2018,Cumberland,NC,Passenger,1,0,1,550,551,0.18
January 31 2022,Hudson,NJ,Passenger,2,0,2,40,42,4.76
October 31 2021,Kern,CA,Passenger,0,1,1,198,199,0.5
July 31 2023,Coryell,TX,Passenger,1,0,1,78,79,1.27
June 30 2021,Penobscot,ME,Passenger,0,1,1,8,9,11.11
September 30 2023,Bartow,GA,Passenger,0,1,1,3,4,25
April 30 2022,San Bernardino,CA,Passenger,2,1,3,375,378,0.79
September 30 2020,Suffolk,MA,Passenger,0,2,2,39,41,4.88
December 31 2020,Saginaw,MI,Passenger,2,0,2,10,12,16.67
October 31 2017,Madison,ID,Passenger,1,0,1,36,37,2.7
June 30 2017,DeKalb,IN,Passenger,1,0,1,1,2,50
May 31 2019,Rogers,OK,Passenger,1,0,1,7,8,12.5
February 28 2022,Cowlitz,WA,Truck,0,1,1,28884,28885,0
June 30 2022,Cowlitz,WA,Truck,2,1,3,28527,28530,0.01
August 31 2019,Denver,CO,Passenger,1,0,1,130,131,0.76
March 31 2024,Placer,CA,Passenger,1,0,1,60,61,1.64
November 30 2020,Grays Harbor,WA,Passenger,122,117,239,48522,48761,0.49
October 31 2022,Kitsap,WA,Passenger,2628,1125,3753,176997,180750,2.08
August 31 2018,Lee,AL,Passenger,1,0,1,37,38,2.63
June 30 2020,Vigo,IN,Passenger,1,0,1,5,6,16.67
December 31 2022,Whatcom,WA,Passenger,2114,807,2921,148618,151539,1.93
June 30 2023,District of Columbia,DC,Passenger,2,0,2,138,140,1.43
March 31 2024,Lake,IL,Passenger,7,0,7,116,123,5.69
May 31 2024,Otero,NM,Passenger,0,1,1,21,22,4.55
August 31 2022,San Joaquin,CA,Passenger,1,1,2,94,96,2.08
February 28 2019,Sumter,FL,Passenger,0,1,1,11,12,8.33
August 31 2019,Pinal,AZ,Passenger,2,0,2,202,204,0.98
November 30 2021,St. Mary's,MD,Passenger,1,0,1,205,206,0.49
August 31 2018,Gwinnett,GA,Passenger,0,1,1,85,86,1.16
January 31 2024,Brevard,FL,Passenger,1,0,1,58,59,1.69
November 30 2017,Stevens,WA,Passenger,10,21,31,31550,31581,0.1
January 31 2018,Arlington,VA,Passenger,1,2,3,179,182,1.65
June 30 2019,Garfield,WA,Passenger,1,1,2,1296,1298,0.15
January 31 2020,Whatcom,WA,Truck,3,0,3,43222,43225,0.01
June 30 2020,Middlesex,MA,Passenger,1,0,1,95,96,1.04
February 28 2021,Kauai,HI,Passenger,1,0,1,18,19,5.26
November 30 2023,Shelby,AL,Passenger,1,0,1,5,6,16.67
September 30 2018,Pierce,WA,Passenger,1325,1267,2592,535403,537995,0.48
August 31 2021,Adams,WA,Passenger,16,14,30,13026,13056,0.23
September 30 2021,Whitman,WA,Truck,0,0,0,8555,8555,0
April 30 2020,Island,WA,Truck,1,0,1,21134,21135,0
March 31 2024,Garfield,WA,Passenger,0,3,3,1308,1311,0.23
July 31 2018,Volusia,FL,Passenger,0,1,1,35,36,2.78
March 31 2023,Howard,MD,Passenger,0,2,2,60,62,3.23
October 31 2019,Eagle,CO,Passenger,1,0,1,6,7,14.29
September 30 2021,Harrison,MS,Passenger,2,0,2,55,57,3.51
May 31 2017,Stevens,WA,Passenger,8,23,31,31324,31355,0.1
March 31 2022,Whitman,WA,Passenger,79,54,133,21993,22126,0.6
December 31 2022,Whatcom,WA,Truck,26,0,26,43037,43063,0.06
October 31 2019,Santa Fe,NM,Passenger,0,1,1,43,44,2.27
August 31 2023,Essex,NJ,Passenger,2,0,2,8,10,20
May 31 2021,Morris,NJ,Passenger,1,0,1,13,14,7.14
August 31 2022,Platte,MO,Passenger,1,0,1,24,25,4
July 31 2017,Saratoga,NY,Passenger,1,1,2,73,75,2.67
December 31 2020,Washoe,NV,Passenger,1,0,1,107,108,0.93
May 31 2017,El Paso,CO,Passenger,2,1,3,812,815,0.37
June 30 2023,Fairfax,VA,Passenger,9,2,11,595,606,1.82
May 31 2020,Arapahoe,CO,Passenger,1,0,1,138,139,0.72
July 31 2024,Orange,CA,Passenger,4,1,5,232,237,2.11
December 31 2017,Pinal,AZ,Passenger,2,0,2,217,219,0.91
October 31 2019,Frederick,MD,Passenger,1,1,2,78,80,2.5
December 31 2019,Skamania,WA,Truck,0,0,0,4098,4098,0
March 31 2017,Garfield,WA,Truck,0,0,0,939,939,0
March 31 2022,Richland,SC,Passenger,0,2,2,139,141,1.42
July 31 2021,Pennington,SD,Passenger,1,0,1,31,32,3.12
March 31 2023,Fairbanks North Star,AK,Passenger,0,1,1,64,65,1.54
July 31 2021,Saginaw,MI,Passenger,1,0,1,8,9,11.11
February 28 2022,Pierce,WA,Truck,2,0,2,143875,143877,0
March 31 2020,Deschutes,OR,Passenger,4,0,4,158,162,2.47
December 31 2022,Plaquemines,LA,Passenger,1,1,2,19,21,9.52
September 30 2020,Douglas,WA,Passenger,80,45,125,28032,28157,0.44
May 31 2017,Columbia,WA,Passenger,0,1,1,2359,2360,0.04
January 31 2021,Sevier,AR,Passenger,0,1,1,0,1,100
May 31 2022,Lewis,WA,Passenger,229,175,404,59435,59839,0.68
January 31 2018,Okanogan,WA,Passenger,7,19,26,25692,25718,0.1
March 31 2020,Contra Costa,CA,Passenger,3,2,5,324,329,1.52
April 30 2020,Clark,NV,Passenger,4,3,7,710,717,0.98
April 30 2019,Tulsa,OK,Passenger,1,1,2,55,57,3.51
November 30 2020,Lee,FL,Passenger,1,0,1,45,46,2.17
March 31 2021,Harrison,MS,Passenger,2,0,2,54,56,3.57
September 30 2022,Duval,FL,Passenger,1,2,3,297,300,1
October 31 2021,Prince William,VA,Passenger,1,3,4,213,217,1.84
August 31 2020,Sacramento,CA,Passenger,1,1,2,277,279,0.72
April 30 2020,Fairbanks North Star,AK,Passenger,0,1,1,101,102,0.98
October 31 2023,Spokane,WA,Passenger,2680,1303,3983,322492,326475,1.22
January 31 2022,Bell,TX,Passenger,1,0,1,352,353,0.28
October 31 2021,Norfolk,VA,Passenger,2,3,5,326,331,1.51
June 30 2021,Arapahoe,CO,Passenger,1,0,1,126,127,0.79
August 31 2021,Mason,WA,Truck,0,0,0,21301,21301,0
March 31 2022,San Joaquin,CA,Passenger,1,1,2,99,101,1.98
June 30 2024,Isle of Wight,VA,Passenger,0,1,1,16,17,5.88
September 30 2020,Thurston,WA,Passenger,1210,752,1962,197004,198966,0.99
October 31 2021,Whitman,WA,Passenger,63,58,121,21886,22007,0.55
November 30 2023,Columbia,WA,Passenger,12,0,12,2416,2428,0.49
January 31 2021,Lake,IL,Passenger,2,0,2,173,175,1.14
December 31 2023,District of Columbia,DC,Passenger,2,0,2,132,134,1.49
June 30 2022,Columbia,OR,Passenger,1,0,1,19,20,5
April 30 2024,Burlington,NJ,Passenger,0,1,1,69,70,1.43
July 31 2022,Orange,FL,Passenger,2,0,2,94,96,2.08
June 30 2017,Benton,WA,Passenger,148,143,291,128494,128785,0.23
October 31 2019,Charles,MD,Passenger,0,1,1,88,89,1.12
July 31 2022,Fredericksburg,VA,Passenger,1,0,1,7,8,12.5
May 31 2017,Clark,NV,Passenger,2,2,4,857,861,0.46
August 31 2017,San Diego,CA,Passenger,6,2,8,2667,2675,0.3
November 30 2021,Queens,NY,Passenger,1,0,1,51,52,1.92
June 30 2023,Middlesex,NJ,Passenger,1,0,1,18,19,5.26
December 31 2017,Cumberland,NC,Passenger,1,0,1,564,565,0.18
October 31 2020,Penobscot,ME,Passenger,0,1,1,12,13,7.69
December 31 2018,Whatcom,WA,Passenger,758,370,1128,149402,150530,0.75
July 31 2021,Island,WA,Passenger,626,315,941,63053,63994,1.47
October 31 2018,Montgomery,MD,Passenger,1,0,1,286,287,0.35
April 30 2024,Adams,CO,Passenger,1,0,1,21,22,4.55
December 31 2020,Ventura,CA,Passenger,1,1,2,295,297,0.67
November 30 2018,San Mateo,CA,Passenger,2,1,3,134,137,2.19
February 28 2023,Alexandria,VA,Passenger,3,0,3,102,105,2.86
April 30 2018,Sedgwick,KS,Passenger,0,1,1,100,101,0.99
February 28 2021,Deschutes,OR,Passenger,2,0,2,139,141,1.42
October 31 2018,Prince George's,MD,Passenger,1,1,2,183,185,1.08
March 31 2024,Washtenaw,MI,Passenger,0,2,2,17,19,10.53
June 30 2024,Clark,WA,Passenger,8295,3011,11306,309617,320923,3.52
January 31 2021,Lincoln,WA,Passenger,6,12,18,7626,7644,0.24
March 31 2022,Clark,WA,Truck,2,0,2,83422,83424,0
September 30 2021,Orange,FL,Passenger,2,0,2,118,120,1.67
July 31 2024,Houston,GA,Passenger,1,0,1,27,28,3.57
February 28 2022,Whitman,WA,Truck,0,0,0,8572,8572,0
June 30 2023,Snohomish,WA,Truck,173,0,173,121481,121654,0.14
July 31 2020,Dallas,TX,Passenger,1,0,1,204,205,0.49
December 31 2019,Collin,TX,Passenger,2,1,3,147,150,2
April 30 2021,Pulaski,MO,Passenger,1,0,1,148,149,0.67
July 31 2021,Douglas,NE,Passenger,1,1,2,57,59,3.39
June 30 2022,Spartanburg,SC,Passenger,0,1,1,39,40,2.5
January 31 2021,Benton,WA,Passenger,451,358,809,135079,135888,0.6
April 30 2021,Cowlitz,WA,Passenger,211,134,345,72492,72837,0.47
February 28 2021,Asotin,WA,Passenger,17,14,31,12471,12502,0.25
December 31 2023,Ventura,CA,Passenger,3,3,6,213,219,2.74
July 31 2019,Portsmouth,VA,Passenger,0,1,1,76,77,1.3
January 31 2017,Pinal,AZ,Passenger,2,0,2,283,285,0.7
June 30 2022,Hennepin,MN,Passenger,1,0,1,57,58,1.72
September 30 2023,Klickitat,WA,Passenger,174,68,242,15116,15358,1.58
July 31 2019,Asotin,WA,Truck,0,0,0,6660,6660,0
June 30 2023,Asotin,WA,Truck,0,0,0,6630,6630,0
January 31 2021,Alexandria,VA,Passenger,3,0,3,135,138,2.17
April 30 2021,Jefferson,WA,Truck,0,0,0,9617,9617,0
July 31 2017,San Mateo,CA,Passenger,0,1,1,153,154,0.65
April 30 2017,Franklin,MA,Passenger,0,1,1,4,5,20
July 31 2020,Douglas,WA,Passenger,76,41,117,28038,28155,0.42
February 28 2022,Grays Harbor,WA,Passenger,202,157,359,49279,49638,0.72
August 31 2022,Mason,WA,Truck,4,0,4,20937,20941,0.02
March 31 2018,Ventura,CA,Passenger,0,1,1,339,340,0.29
April 30 2021,Ferry,WA,Truck,0,0,0,3651,3651,0
June 30 2024,Pima,AZ,Passenger,1,0,1,148,149,0.67
January 31 2024,Lake,IN,Passenger,0,1,1,5,6,16.67
September 30 2022,Charles,MD,Passenger,1,1,2,57,59,3.39
November 30 2023,Kootenai,ID,Truck,1,0,1,24,25,4
June 30 2019,Grant,WA,Passenger,41,61,102,64700,64802,0.16
November 30 2018,Asotin,WA,Passenger,12,9,21,12722,12743,0.16
May 31 2017,Deschutes,OR,Passenger,1,0,1,203,204,0.49
March 31 2018,Cumberland,NC,Passenger,1,0,1,554,555,0.18
March 31 2022,Anne Arundel,MD,Passenger,3,1,4,362,366,1.09
May 31 2019,Montgomery,MD,Passenger,1,0,1,285,286,0.35
June 30 2023,Jackson,OK,Passenger,0,1,1,38,39,2.56
July 31 2024,Leavenworth,KS,Passenger,1,1,2,63,65,3.08
November 30 2023,Currituck,NC,Passenger,1,0,1,19,20,5
May 31 2017,Eagle,CO,Passenger,1,0,1,7,8,12.5
November 30 2019,Maricopa,AZ,Passenger,6,8,14,1613,1627,0.86
October 31 2017,Multnomah,OR,Passenger,1,3,4,916,920,0.43
July 31 2021,Clallam,WA,Truck,1,0,1,22020,22021,0
October 31 2019,Arapahoe,CO,Passenger,1,0,1,151,152,0.66
May 31 2017,Jackson,MO,Passenger,1,0,1,65,66,1.52
December 31 2022,Adams,WA,Truck,1,0,1,5389,5390,0.02
November 30 2018,Kootenai,ID,Passenger,1,2,3,223,226,1.33
December 31 2020,Kent,MI,Passenger,0,1,1,27,28,3.57
December 31 2017,Nantucket,MA,Passenger,1,0,1,3,4,25
June 30 2018,Kitsap,WA,Truck,1,0,1,53206,53207,0
February 28 2017,Okanogan,WA,Truck,0,0,0,16297,16297,0
May 31 2020,Douglas,WA,Truck,0,0,0,12274,12274,0
September 30 2020,Virginia Beach,VA,Passenger,1,0,1,659,660,0.15
November 30 2021,Kootenai,ID,Passenger,0,1,1,194,195,0.51
August 31 2020,Sedgwick,KS,Passenger,1,1,2,92,94,2.13
March 31 2020,Arlington,VA,Passenger,0,2,2,159,161,1.24
June 30 2018,Canyon,ID,Passenger,0,1,1,97,98,1.02
February 29 2020,Botetourt,VA,Passenger,1,0,1,1,2,50
May 31 2017,Moore,NC,Passenger,0,1,1,198,199,0.5
April 30 2021,Lake,IL,Passenger,2,0,2,170,172,1.16
October 31 2020,Nueces,TX,Passenger,1,0,1,88,89,1.12
January 31 2018,Sacramento,CA,Passenger,1,1,2,318,320,0.62
December 31 2018,Sangamon,IL,Passenger,1,0,1,9,10,10
November 30 2022,San Juan,WA,Passenger,553,168,721,13957,14678,4.91
August 31 2023,Norfolk,MA,Passenger,1,0,1,20,21,4.76
October 31 2021,Douglas,NE,Passenger,1,1,2,55,57,3.51
May 31 2024,Ferry,WA,Truck,0,0,0,3470,3470,0
February 28 2021,Philadelphia,PA,Passenger,1,0,1,62,63,1.59
March 31 2017,Essex,NJ,Passenger,1,0,1,18,19,5.26
April 30 2019,Whatcom,WA,Truck,2,0,2,42762,42764,0
May 31 2021,Fairfax,VA,Passenger,5,3,8,715,723,1.11
September 30 2018,Richland,SC,Passenger,0,1,1,170,171,0.58
March 31 2019,Montgomery,MD,Passenger,1,0,1,281,282,0.35
August 31 2021,Montgomery,MD,Passenger,3,1,4,224,228,1.75
March 31 2019,Fulton,GA,Passenger,1,3,4,113,117,3.42
July 31 2019,New Haven,CT,Passenger,0,2,2,46,48,4.17
January 31 2020,Washoe,NV,Passenger,1,0,1,115,116,0.86
January 31 2023,Saratoga,NY,Passenger,1,1,2,41,43,4.65
February 28 2018,Dale,AL,Passenger,0,1,1,61,62,1.61
May 31 2023,Providence,RI,Passenger,1,0,1,20,21,4.76
January 31 2017,Hood River,OR,Passenger,1,0,1,42,43,2.33
November 30 2019,Clark,WA,Passenger,1806,1026,2832,317422,320254,0.88
February 28 2022,Whitman,WA,Passenger,70,56,126,21970,22096,0.57
October 31 2018,Adams,WA,Passenger,5,5,10,12714,12724,0.08
April 30 2023,Lincoln,WA,Passenger,18,17,35,7656,7691,0.46
July 31 2017,Duval,FL,Passenger,1,1,2,375,377,0.53
June 30 2020,Pacific,WA,Truck,0,0,0,7693,7693,0
December 31 2023,Bexar,TX,Passenger,2,3,5,354,359,1.39
May 31 2022,Dorchester,SC,Passenger,1,0,1,68,69,1.45
September 30 2019,Denver,CO,Passenger,1,0,1,130,131,0.76
May 31 2020,Clallam,WA,Passenger,222,165,387,50103,50490,0.77
August 31 2019,Walla Walla,WA,Passenger,56,63,119,36218,36337,0.33
November 30 2017,Lincoln,WA,Truck,0,0,0,4484,4484,0
June 30 2022,York,VA,Passenger,1,0,1,89,90,1.11
November 30 2021,Lake,FL,Passenger,1,0,1,25,26,3.85
September 30 2021,Onslow,NC,Passenger,0,1,1,172,173,0.58
November 30 2020,Grays Harbor,WA,Truck,0,0,0,21126,21126,0
March 31 2024,Clark,NV,Passenger,7,3,10,371,381,2.62
May 31 2024,Douglas,CO,Passenger,0,2,2,43,45,4.44
January 31 2023,Thurston,WA,Passenger,2693,1141,3834,191374,195208,1.96
February 28 2017,Orange,CA,Passenger,2,1,3,684,687,0.44
October 31 2018,Skamania,WA,Passenger,18,12,30,8721,8751,0.34
September 30 2018,Clackamas,OR,Passenger,0,1,1,223,224,0.45
November 30 2023,Spokane,WA,Truck,54,0,54,101723,101777,0.05
April 30 2024,Hoke,NC,Passenger,1,0,1,58,59,1.69
February 28 2021,Salt Lake,UT,Passenger,1,1,2,189,191,1.05
June 30 2021,Fort Bend,TX,Passenger,1,0,1,36,37,2.7
May 31 2024,Skagit,WA,Truck,47,0,47,31286,31333,0.15
August 31 2020,Arapahoe,CO,Passenger,1,0,1,136,137,0.73
October 31 2022,Pinal,AZ,Passenger,0,1,1,122,123,0.81
August 31 2021,Lake,FL,Passenger,1,0,1,25,26,3.85
November 30 2019,Anne Arundel,MD,Passenger,1,1,2,429,431,0.46
January 31 2017,San Juan,WA,Truck,0,0,0,5593,5593,0
February 28 2023,Albemarle,VA,Passenger,2,0,2,15,17,11.76
December 31 2021,Harnett,NC,Passenger,1,1,2,167,169,1.18
September 30 2019,Fresno,CA,Passenger,1,0,1,210,211,0.47
June 30 2022,Sarpy,NE,Passenger,1,0,1,66,67,1.49
July 31 2022,Columbia,WA,Passenger,7,0,7,2426,2433,0.29
July 31 2020,San Mateo,CA,Passenger,0,1,1,121,122,0.82
December 31 2023,Tarrant,TX,Passenger,2,0,2,83,85,2.35
May 31 2017,Monroe,NY,Passenger,1,0,1,27,28,3.57
April 30 2019,Bexar,TX,Passenger,2,4,6,686,692,0.87
April 30 2018,Dallas,TX,Passenger,0,1,1,199,200,0.5
August 31 2023,San Diego,CA,Passenger,21,7,28,2108,2136,1.31
June 30 2024,Stafford,VA,Passenger,3,0,3,64,67,4.48
July 31 2019,Salt Lake,UT,Passenger,1,0,1,211,212,0.47
January 31 2024,Williamson,TX,Passenger,1,1,2,50,52,3.85
April 30 2023,Pierce,WA,Truck,140,0,140,137603,137743,0.1
August 31 2023,San Juan,WA,Passenger,644,175,819,13767,14586,5.61
December 31 2019,Shasta,CA,Passenger,1,0,1,39,40,2.5
December 31 2022,Newport News,VA,Passenger,1,0,1,114,115,0.87
September 30 2020,Bucks,PA,Passenger,1,0,1,24,25,4
September 30 2018,Prince William,VA,Passenger,0,5,5,256,261,1.92
September 30 2023,Travis,TX,Passenger,1,1,2,89,91,2.2
December 31 2022,Pacific,WA,Truck,2,0,2,7823,7825,0.03
June 30 2017,Columbia,WA,Truck,0,0,0,1532,1532,0
January 31 2017,Union,OH,Passenger,1,0,1,4,5,20
February 28 2018,Prince William,VA,Passenger,0,5,5,266,271,1.85
May 31 2024,El Paso,CO,Truck,1,0,1,115,116,0.86
September 30 2021,Champaign,IL,Passenger,1,0,1,10,11,9.09
April 30 2019,Mason,WA,Passenger,117,116,233,46853,47086,0.49
February 28 2022,Asotin,WA,Passenger,22,18,40,12615,12655,0.32
December 31 2023,Jefferson,WA,Truck,18,0,18,9241,9259,0.19
February 29 2024,Asotin,WA,Truck,2,0,2,6588,6590,0.03
January 31 2022,Riverside,CA,Passenger,5,1,6,534,540,1.11
September 30 2019,Tulsa,OK,Passenger,1,1,2,59,61,3.28
July 31 2021,New Haven,CT,Passenger,0,2,2,32,34,5.88
October 31 2020,Lewis,WA,Passenger,114,117,231,58431,58662,0.39
February 28 2018,San Diego,CA,Passenger,6,2,8,2576,2584,0.31
April 30 2022,Jefferson,WA,Truck,0,0,0,9521,9521,0
January 31 2019,Riverside,CA,Passenger,2,2,4,685,689,0.58
August 31 2020,Cumberland,NC,Passenger,1,3,4,467,471,0.85
October 31 2023,Kings,CA,Passenger,5,2,7,275,282,2.48
August 31 2021,St. Mary's,MD,Passenger,1,0,1,205,206,0.49
April 30 2024,Middlesex,MA,Passenger,2,0,2,64,66,3.03
March 31 2023,Montgomery,MD,Passenger,5,3,8,201,209,3.83
July 31 2019,San Juan,WA,Truck,0,0,0,5889,5889,0
July 31 2022,San Bernardino,CA,Passenger,2,1,3,358,361,0.83
July 31 2024,Honolulu,HI,Passenger,4,1,5,197,202,2.48
May 31 2018,Collier,FL,Passenger,1,0,1,24,25,4
November 30 2023,Meade,KY,Passenger,1,0,1,16,17,5.88
July 31 2022,Snohomish,WA,Passenger,8654,2562,11216,530883,542099,2.07
May 31 2020,Pacific,WA,Passenger,31,33,64,15694,15758,0.41
December 31 2018,Whitman,WA,Passenger,24,38,62,22803,22865,0.27
January 31 2018,Deschutes,OR,Passenger,1,0,1,187,188,0.53
January 31 2022,Currituck,NC,Passenger,1,0,1,22,23,4.35
June 30 2020,Washtenaw,MI,Passenger,1,0,1,36,37,2.7
December 31 2018,Lee,FL,Passenger,1,0,1,51,52,1.92
June 30 2020,Pima,AZ,Passenger,3,1,4,371,375,1.07
August 31 2019,Thurston,WA,Truck,0,0,0,55423,55423,0
July 31 2018,Duval,FL,Passenger,1,2,3,384,387,0.78
December 31 2018,Palm Beach,FL,Passenger,0,2,2,94,96,2.08
October 31 2017,El Paso,CO,Passenger,2,1,3,774,777,0.39
February 28 2021,Harrison,MS,Passenger,2,0,2,55,57,3.51
March 31 2018,Grant,WA,Truck,0,0,0,25741,25741,0
August 31 2020,Dakota,MN,Passenger,0,1,1,33,34,2.94
March 31 2023,Okaloosa,FL,Passenger,0,1,1,101,102,0.98
March 31 2022,Geary,KS,Passenger,1,0,1,91,92,1.09
June 30 2021,Collin,TX,Passenger,2,1,3,125,128,2.34
April 30 2019,Lincoln,WA,Truck,0,0,0,4700,4700,0
August 31 2019,Kitsap,WA,Passenger,1112,633,1745,181431,183176,0.95
July 31 2021,Calvert,MD,Passenger,0,2,2,91,93,2.15
May 31 2024,Santa Barbara,CA,Passenger,1,0,1,56,57,1.75
September 30 2019,Carroll,NH,Passenger,0,1,1,3,4,25
December 31 2019,New London,CT,Passenger,0,1,1,240,241,0.41
January 31 2020,Spartanburg,SC,Passenger,0,1,1,48,49,2.04
May 31 2018,Klamath,OR,Passenger,1,0,1,35,36,2.78
February 29 2024,Caddo,LA,Passenger,2,0,2,12,14,14.29
November 30 2023,Utah,UT,Passenger,1,0,1,85,86,1.16
March 31 2020,San Juan,WA,Passenger,291,86,377,14273,14650,2.57
November 30 2022,Washoe,NV,Passenger,1,0,1,62,63,1.59
February 28 2022,Carroll,NH,Passenger,0,1,1,4,5,20
May 31 2020,Clark,WA,Truck,0,0,0,81860,81860,0
November 30 2022,Lake,IL,Passenger,2,0,2,135,137,1.46
March 31 2020,Montgomery,PA,Passenger,1,0,1,36,37,2.7
December 31 2021,Danville,VA,Passenger,1,0,1,0,1,100
November 30 2019,Clark,NV,Passenger,5,3,8,717,725,1.1
April 30 2017,Chelan,WA,Truck,0,0,0,21204,21204,0
January 31 2020,Alexandria,VA,Passenger,1,0,1,146,147,0.68
January 31 2017,Northampton,PA,Passenger,2,0,2,259,261,0.77
August 31 2020,New London,CT,Passenger,1,1,2,235,237,0.84
December 31 2021,Sedgwick,KS,Passenger,0,1,1,83,84,1.19
April 30 2023,Lee,AL,Passenger,1,0,1,17,18,5.56
February 28 2017,Maricopa,AZ,Passenger,2,1,3,1905,1908,0.16
December 31 2020,Solano,CA,Passenger,1,0,1,211,212,0.47
April 30 2017,Norfolk,VA,Passenger,1,1,2,304,306,0.65
February 29 2020,Nueces,TX,Passenger,1,0,1,84,85,1.18
December 31 2022,Chesterfield,VA,Passenger,1,0,1,37,38,2.63
June 30 2021,Adams,WA,Passenger,16,11,27,13022,13049,0.21
November 30 2018,Skagit,WA,Truck,1,0,1,32335,32336,0
December 31 2017,Queens,NY,Passenger,1,0,1,61,62,1.61
September 30 2023,Fredericksburg,VA,Passenger,1,0,1,6,7,14.29
May 31 2021,RÃ­o Grande,PR,Passenger,1,0,1,1,2,50
May 31 2018,Asotin,WA,Passenger,8,6,14,12596,12610,0.11
September 30 2022,,,Passenger,4,1,5,309,314,1.59
March 31 2022,Stevens,WA,Truck,0,0,0,18979,18979,0
October 31 2019,Arlington,VA,Passenger,0,2,2,156,158,1.27
October 31 2023,Palm Beach,FL,Passenger,1,1,2,46,48,4.17
July 31 2022,Denton,TX,Passenger,2,0,2,71,73,2.74
September 30 2020,Twin Falls,ID,Passenger,0,1,1,26,27,3.7
November 30 2019,Camden,NJ,Passenger,0,1,1,22,23,4.35
August 31 2018,Eagle,CO,Passenger,1,0,1,5,6,16.67
February 29 2020,Oldham,KY,Passenger,0,1,1,4,5,20
March 31 2021,Grays Harbor,WA,Passenger,150,131,281,48993,49274,0.57
November 30 2021,Rogers,OK,Passenger,1,0,1,7,8,12.5
April 30 2023,Marion,OR,Passenger,1,0,1,76,77,1.3
January 31 2017,Deschutes,OR,Passenger,1,1,2,245,247,0.81
January 31 2022,Dallas,TX,Passenger,1,0,1,149,150,0.67
December 31 2018,Santa Rosa,FL,Passenger,1,0,1,90,91,1.1
July 31 2024,Douglas,NE,Passenger,0,1,1,19,20,5
February 28 2021,Powhatan,VA,Passenger,1,0,1,2,3,33.33
June 30 2023,Cowlitz,WA,Passenger,476,217,693,69840,70533,0.98
April 30 2017,Snohomish,WA,Truck,1,0,1,122000,122001,0
May 31 2023,Sacramento,CA,Passenger,3,1,4,182,186,2.15
July 31 2020,Pierce,WA,Truck,0,0,0,142849,142849,0
May 31 2018,Skagit,WA,Truck,1,0,1,32040,32041,0
July 31 2020,Columbia,WA,Truck,0,0,0,1540,1540,0
April 30 2021,Larimer,CO,Passenger,1,0,1,47,48,2.08
January 31 2022,Cumberland,NC,Passenger,2,4,6,410,416,1.44
February 28 2019,Charleston,SC,Passenger,1,0,1,122,123,0.81
September 30 2017,Polk,FL,Passenger,1,0,1,66,67,1.49
April 30 2018,Jefferson,CO,Passenger,0,1,1,66,67,1.49
January 31 2022,Plaquemines,LA,Passenger,0,1,1,18,19,5.26
October 31 2023,Autauga,AL,Passenger,2,0,2,11,13,15.38
September 30 2018,Lincoln,WA,Passenger,2,6,8,7746,7754,0.1
July 31 2018,Benton,WA,Truck,0,0,0,41087,41087,0
February 28 2022,Richland,SC,Passenger,0,2,2,137,139,1.44
September 30 2022,Geary,KS,Passenger,1,0,1,82,83,1.2
July 31 2022,Hamilton,IN,Passenger,1,0,1,26,27,3.7
August 31 2023,Madison,IL,Passenger,2,0,2,16,18,11.11
January 31 2020,Guadalupe,TX,Passenger,1,0,1,72,73,1.37
May 31 2020,Ferry,WA,Passenger,5,3,8,4334,4342,0.18
June 30 2024,Nueces,TX,Passenger,1,1,2,42,44,4.55
October 31 2019,San Joaquin,CA,Passenger,1,0,1,146,147,0.68
August 31 2021,Prince George's,MD,Passenger,2,1,3,150,153,1.96
February 28 2023,Mason,WA,Truck,9,0,9,20851,20860,0.04
May 31 2017,Franklin,WA,Truck,0,0,0,18086,18086,0
September 30 2023,Grays Harbor,WA,Passenger,340,207,547,48116,48663,1.12
May 31 2023,Plaquemines,LA,Passenger,1,1,2,16,18,11.11
February 28 2021,Collier,FL,Passenger,1,0,1,21,22,4.55
December 31 2023,Lane,OR,Passenger,0,2,2,61,63,3.17
July 31 2019,Collier,FL,Passenger,1,0,1,20,21,4.76
February 29 2024,Kent,DE,Passenger,1,0,1,38,39,2.56
April 30 2020,Franklin,WA,Truck,0,0,0,19839,19839,0
March 31 2023,Honolulu,HI,Passenger,4,3,7,328,335,2.09
October 31 2019,Ada,ID,Passenger,0,2,2,313,315,0.63
February 28 2017,Saratoga,NY,Passenger,1,1,2,77,79,2.53
June 30 2021,Cowlitz,WA,Truck,0,0,0,29108,29108,0
February 28 2023,Okanogan,WA,Truck,2,0,2,16443,16445,0.01
April 30 2024,Asotin,WA,Truck,3,0,3,6558,6561,0.05
October 31 2022,Benton,WA,Passenger,865,484,1349,135536,136885,0.99
September 30 2021,Pend Oreille,WA,Passenger,17,7,24,9231,9255,0.26
May 31 2017,San Juan,WA,Passenger,104,38,142,13496,13638,1.04
March 31 2024,El Paso,CO,Truck,1,0,1,125,126,0.79
February 29 2020,Kitsap,WA,Truck,1,0,1,54371,54372,0
August 31 2021,Kittitas,WA,Truck,0,0,0,14783,14783,0
August 31 2020,Garfield,WA,Truck,0,0,0,992,992,0
August 31 2018,Clark,NV,Passenger,2,3,5,754,759,0.66
April 30 2022,Wilson,TX,Passenger,0,1,1,3,4,25
July 31 2024,Island,WA,Passenger,1509,550,2059,59584,61643,3.34
July 31 2017,Stevens,WA,Passenger,8,23,31,31391,31422,0.1
January 31 2020,El Paso,TX,Passenger,3,0,3,442,445,0.67
January 31 2022,San Bernardino,CA,Passenger,2,1,3,385,388,0.77
September 30 2020,Middlesex,MA,Passenger,1,0,1,94,95,1.05
January 31 2020,Shelby,OH,Passenger,0,1,1,2,3,33.33
March 31 2018,Clark,WA,Passenger,918,641,1559,305949,307508,0.51
January 31 2022,Grant,WA,Passenger,140,100,240,66768,67008,0.36
January 31 2021,Harnett,NC,Passenger,1,0,1,197,198,0.51
December 31 2022,Camden,NJ,Passenger,0,1,1,13,14,7.14
April 30 2017,Mercer,NJ,Passenger,0,1,1,19,20,5
February 28 2021,Garfield,WA,Truck,0,0,0,1003,1003,0
August 31 2019,Berkshire,MA,Passenger,0,1,1,4,5,20
August 31 2021,El Paso,CO,Passenger,2,1,3,686,689,0.44
September 30 2021,Cook,IL,Passenger,2,0,2,226,228,0.88
April 30 2018,Clackamas,OR,Passenger,0,1,1,231,232,0.43
April 30 2023,Boulder,CO,Passenger,2,0,2,40,42,4.76
April 30 2018,Queens,NY,Passenger,1,0,1,62,63,1.59
April 30 2022,Cowlitz,WA,Passenger,314,172,486,70837,71323,0.68
March 31 2018,King,WA,Truck,7,1,8,183667,183675,0
October 31 2020,Benton,WA,Truck,0,0,0,43054,43054,0
June 30 2021,Montgomery,MD,Passenger,3,1,4,231,235,1.7
February 29 2024,San Diego,CA,Truck,1,0,1,406,407,0.25
April 30 2020,Denver,CO,Passenger,1,0,1,123,124,0.81
November 30 2019,Manassas,VA,Passenger,0,1,1,7,8,12.5
July 31 2024,Harris,TX,Passenger,2,2,4,99,103,3.88
December 31 2018,Howard,MD,Passenger,0,1,1,91,92,1.09
June 30 2017,Jefferson,NY,Passenger,1,1,2,251,253,0.79
July 31 2019,Valencia,NM,Passenger,1,0,1,8,9,11.11
August 31 2017,King,WA,Truck,7,1,8,186725,186733,0
September 30 2021,Alameda,CA,Passenger,5,0,5,240,245,2.04
November 30 2017,Twin Falls,ID,Passenger,0,1,1,26,27,3.7
February 28 2021,Carroll,MD,Passenger,0,1,1,18,19,5.26
August 31 2018,Grays Harbor,WA,Passenger,54,65,119,46980,47099,0.25
May 31 2017,Collin,TX,Passenger,0,1,1,147,148,0.68
July 31 2018,Cook,IL,Passenger,1,0,1,261,262,0.38
June 30 2024,Douglas,WA,Truck,14,0,14,12849,12863,0.11
July 31 2023,Charleston,SC,Passenger,1,2,3,53,56,5.36
September 30 2021,Pima,AZ,Passenger,1,1,2,299,301,0.66
July 31 2018,Santa Fe,NM,Passenger,0,1,1,44,45,2.22
January 31 2022,Wichita,TX,Passenger,1,0,1,44,45,2.22
July 31 2018,St. Lucie,FL,Passenger,1,0,1,28,29,3.45
October 31 2021,Suffolk,MA,Passenger,0,2,2,30,32,6.25
August 31 2018,St. Clair,IL,Passenger,0,1,1,159,160,0.62
December 31 2021,Fort Bend,TX,Passenger,1,0,1,32,33,3.03
September 30 2023,Hennepin,MN,Passenger,1,0,1,38,39,2.56
June 30 2023,New Haven,CT,Passenger,0,2,2,26,28,7.14
December 31 2017,Pend Oreille,WA,Passenger,3,4,7,9443,9450,0.07
February 28 2021,Alameda,CA,Passenger,4,0,4,270,274,1.46
February 28 2019,Portsmouth,VA,Passenger,0,1,1,78,79,1.27
November 30 2023,Monterey,CA,Truck,1,0,1,26,27,3.7
March 31 2022,Benton,WA,Passenger,696,443,1139,135597,136736,0.83
May 31 2021,Thurston,WA,Passenger,1541,852,2393,197755,200148,1.2
June 30 2020,San Diego,CA,Passenger,15,4,19,2751,2770,0.69
August 31 2020,Monterey,CA,Passenger,0,2,2,173,175,1.14
June 30 2020,Fresno,CA,Passenger,1,0,1,202,203,0.49
September 30 2017,San Mateo,CA,Passenger,0,1,1,149,150,0.67
September 30 2020,Saginaw,MI,Passenger,1,0,1,10,11,9.09
April 30 2019,Stevens,WA,Passenger,20,27,47,31621,31668,0.15
March 31 2019,Clallam,WA,Passenger,154,129,283,50318,50601,0.56
December 31 2023,Howard,MD,Passenger,0,2,2,59,61,3.28
December 31 2018,Lee,AL,Passenger,1,0,1,36,37,2.7
September 30 2019,Santa Cruz,CA,Passenger,1,0,1,38,39,2.56
September 30 2022,Harford,MD,Passenger,1,1,2,44,46,4.35
July 31 2024,Alameda,CA,Passenger,4,1,5,121,126,3.97
April 30 2018,Montgomery,PA,Passenger,1,0,1,34,35,2.86
February 29 2020,Montgomery,PA,Passenger,2,0,2,36,38,5.26
October 31 2021,St. Louis,MO,Passenger,1,0,1,79,80,1.25
June 30 2022,Rockdale,GA,Passenger,1,0,1,7,8,12.5
August 31 2020,Mason,WA,Passenger,162,131,293,47394,47687,0.61
August 31 2019,Skamania,WA,Passenger,25,18,43,8746,8789,0.49
July 31 2018,Pinal,AZ,Passenger,2,0,2,209,211,0.95
June 30 2022,Leavenworth,KS,Passenger,0,1,1,101,102,0.98
September 30 2022,Whatcom,WA,Passenger,1951,770,2721,148564,151285,1.8
January 31 2020,Stevens,WA,Passenger,34,32,66,31478,31544,0.21
December 31 2023,Maricopa,AZ,Passenger,12,3,15,651,666,2.25
August 31 2023,Klickitat,WA,Truck,11,0,11,8222,8233,0.13
October 31 2022,Ferry,WA,Truck,0,0,0,3589,3589,0
April 30 2024,Douglas,NE,Passenger,0,1,1,27,28,3.57
July 31 2023,Douglas,CO,Passenger,0,2,2,60,62,3.23
October 31 2023,Albemarle,VA,Passenger,2,0,2,13,15,13.33
November 30 2021,Manassas,VA,Passenger,0,1,1,6,7,14.29
February 28 2017,Eagle,CO,Passenger,1,0,1,8,9,11.11
February 28 2023,Botetourt,VA,Passenger,1,0,1,1,2,50
January 31 2024,Mason,WA,Passenger,567,236,803,46141,46944,1.71
July 31 2023,Suffolk,VA,Passenger,1,0,1,104,105,0.95
September 30 2020,Honolulu,HI,Passenger,5,2,7,467,474,1.48
January 31 2018,Alameda,CA,Passenger,0,1,1,365,366,0.27
May 31 2023,Tarrant,TX,Passenger,2,0,2,88,90,2.22
November 30 2017,Mason,WA,Truck,0,0,0,19535,19535,0
March 31 2023,Whatcom,WA,Passenger,2283,837,3120,147569,150689,2.07
December 31 2022,Berkeley,SC,Passenger,0,1,1,117,118,0.85
June 30 2024,St. Mary's,MD,Passenger,2,0,2,157,159,1.26
November 30 2017,Benton,WA,Passenger,165,160,325,129861,130186,0.25
August 31 2017,Portsmouth,VA,Passenger,0,1,1,64,65,1.54
July 31 2019,Cumberland,NC,Passenger,1,2,3,513,516,0.58
May 31 2020,Hawaii,HI,Passenger,1,0,1,61,62,1.61
July 31 2023,Skagit,WA,Truck,23,0,23,31830,31853,0.07
May 31 2017,Bexar,TX,Passenger,1,0,1,982,983,0.1
March 31 2022,Okanogan,WA,Truck,0,0,0,16677,16677,0
July 31 2019,San Joaquin,CA,Passenger,1,0,1,136,137,0.73
August 31 2020,Jefferson,CO,Passenger,0,1,1,53,54,1.85
July 31 2023,Multnomah,OR,Passenger,2,2,4,449,453,0.88
July 31 2024,Ada,ID,Passenger,2,0,2,76,78,2.56
February 28 2019,Maui,HI,Passenger,2,0,2,52,54,3.7
May 31 2020,Virginia Beach,VA,Passenger,1,0,1,668,669,0.15
September 30 2019,Jefferson,NY,Passenger,0,1,1,215,216,0.46
December 31 2021,Douglas,NE,Passenger,1,2,3,52,55,5.45
July 31 2023,Grant,WA,Truck,12,0,12,28064,28076,0.04
May 31 2022,Larimer,CO,Passenger,1,0,1,42,43,2.33
November 30 2017,Orange,CA,Passenger,3,1,4,601,605,0.66
January 31 2019,Valencia,NM,Passenger,1,0,1,11,12,8.33
September 30 2019,Lincoln,WA,Truck,0,0,0,4690,4690,0
June 30 2024,Garfield,OK,Passenger,1,0,1,14,15,6.67
November 30 2022,St. Lawrence,NY,Passenger,1,0,1,4,5,20
April 30 2019,Monterey,CA,Passenger,0,1,1,195,196,0.51
January 31 2021,Sacramento,CA,Passenger,2,1,3,259,262,1.15
December 31 2018,Adams,WA,Passenger,5,6,11,12737,12748,0.09
November 30 2023,Tarrant,TX,Passenger,2,0,2,86,88,2.27
December 31 2023,Alexandria,VA,Passenger,3,0,3,87,90,3.33
February 29 2020,Palm Beach,FL,Passenger,0,2,2,86,88,2.27
December 31 2018,San Juan,PR,Passenger,0,1,1,5,6,16.67
May 31 2023,Orange,NC,Passenger,0,1,1,5,6,16.67
May 31 2023,Cook,IL,Passenger,2,1,3,169,172,1.74
November 30 2017,Wahkiakum,WA,Passenger,0,2,2,2868,2870,0.07
December 31 2019,Santa Clara,CA,Passenger,8,2,10,366,376,2.66
November 30 2021,Lee,FL,Passenger,1,0,1,35,36,2.78
October 31 2023,Virginia Beach,VA,Passenger,5,2,7,436,443,1.58
June 30 2018,Caddo,LA,Passenger,0,1,1,25,26,3.85
June 30 2021,Hamilton,IN,Passenger,2,0,2,38,40,5
April 30 2018,Washtenaw,MI,Passenger,1,0,1,38,39,2.56
February 29 2020,Washtenaw,MI,Passenger,1,0,1,40,41,2.44
April 30 2017,Okanogan,WA,Truck,0,0,0,16253,16253,0
February 28 2022,Kittitas,WA,Truck,0,0,0,14754,14754,0
February 28 2022,Onslow,NC,Passenger,0,1,1,168,169,0.59
April 30 2020,Richland,SC,Passenger,0,1,1,159,160,0.62
March 31 2017,Spokane,WA,Truck,1,0,1,90241,90242,0
November 30 2017,Honolulu,HI,Passenger,2,2,4,576,580,0.69
July 31 2020,Stevens,WA,Truck,0,0,0,18668,18668,0
September 30 2023,Pierce,WA,Truck,193,0,193,135889,136082,0.14
February 28 2017,Columbia,WA,Truck,0,0,0,1529,1529,0
September 30 2023,Hoke,NC,Passenger,1,0,1,64,65,1.54
January 31 2023,San Francisco,CA,Passenger,1,0,1,75,76,1.32
September 30 2020,Spokane,WA,Passenger,796,511,1307,318565,319872,0.41
January 31 2021,,,Passenger,5,1,6,364,370,1.62
August 31 2020,Carroll,MD,Passenger,0,1,1,17,18,5.56
October 31 2017,San Juan,WA,Passenger,127,40,167,13755,13922,1.2
February 28 2022,Douglas,NE,Passenger,1,2,3,51,54,5.56
July 31 2024,Burlington,NJ,Passenger,0,1,1,66,67,1.49
October 31 2019,Queens,NY,Passenger,1,0,1,51,52,1.92
August 31 2023,Washtenaw,MI,Passenger,0,2,2,20,22,9.09
February 29 2020,King,WA,Passenger,23439,7673,31112,1399500,1430612,2.17
March 31 2018,Maricopa,AZ,Passenger,1,2,3,1638,1641,0.18
December 31 2023,Hillsborough,FL,Passenger,2,2,4,99,103,3.88
July 31 2019,Frederick,MD,Passenger,1,1,2,78,80,2.5
May 31 2019,Grays Harbor,WA,Truck,0,0,0,20453,20453,0
February 28 2022,Sumter,SC,Passenger,0,1,1,31,32,3.12
March 31 2019,Nassau,NY,Passenger,3,0,3,43,46,6.52
April 30 2017,Yakima,WA,Passenger,38,54,92,159263,159355,0.06
October 31 2022,Asotin,WA,Passenger,26,19,45,12502,12547,0.36
February 28 2018,Jefferson,NY,Passenger,1,0,1,228,229,0.44
April 30 2023,Larimer,CO,Passenger,1,0,1,32,33,3.03
July 31 2020,St. Louis,MO,Passenger,1,0,1,100,101,0.99
September 30 2023,Wahkiakum,WA,Truck,4,0,4,1767,1771,0.23
August 31 2019,San Mateo,CA,Passenger,2,1,3,125,128,2.34
November 30 2020,Owyhee,ID,Passenger,1,0,1,4,5,20
November 30 2020,Dallas,IA,Passenger,0,1,1,10,11,9.09
March 31 2020,Carson City,NV,Passenger,1,0,1,11,12,8.33
October 31 2020,Snohomish,WA,Passenger,4829,1814,6643,537603,544246,1.22
March 31 2017,Skamania,WA,Truck,0,0,0,3881,3881,0
October 31 2020,Adams,WA,Truck,0,0,0,5333,5333,0
July 31 2023,Pima,AZ,Passenger,1,0,1,211,212,0.47
September 30 2023,Garfield,OK,Passenger,1,0,1,15,16,6.25
July 31 2022,Essex,MA,Passenger,2,0,2,16,18,11.11
December 31 2022,Wichita,TX,Passenger,1,0,1,42,43,2.33
April 30 2024,Galveston,TX,Passenger,0,1,1,14,15,6.67
March 31 2024,Jefferson,KY,Passenger,1,0,1,33,34,2.94
January 31 2020,Mason,WA,Truck,0,0,0,20555,20555,0
December 31 2022,Clallam,WA,Passenger,484,262,746,49374,50120,1.49
September 30 2020,Whitman,WA,Passenger,47,47,94,21977,22071,0.43
December 31 2023,Laramie,WY,Passenger,1,0,1,25,26,3.85
May 31 2024,Churchill,NV,Passenger,0,1,1,30,31,3.23
March 31 2023,Wilson,TX,Passenger,0,1,1,3,4,25
September 30 2021,Clallam,WA,Truck,1,0,1,22001,22002,0
May 31 2021,Whatcom,WA,Truck,4,0,4,43855,43859,0.01
August 31 2020,Nassau,FL,Passenger,1,0,1,37,38,2.63
November 30 2023,Franklin,WA,Passenger,375,158,533,62351,62884,0.85
September 30 2023,San Bernardino,CA,Passenger,3,1,4,306,310,1.29
March 31 2023,Chesapeake,VA,Passenger,3,1,4,328,332,1.2
December 31 2020,Putnam,TN,Passenger,0,1,1,3,4,25
May 31 2023,Douglas,WA,Passenger,197,60,257,28724,28981,0.89
November 30 2019,Snohomish,WA,Truck,0,0,0,123138,123138,0
February 29 2020,San Juan,WA,Truck,0,0,0,5924,5924,0
February 29 2024,Orange,CA,Passenger,7,2,9,282,291,3.09
October 31 2023,District of Columbia,DC,Passenger,1,0,1,133,134,0.75
August 31 2021,Suffolk,VA,Passenger,1,0,1,126,127,0.79
October 31 2022,Hennepin,MN,Passenger,1,0,1,55,56,1.79
July 31 2021,Saratoga,NY,Passenger,1,0,1,43,44,2.27
January 31 2021,Kent,MI,Passenger,0,1,1,27,28,3.57
February 28 2023,Mercer,NJ,Passenger,0,1,1,13,14,7.14
August 31 2020,Pierce,WA,Passenger,2518,1703,4221,552052,556273,0.76
September 30 2020,Island,WA,Truck,1,0,1,21233,21234,0
August 31 2020,Saginaw,MI,Passenger,1,0,1,10,11,9.09
June 30 2019,Norfolk,VA,Passenger,2,1,3,348,351,0.85
September 30 2020,Pacific,WA,Truck,0,0,0,7736,7736,0
June 30 2018,St. Mary's,MD,Passenger,1,0,1,213,214,0.47
July 31 2024,Harford,MD,Passenger,2,1,3,40,43,6.98
December 31 2023,Placer,CA,Passenger,1,0,1,64,65,1.54
October 31 2021,St. Clair,IL,Passenger,1,0,1,131,132,0.76
October 31 2022,Philadelphia,PA,Passenger,1,0,1,49,50,2
October 31 2019,Skagit,WA,Passenger,338,210,548,92580,93128,0.59
March 31 2017,Ferry,WA,Truck,0,0,0,3555,3555,0
December 31 2018,San Juan,WA,Truck,0,0,0,5818,5818,0
March 31 2023,Benton,WA,Truck,16,0,16,43336,43352,0.04
October 31 2017,Norfolk,MA,Passenger,1,0,1,39,40,2.5
December 31 2017,Grant,WA,Passenger,26,35,61,62094,62155,0.1
May 31 2022,Stevens,WA,Passenger,65,54,119,30020,30139,0.39
July 31 2022,Lincoln,WA,Passenger,9,16,25,7701,7726,0.32
July 31 2019,Jefferson,WA,Truck,0,0,0,9679,9679,0
June 30 2023,Moore,NC,Passenger,0,1,1,105,106,0.94
September 30 2023,Collin,TX,Passenger,4,0,4,46,50,8
November 30 2018,Snohomish,WA,Truck,1,0,1,121934,121935,0
November 30 2023,Chesterfield,VA,Passenger,1,0,1,34,35,2.86
August 31 2018,Norfolk,MA,Passenger,1,0,1,37,38,2.63
April 30 2021,Maui,HI,Passenger,2,0,2,31,33,6.06
October 31 2022,Howard,MD,Passenger,0,2,2,65,67,2.99
January 31 2023,Maui,HI,Passenger,1,0,1,27,28,3.57
November 30 2019,Collin,TX,Passenger,2,1,3,148,151,1.99
April 30 2022,Portsmouth,VA,Passenger,0,1,1,74,75,1.33
February 29 2024,Los Angeles,CA,Passenger,10,4,14,556,570,2.46
March 31 2021,Stafford,VA,Passenger,2,1,3,105,108,2.78
March 31 2020,Kootenai,ID,Passenger,1,2,3,231,234,1.28
July 31 2020,Santa Cruz,CA,Passenger,1,0,1,33,34,2.94
January 31 2023,Lane,OR,Passenger,0,2,2,98,100,2
September 30 2023,Wichita,TX,Passenger,1,0,1,34,35,2.86
April 30 2023,Randolph,NC,Passenger,1,0,1,2,3,33.33
December 31 2020,Klickitat,WA,Passenger,62,43,105,14973,15078,0.7
June 30 2023,Hawaii,HI,Passenger,1,0,1,35,36,2.78
March 31 2021,Contra Costa,CA,Passenger,3,4,7,269,276,2.54
February 28 2023,Berkeley,SC,Passenger,0,1,1,112,113,0.88
July 31 2019,Clallam,WA,Passenger,177,144,321,50633,50954,0.63
June 30 2023,Klickitat,WA,Truck,12,0,12,8225,8237,0.15
July 31 2023,Atlantic,NJ,Passenger,1,0,1,11,12,8.33
March 31 2018,Clallam,WA,Passenger,119,104,223,49510,49733,0.45
May 31 2024,Thurston,WA,Truck,132,0,132,52859,52991,0.25
January 31 2020,St. Mary's,MD,Passenger,1,0,1,207,208,0.48
July 31 2023,Sonoma,CA,Passenger,3,1,4,63,67,5.97
July 31 2019,Klamath,OR,Passenger,1,0,1,40,41,2.44
January 31 2018,DeKalb,IN,Passenger,1,0,1,1,2,50
December 31 2018,Thurston,WA,Passenger,738,571,1309,195481,196790,0.67
March 31 2019,Okanogan,WA,Passenger,20,21,41,25897,25938,0.16
September 30 2019,Asotin,WA,Truck,0,0,0,6682,6682,0
September 30 2017,Maricopa,AZ,Passenger,1,1,2,1711,1713,0.12
September 30 2021,Ventura,CA,Passenger,1,4,5,278,283,1.77
January 31 2021,Arapahoe,CO,Passenger,1,0,1,133,134,0.75
July 31 2017,Okaloosa,FL,Passenger,1,0,1,184,185,0.54
July 31 2023,Chesterfield,VA,Passenger,1,0,1,35,36,2.78
February 28 2017,Mason,WA,Passenger,47,61,108,42771,42879,0.25
June 30 2024,Santa Barbara,CA,Passenger,1,0,1,55,56,1.79
January 31 2021,Douglas,CO,Passenger,0,1,1,86,87,1.15
November 30 2018,Fresno,CA,Passenger,1,0,1,198,199,0.5
June 30 2019,Tulsa,OK,Passenger,1,1,2,56,58,3.45
February 28 2017,Thurston,WA,Passenger,350,309,659,184829,185488,0.36
December 31 2021,Dallas,TX,Passenger,1,0,1,155,156,0.64
March 31 2020,Hamilton,IN,Passenger,1,0,1,43,44,2.27
January 31 2021,Suffolk,VA,Passenger,1,0,1,124,125,0.8
July 31 2023,Albemarle,VA,Passenger,2,0,2,14,16,12.5
August 31 2019,Prince George's,MD,Passenger,1,1,2,180,182,1.1
May 31 2022,Philadelphia,PA,Passenger,1,0,1,43,44,2.27
April 30 2021,Tarrant,TX,Passenger,1,0,1,165,166,0.6
July 31 2024,Sedgwick,KS,Passenger,0,1,1,38,39,2.56
July 31 2022,Allen,IN,Passenger,1,0,1,19,20,5
July 31 2022,Bartow,GA,Passenger,0,1,1,4,5,20
September 30 2022,Yellowstone,MT,Passenger,0,1,1,20,21,4.76
July 31 2022,Pacific,WA,Passenger,64,71,135,15809,15944,0.85
January 31 2018,Hawaii,HI,Passenger,1,0,1,84,85,1.18
February 29 2020,Wahkiakum,WA,Passenger,5,5,10,3018,3028,0.33
February 28 2023,Lake,FL,Passenger,1,0,1,19,20,5
March 31 2019,Manassas,VA,Passenger,0,1,1,9,10,10
April 30 2021,Klickitat,WA,Passenger,67,47,114,15177,15291,0.75
July 31 2020,,,Passenger,6,1,7,380,387,1.81
July 31 2022,Nassau,NY,Passenger,3,0,3,32,35,8.57
December 31 2017,Adams,WA,Truck,0,0,0,5126,5126,0
June 30 2022,Pierce,WA,Passenger,5055,2303,7358,544914,552272,1.33
February 29 2020,Whitman,WA,Passenger,42,48,90,22603,22693,0.4
June 30 2017,Clark,NV,Passenger,2,2,4,841,845,0.47
September 30 2021,Prince William,VA,Passenger,1,3,4,216,220,1.82
September 30 2023,York,VA,Passenger,1,0,1,69,70,1.43
May 31 2023,Lee,AL,Passenger,1,0,1,16,17,5.88
December 31 2023,Rock Island,IL,Passenger,0,1,1,12,13,7.69
October 31 2020,Maricopa,AZ,Passenger,6,9,15,1470,1485,1.01
September 30 2021,Henrico,VA,Passenger,0,1,1,14,15,6.67
January 31 2021,Sumter,FL,Passenger,0,1,1,11,12,8.33
January 31 2022,Maui,HI,Passenger,1,0,1,29,30,3.33
March 31 2022,Botetourt,VA,Passenger,1,0,1,1,2,50
July 31 2024,Fairfax,VA,Truck,1,0,1,77,78,1.28
May 31 2019,Randolph,NC,Passenger,1,0,1,6,7,14.29
February 28 2017,,,Passenger,2,0,2,465,467,0.43
April 30 2018,Skagit,WA,Truck,1,0,1,31975,31976,0
June 30 2023,Grant,WA,Truck,11,0,11,28084,28095,0.04
September 30 2020,Pinellas,FL,Passenger,1,1,2,113,115,1.74
August 31 2018,Broward,FL,Passenger,1,1,2,136,138,1.45
July 31 2021,Nassau,NY,Passenger,3,0,3,36,39,7.69
May 31 2023,Albemarle,VA,Passenger,2,0,2,14,16,12.5
May 31 2023,Travis,TX,Passenger,2,1,3,100,103,2.91
January 31 2017,Tulare,CA,Passenger,1,0,1,204,205,0.49
April 30 2022,Palm Beach,FL,Passenger,1,1,2,59,61,3.28
October 31 2021,Mercer,NJ,Passenger,0,1,1,10,11,9.09
February 29 2024,Pend Oreille,WA,Passenger,33,21,54,8756,8810,0.61
February 29 2024,Douglas,WA,Truck,11,0,11,13039,13050,0.08
June 30 2023,Kings,CA,Passenger,2,2,4,285,289,1.38
October 31 2022,Cook,IL,Passenger,2,0,2,195,197,1.02
June 30 2020,Charleston,SC,Passenger,1,0,1,107,108,0.93
May 31 2022,Harris,TX,Passenger,2,0,2,182,184,1.09
October 31 2020,Platte,MO,Passenger,1,0,1,19,20,5
January 31 2022,St. Clair,IL,Passenger,1,0,1,129,130,0.77
March 31 2022,Danville,VA,Passenger,1,0,1,0,1,100
March 31 2019,Island,WA,Truck,0,0,0,21175,21175,0
December 31 2018,Maricopa,AZ,Passenger,2,3,5,1628,1633,0.31
January 31 2019,Kalamazoo,MI,Passenger,1,0,1,16,17,5.88
October 31 2020,Greene,MO,Passenger,0,1,1,36,37,2.7
November 30 2022,Ray,MO,Passenger,0,1,1,1,2,50
October 31 2022,Pierce,WA,Truck,62,0,62,139965,140027,0.04
September 30 2021,Chelan,WA,Passenger,375,104,479,54738,55217,0.87
April 30 2018,Clark,NV,Passenger,2,3,5,764,769,0.65
October 31 2017,Fulton,GA,Passenger,1,0,1,110,111,0.9
February 28 2019,Richland,SC,Passenger,0,1,1,166,167,0.6
December 31 2021,York,VA,Passenger,1,0,1,95,96,1.04
November 30 2020,Powhatan,VA,Passenger,1,0,1,1,2,50
February 28 2018,Kittitas,WA,Passenger,37,27,64,28680,28744,0.22
September 30 2022,Mason,WA,Passenger,337,176,513,46871,47384,1.08
September 30 2017,Dakota,MN,Passenger,0,2,2,37,39,5.13
June 30 2020,Carroll,NH,Passenger,0,1,1,4,5,20
October 31 2017,Douglas,WA,Passenger,36,32,68,26965,27033,0.25
October 31 2021,Carroll,MD,Passenger,0,1,1,18,19,5.26
March 31 2021,Collin,TX,Passenger,2,1,3,130,133,2.26
November 30 2020,Sarasota,FL,Passenger,2,0,2,38,40,5
June 30 2022,Hamilton,IN,Passenger,1,0,1,29,30,3.33
May 31 2024,Platte,MO,Passenger,2,0,2,17,19,10.53
March 31 2023,Jefferson,WA,Passenger,525,247,772,24271,25043,3.08
March 31 2017,Collin,TX,Passenger,0,1,1,154,155,0.65
February 29 2020,Deschutes,OR,Passenger,4,0,4,155,159,2.52
June 30 2022,Muscogee,GA,Passenger,0,1,1,125,126,0.79
June 30 2017,Wayne,MI,Passenger,0,1,1,72,73,1.37
March 31 2022,Philadelphia,PA,Passenger,1,0,1,44,45,2.22
July 31 2023,Snohomish,WA,Passenger,13180,3138,16318,527402,543720,3
April 30 2019,Ferry,WA,Passenger,4,2,6,4374,4380,0.14
March 31 2021,Fairbanks North Star,AK,Passenger,0,1,1,91,92,1.09
July 31 2018,Montgomery,MD,Passenger,1,0,1,292,293,0.34
December 31 2019,Shelby,TN,Passenger,0,1,1,100,101,0.99
September 30 2020,St. Louis,MO,Passenger,1,0,1,100,101,0.99
December 31 2019,Arapahoe,CO,Passenger,1,0,1,146,147,0.68
March 31 2021,Carroll,NH,Passenger,0,1,1,4,5,20
October 31 2020,Putnam,TN,Passenger,0,1,1,2,3,33.33
March 31 2020,Whatcom,WA,Passenger,1058,490,1548,151132,152680,1.01
April 30 2023,Whatcom,WA,Passenger,2341,859,3200,147645,150845,2.12
October 31 2018,Salt Lake,UT,Passenger,1,0,1,226,227,0.44
July 31 2018,Nueces,TX,Passenger,1,1,2,87,89,2.25
November 30 2022,Essex,MA,Passenger,2,0,2,14,16,12.5
March 31 2019,Monroe,IL,Passenger,1,0,1,3,4,25
October 31 2022,Penobscot,ME,Passenger,0,1,1,8,9,11.11
February 28 2023,Cowlitz,WA,Truck,7,0,7,28311,28318,0.02
April 30 2020,Lewis,WA,Truck,0,0,0,25978,25978,0
March 31 2018,Clark,NV,Passenger,2,3,5,762,767,0.65
August 31 2017,Orleans,LA,Passenger,0,1,1,44,45,2.22
March 31 2023,Portsmouth,VA,Passenger,0,1,1,65,66,1.52
October 31 2023,Brown,WI,Passenger,1,0,1,4,5,20
June 30 2022,Snohomish,WA,Passenger,8355,2525,10880,532357,543237,2
October 31 2023,Whitman,WA,Passenger,185,93,278,21968,22246,1.25
August 31 2023,Clark,NV,Passenger,7,3,10,428,438,2.28
August 31 2021,Harris,TX,Passenger,1,1,2,220,222,0.9
July 31 2024,St. Charles,MO,Passenger,1,0,1,19,20,5
April 30 2023,Washtenaw,MI,Passenger,0,2,2,25,27,7.41
April 30 2021,Moore,NC,Passenger,0,1,1,134,135,0.74
September 30 2020,Riverside,CA,Passenger,3,0,3,632,635,0.47
March 31 2019,Charles,MD,Passenger,0,1,1,83,84,1.19
October 31 2022,Okaloosa,FL,Passenger,0,1,1,103,104,0.96
June 30 2022,Grant,WA,Truck,0,0,0,28004,28004,0
February 29 2024,Yolo,CA,Passenger,2,0,2,21,23,8.7
January 31 2024,Hoke,NC,Passenger,1,0,1,61,62,1.61
April 30 2023,Kootenai,ID,Truck,1,0,1,31,32,3.12
January 31 2021,Clallam,WA,Truck,1,0,1,21859,21860,0
December 31 2019,Walla Walla,WA,Truck,0,0,0,13661,13661,0
January 31 2024,Garfield,WA,Truck,0,0,0,982,982,0
January 31 2020,Bucks,PA,Passenger,1,0,1,23,24,4.17
September 30 2023,Pinal,AZ,Passenger,2,1,3,85,88,3.41
August 31 2020,Chesapeake,VA,Passenger,0,1,1,431,432,0.23
August 31 2019,Los Angeles,CA,Passenger,6,6,12,1143,1155,1.04
December 31 2021,San Mateo,CA,Passenger,2,0,2,93,95,2.11
February 28 2017,Nueces,TX,Passenger,0,1,1,98,99,1.01
February 28 2018,Volusia,FL,Passenger,0,1,1,36,37,2.7
September 30 2022,Montgomery,MD,Passenger,4,2,6,204,210,2.86
April 30 2020,Anne Arundel,MD,Passenger,0,1,1,411,412,0.24
November 30 2019,Montgomery,TX,Passenger,1,0,1,60,61,1.64
September 30 2022,Middlesex,MA,Passenger,2,0,2,91,93,2.15
October 31 2017,Ventura,CA,Passenger,0,1,1,348,349,0.29
June 30 2020,Pend Oreille,WA,Truck,0,0,0,5759,5759,0
June 30 2020,Flathead,MT,Passenger,1,0,1,66,67,1.49
August 31 2019,Bergen,NJ,Passenger,1,0,1,27,28,3.57
November 30 2019,San Mateo,CA,Passenger,1,1,2,133,135,1.48
October 31 2018,Suffolk,MA,Passenger,0,1,1,46,47,2.13
September 30 2018,Santa Fe,NM,Passenger,0,1,1,45,46,2.17
September 30 2021,King,WA,Passenger,32864,9685,42549,1364247,1406796,3.02
February 28 2017,District of Columbia,DC,Passenger,0,3,3,225,228,1.32
April 30 2022,Suffolk,VA,Passenger,1,0,1,126,127,0.79
July 31 2020,Juneau,AK,Passenger,0,1,1,32,33,3.03
March 31 2023,Jackson,OK,Passenger,0,1,1,36,37,2.7
October 31 2022,Douglas,CO,Passenger,0,1,1,76,77,1.3
April 30 2020,Pierce,WA,Truck,0,0,0,141065,141065,0
January 31 2023,Klickitat,WA,Truck,4,0,4,8229,8233,0.05
April 30 2018,San Mateo,CA,Passenger,1,1,2,136,138,1.45
April 30 2022,Lane,OR,Passenger,0,2,2,114,116,1.72
November 30 2019,Queens,NY,Passenger,1,0,1,53,54,1.85
November 30 2022,Fredericksburg,VA,Passenger,1,0,1,6,7,14.29
September 30 2022,Stafford,VA,Passenger,2,1,3,91,94,3.19
July 31 2021,Middlesex,MA,Passenger,1,0,1,101,102,0.98
April 30 2021,Ramsey,MN,Passenger,1,0,1,36,37,2.7
July 31 2023,Spokane,WA,Passenger,2364,1135,3499,322240,325739,1.07
August 31 2020,Franklin,WA,Passenger,66,76,142,60763,60905,0.23
May 31 2024,Pend Oreille,WA,Passenger,35,19,54,8687,8741,0.62
June 30 2022,Kittitas,WA,Truck,1,0,1,14653,14654,0.01
August 31 2023,Lincoln,WA,Truck,0,0,0,4844,4844,0
February 28 2019,Columbia,WA,Truck,0,0,0,1525,1525,0
April 30 2022,Kauai,HI,Passenger,1,0,1,20,21,4.76
February 28 2022,Walla Walla,WA,Passenger,152,90,242,36200,36442,0.66
February 28 2021,Kent,MI,Passenger,0,1,1,28,29,3.45
March 31 2022,Lincoln,OR,Passenger,0,1,1,33,34,2.94
December 31 2021,San Luis Obispo,CA,Passenger,1,0,1,65,66,1.52
December 31 2022,Charles,MD,Passenger,1,1,2,57,59,3.39
December 31 2020,Palm Beach,FL,Passenger,1,2,3,81,84,3.57
December 31 2017,Jefferson,NY,Passenger,1,0,1,231,232,0.43
November 30 2019,Kent,MI,Passenger,0,1,1,27,28,3.57
April 30 2017,Northampton,PA,Passenger,2,0,2,191,193,1.04
January 31 2018,Prince William,VA,Passenger,0,5,5,266,271,1.85
August 31 2022,Klickitat,WA,Passenger,105,54,159,15155,15314,1.04
December 31 2021,Orange,NC,Passenger,0,1,1,12,13,7.69
March 31 2023,Grays Harbor,WA,Truck,2,0,2,20994,20996,0.01
April 30 2021,Placer,CA,Passenger,2,0,2,86,88,2.27
June 30 2022,Stafford,VA,Passenger,2,1,3,95,98,3.06
June 30 2017,Shelby,TN,Passenger,0,1,1,113,114,0.88
August 31 2020,Jones,GA,Passenger,1,0,1,1,2,50
June 30 2019,Chelan,WA,Truck,0,0,0,22276,22276,0
January 31 2022,Monterey,CA,Passenger,0,3,3,158,161,1.86
February 28 2018,Queens,NY,Passenger,1,0,1,62,63,1.59
July 31 2022,Kings,CA,Passenger,2,1,3,317,320,0.94
August 31 2019,Randolph,NC,Passenger,1,0,1,6,7,14.29
May 31 2021,Harford,MD,Passenger,0,1,1,57,58,1.72
August 31 2022,Fredericksburg,VA,Passenger,1,0,1,7,8,12.5
October 31 2023,Essex,MA,Passenger,1,0,1,10,11,9.09
February 28 2019,Bexar,TX,Passenger,2,4,6,701,707,0.85
May 31 2018,Kittitas,WA,Passenger,45,32,77,28899,28976,0.27
February 29 2020,Virginia Beach,VA,Passenger,1,0,1,689,690,0.14
September 30 2019,Franklin,WA,Truck,0,0,0,19530,19530,0
September 30 2018,Dale,AL,Passenger,0,1,1,54,55,1.82
May 31 2024,Essex,NJ,Passenger,2,1,3,6,9,33.33
December 31 2023,Bay,FL,Passenger,1,0,1,21,22,4.55
February 28 2023,Pierce,WA,Passenger,6580,2576,9156,534793,543949,1.68
June 30 2019,Thurston,WA,Passenger,874,638,1512,197564,199076,0.76
October 31 2018,Grant,WA,Passenger,32,50,82,63916,63998,0.13
December 31 2023,San Juan,WA,Passenger,684,195,879,13672,14551,6.04
July 31 2021,Kern,CA,Passenger,0,1,1,210,211,0.47
March 31 2020,Guadalupe,TX,Passenger,1,0,1,70,71,1.41
March 31 2021,Maui,HI,Passenger,2,0,2,30,32,6.25
August 31 2023,Orange,FL,Passenger,2,0,2,60,62,3.23
May 31 2020,Oldham,KY,Passenger,0,1,1,4,5,20
October 31 2021,King,WA,Truck,4,1,5,183376,183381,0
September 30 2023,Douglas,WA,Truck,8,0,8,13076,13084,0.06
January 31 2020,Kitsap,WA,Truck,1,0,1,54463,54464,0
September 30 2023,Island,WA,Passenger,1184,459,1643,60918,62561,2.63
May 31 2021,Pacific,WA,Truck,0,0,0,7933,7933,0
December 31 2019,Pend Oreille,WA,Passenger,7,7,14,9509,9523,0.15
June 30 2019,Oldham,KY,Passenger,0,1,1,5,6,16.67
November 30 2022,Cowlitz,WA,Passenger,389,187,576,70138,70714,0.81
January 31 2023,Skagit,WA,Passenger,955,365,1320,89219,90539,1.46
May 31 2023,Jefferson,WA,Passenger,552,260,812,24279,25091,3.24
May 31 2018,Sacramento,CA,Passenger,1,1,2,315,317,0.63
October 31 2018,Asotin,WA,Truck,0,0,0,6634,6634,0
December 31 2023,Adams,WA,Truck,3,0,3,5355,5358,0.06
July 31 2023,Kauai,HI,Passenger,0,1,1,16,17,5.88
November 30 2018,Monroe,IL,Passenger,1,0,1,3,4,25
July 31 2019,Clark,WA,Truck,0,0,0,80583,80583,0
May 31 2024,Riverside,CA,Passenger,3,0,3,330,333,0.9
December 31 2020,Deschutes,OR,Passenger,2,0,2,137,139,1.44
April 30 2020,Santa Clara,CA,Passenger,8,2,10,334,344,2.91
February 28 2022,Whatcom,WA,Truck,4,0,4,43569,43573,0.01
February 28 2018,Montgomery,PA,Passenger,1,0,1,34,35,2.86
June 30 2018,Prince George,VA,Passenger,0,1,1,71,72,1.39
May 31 2024,Sacramento,CA,Truck,1,0,1,27,28,3.57
January 31 2023,Wilson,TX,Passenger,0,1,1,3,4,25
May 31 2020,Ramsey,MN,Passenger,1,0,1,46,47,2.13
March 31 2021,Okaloosa,FL,Passenger,0,1,1,139,140,0.71
May 31 2023,Garfield,WA,Truck,0,0,0,976,976,0
June 30 2017,Garfield,WA,Truck,0,0,0,939,939,0
November 30 2023,New Haven,CT,Passenger,0,2,2,26,28,7.14
September 30 2022,Juneau,AK,Passenger,0,1,1,31,32,3.12
November 30 2022,Eau Claire,WI,Passenger,1,0,1,1,2,50
January 31 2024,King,WA,Passenger,71842,17412,89254,1315101,1404355,6.36
May 31 2018,Monterey,CA,Passenger,0,1,1,191,192,0.52
January 31 2024,DuPage,IL,Passenger,2,1,3,27,30,10
May 31 2019,Monroe,IL,Passenger,1,0,1,4,5,20
September 30 2022,Orange,NC,Passenger,0,1,1,7,8,12.5
October 31 2017,Clark,NV,Passenger,2,3,5,781,786,0.64
June 30 2021,San Diego,CA,Passenger,18,4,22,2606,2628,0.84
January 31 2019,Lincoln,WA,Truck,0,0,0,4665,4665,0
May 31 2020,Santa Clara,CA,Passenger,8,2,10,320,330,3.03
January 31 2021,Queens,NY,Passenger,1,0,1,53,54,1.85
December 31 2017,Charles,MD,Passenger,0,1,1,87,88,1.14
July 31 2024,San Diego,CA,Passenger,20,7,27,1658,1685,1.6
September 30 2019,Monterey,CA,Passenger,0,1,1,193,194,0.52
May 31 2023,Fairbanks North Star,AK,Passenger,0,1,1,55,56,1.79
June 30 2022,Sevier,AR,Passenger,0,1,1,0,1,100
November 30 2023,Bexar,TX,Passenger,2,3,5,365,370,1.35
April 30 2017,Columbia,WA,Passenger,0,1,1,2358,2359,0.04
November 30 2018,Hamilton,IN,Passenger,1,0,1,47,48,2.08
September 30 2022,Hamilton,OH,Passenger,1,0,1,37,38,2.63
June 30 2023,Franklin,WA,Passenger,308,138,446,61952,62398,0.71
March 31 2021,Camden,NJ,Passenger,0,1,1,15,16,6.25
November 30 2019,Alameda,CA,Passenger,4,1,5,304,309,1.62
October 31 2021,Coryell,TX,Passenger,1,0,1,110,111,0.9
September 30 2018,Prince George's,MD,Passenger,1,1,2,183,185,1.08
September 30 2020,Montgomery,PA,Passenger,1,0,1,28,29,3.45
May 31 2023,Eagle,CO,Passenger,1,0,1,6,7,14.29
February 29 2024,Pierce,WA,Truck,259,0,259,134050,134309,0.19
February 29 2024,Prince George's,MD,Passenger,3,1,4,104,108,3.7
November 30 2022,Pulaski,MO,Passenger,2,0,2,106,108,1.85
March 31 2024,Williamson,TX,Passenger,1,1,2,46,48,4.17
October 31 2019,Penobscot,ME,Passenger,0,1,1,13,14,7.14
August 31 2023,New Castle,DE,Passenger,1,0,1,17,18,5.56
February 28 2022,Danville,VA,Passenger,1,0,1,0,1,100
July 31 2022,Grant,WA,Truck,0,0,0,27943,27943,0
September 30 2018,Asotin,WA,Truck,0,0,0,6629,6629,0
January 31 2021,Ferry,WA,Passenger,9,3,12,4344,4356,0.28
October 31 2022,Ventura,CA,Passenger,3,3,6,247,253,2.37
August 31 2019,Loudoun,VA,Passenger,1,0,1,95,96,1.04
November 30 2021,Danville,VA,Passenger,1,0,1,0,1,100
November 30 2023,Multnomah,OR,Passenger,2,1,3,395,398,0.75
March 31 2019,Clay,FL,Passenger,0,1,1,85,86,1.16
January 31 2023,Island,WA,Truck,20,0,20,21113,21133,0.09
October 31 2018,Caddo,LA,Passenger,0,1,1,27,28,3.57
May 31 2024,Lane,OR,Passenger,0,1,1,53,54,1.85
April 30 2021,Pend Oreille,WA,Truck,0,0,0,5736,5736,0
August 31 2020,Powhatan,VA,Passenger,1,0,1,1,2,50
August 31 2020,Okanogan,WA,Passenger,40,34,74,25962,26036,0.28
September 30 2018,Columbia,WA,Passenger,2,2,4,2429,2433,0.16
June 30 2023,Cumberland,PA,Passenger,1,0,1,36,37,2.7
September 30 2023,Newport News,VA,Passenger,1,0,1,104,105,0.95
April 30 2024,Marion,IA,Passenger,1,0,1,0,1,100
August 31 2021,Clallam,WA,Passenger,350,220,570,50488,51058,1.12
December 31 2020,Skamania,WA,Passenger,33,22,55,8340,8395,0.66
January 31 2018,Benton,WA,Truck,0,0,0,40711,40711,0
April 30 2021,Collin,TX,Passenger,2,1,3,131,134,2.24
January 31 2024,Orange,FL,Passenger,2,0,2,50,52,3.85
January 31 2017,Orleans,LA,Passenger,0,1,1,52,53,1.89
July 31 2018,Lee,AL,Passenger,1,0,1,37,38,2.63
September 30 2017,Collin,TX,Passenger,0,1,1,150,151,0.66
May 31 2024,Placer,CA,Passenger,1,0,1,57,58,1.72
June 30 2018,Sumter,FL,Passenger,0,1,1,10,11,9.09
April 30 2020,Bartow,GA,Passenger,0,1,1,4,5,20
March 31 2022,Clinton,PA,Passenger,1,0,1,0,1,100
January 31 2023,Solano,CA,Passenger,4,0,4,157,161,2.48
September 30 2018,Manassas,VA,Passenger,0,1,1,9,10,10
March 31 2024,New York,NY,Passenger,2,0,2,34,36,5.56
June 30 2019,Pierce,WA,Truck,0,0,0,139736,139736,0
September 30 2022,Virginia Beach,VA,Passenger,2,1,3,510,513,0.58
February 28 2018,Nueces,TX,Passenger,1,1,2,94,96,2.08
March 31 2022,Gwinnett,GA,Passenger,1,0,1,61,62,1.61
March 31 2022,Essex,NJ,Passenger,2,0,2,13,15,13.33
May 31 2020,Kitsap,WA,Passenger,1312,678,1990,179547,181537,1.1
March 31 2017,Monterey,CA,Passenger,0,1,1,223,224,0.45
July 31 2018,Howard,MD,Passenger,0,1,1,93,94,1.06
September 30 2018,Washtenaw,MI,Passenger,1,0,1,37,38,2.63
February 29 2020,Powhatan,VA,Passenger,1,0,1,1,2,50
March 31 2020,Clallam,WA,Passenger,214,166,380,50649,51029,0.74
February 28 2021,Utah,UT,Passenger,0,1,1,137,138,0.72
August 31 2020,Moore,NC,Passenger,0,2,2,154,156,1.28
March 31 2021,Lake,FL,Passenger,1,0,1,24,25,4
September 30 2021,Tom Green,TX,Passenger,0,1,1,22,23,4.35
February 28 2019,Franklin,MA,Passenger,0,1,1,2,3,33.33
March 31 2022,Spokane,WA,Truck,0,0,0,102343,102343,0
July 31 2023,Franklin,WA,Passenger,322,143,465,61954,62419,0.74
April 30 2021,Wahkiakum,WA,Passenger,11,6,17,3112,3129,0.54
July 31 2022,El Paso,TX,Passenger,4,0,4,355,359,1.11
August 31 2021,Collier,FL,Passenger,1,0,1,19,20,5
May 31 2020,Lincoln,WA,Passenger,4,12,16,7637,7653,0.21
May 31 2019,Stevens,WA,Passenger,21,29,50,31659,31709,0.16
October 31 2017,Hardin,KY,Passenger,0,1,1,111,112,0.89
May 31 2022,Marin,CA,Passenger,1,1,2,36,38,5.26
April 30 2022,Douglas,WA,Passenger,127,57,184,28510,28694,0.64
January 31 2020,Sacramento,CA,Passenger,1,1,2,303,305,0.66
September 30 2017,Cobb,GA,Passenger,0,1,1,70,71,1.41
January 31 2024,Autauga,AL,Passenger,2,0,2,10,12,16.67
July 31 2020,Penobscot,ME,Passenger,0,1,1,14,15,6.67
December 31 2023,Kitsap,WA,Passenger,3940,1518,5458,175363,180821,3.02
September 30 2023,Mason,WA,Truck,16,0,16,20614,20630,0.08
January 31 2022,Kittitas,WA,Truck,0,0,0,14771,14771,0
April 30 2020,Los Angeles,CA,Passenger,6,12,18,1057,1075,1.67
July 31 2023,Richland,SC,Passenger,0,1,1,110,111,0.9
January 31 2022,Wake,NC,Passenger,1,0,1,124,125,0.8
June 30 2020,Collier,FL,Passenger,1,0,1,22,23,4.35
November 30 2017,Eagle,CO,Passenger,1,0,1,6,7,14.29
April 30 2018,Williamson,TX,Passenger,0,1,1,164,165,0.61
May 31 2018,Grays Harbor,WA,Truck,0,0,0,20176,20176,0
February 28 2021,Owyhee,ID,Passenger,1,0,1,4,5,20
July 31 2022,Kittitas,WA,Truck,1,0,1,14612,14613,0.01
May 31 2022,Portsmouth,VA,Passenger,0,1,1,75,76,1.32
April 30 2021,St. Mary's,MD,Passenger,1,0,1,209,210,0.48
January 31 2023,Clallam,WA,Truck,9,0,9,21842,21851,0.04
November 30 2020,Pierce,WA,Truck,0,0,0,144444,144444,0
July 31 2017,Kitsap,WA,Truck,1,0,1,52514,52515,0
November 30 2021,Lewis,WA,Passenger,197,165,362,59583,59945,0.6
January 31 2018,Grant,WA,Passenger,29,37,66,62282,62348,0.11
January 31 2023,Franklin,WA,Passenger,262,124,386,61774,62160,0.62
July 31 2021,Stafford,VA,Passenger,2,1,3,107,110,2.73
September 30 2020,Benton,WA,Passenger,393,329,722,134325,135047,0.53
September 30 2017,Salt Lake,UT,Passenger,1,0,1,253,254,0.39
August 31 2023,Hudson,NJ,Passenger,2,0,2,18,20,10
April 30 2017,Hamilton,IN,Passenger,1,0,1,61,62,1.61
June 30 2023,Burlington,NJ,Passenger,2,2,4,88,92,4.35
December 31 2019,Cowlitz,WA,Passenger,118,107,225,73621,73846,0.3
May 31 2021,Palm Beach,FL,Passenger,1,1,2,76,78,2.56
January 31 2024,St. Lawrence,NY,Passenger,1,0,1,3,4,25
July 31 2022,Ferry,WA,Passenger,21,4,25,4375,4400,0.57
November 30 2023,Pierce,WA,Passenger,9182,3132,12314,526454,538768,2.29
September 30 2021,Kittitas,WA,Passenger,179,72,251,29859,30110,0.83
September 30 2023,Chelan,WA,Truck,34,0,34,23182,23216,0.15
March 31 2017,Hamilton,IN,Passenger,1,0,1,64,65,1.54
June 30 2020,Garfield,WA,Truck,0,0,0,972,972,0
September 30 2020,Fulton,GA,Passenger,1,3,4,101,105,3.81
June 30 2021,Palm Beach,FL,Passenger,1,1,2,78,80,2.5
May 31 2022,Lincoln,WA,Passenger,8,18,26,7681,7707,0.34
June 30 2018,Chelan,WA,Truck,0,0,0,21866,21866,0
September 30 2023,San Joaquin,CA,Passenger,1,1,2,72,74,2.7
September 30 2022,Marion,OR,Passenger,1,0,1,90,91,1.1
July 31 2023,Pierce,WA,Passenger,7877,2834,10711,528854,539565,1.99
July 31 2022,Skamania,WA,Passenger,76,47,123,8136,8259,1.49
August 31 2020,Penobscot,ME,Passenger,0,1,1,14,15,6.67
June 30 2024,Mason,WA,Passenger,627,262,889,45422,46311,1.92
August 31 2021,Chelan,WA,Passenger,364,102,466,54697,55163,0.84
April 30 2019,Benton,WA,Passenger,248,263,511,133266,133777,0.38
February 28 2017,Jefferson,NY,Passenger,1,1,2,255,257,0.78
July 31 2024,Mason,WA,Truck,26,0,26,19822,19848,0.13
February 28 2022,Cook,IL,Passenger,2,0,2,216,218,0.92
June 30 2019,Alexandria,VA,Passenger,1,0,1,146,147,0.68
January 31 2022,Palm Beach,FL,Passenger,1,1,2,60,62,3.23
January 31 2023,Whatcom,WA,Passenger,2162,820,2982,148521,151503,1.97
November 30 2018,Mason,WA,Passenger,103,108,211,46415,46626,0.45
April 30 2017,Asotin,WA,Truck,0,0,0,6502,6502,0
February 29 2020,Loudoun,VA,Passenger,1,0,1,92,93,1.08
May 31 2023,Leavenworth,KS,Passenger,0,1,1,90,91,1.1
March 31 2018,New London,CT,Passenger,1,0,1,243,244,0.41
January 31 2018,Ramsey,MN,Passenger,1,0,1,42,43,2.33
August 31 2021,Ventura,CA,Passenger,1,4,5,276,281,1.78
September 30 2023,Multnomah,OR,Passenger,2,2,4,417,421,0.95
August 31 2021,Duval,FL,Passenger,0,2,2,351,353,0.57
May 31 2022,Goochland,VA,Passenger,4,2,6,168,174,3.45
July 31 2021,Boone,MO,Passenger,0,1,1,10,11,9.09
July 31 2022,King,WA,Passenger,41869,11436,53305,1343932,1397237,3.82
July 31 2019,Howard,MD,Passenger,0,1,1,82,83,1.2
August 31 2023,Portsmouth,VA,Passenger,0,2,2,62,64,3.12
December 31 2023,Island,WA,Truck,42,0,42,20831,20873,0.2
April 30 2021,Mason,WA,Truck,0,0,0,21276,21276,0
April 30 2022,Bexar,TX,Passenger,3,4,7,495,502,1.39
January 31 2018,Shelby,TN,Passenger,0,1,1,106,107,0.93
August 31 2017,New London,CT,Passenger,1,0,1,247,248,0.4
March 31 2022,Douglas,NE,Passenger,1,2,3,51,54,5.56
March 31 2019,Contra Costa,CA,Passenger,1,2,3,386,389,0.77
November 30 2018,Flathead,MT,Passenger,1,0,1,61,62,1.61
September 30 2020,Orange,NC,Passenger,0,1,1,12,13,7.69
August 31 2021,Fresno,CA,Passenger,1,0,1,187,188,0.53
February 29 2020,Oklahoma,OK,Passenger,0,1,1,133,134,0.75
December 31 2018,Collier,FL,Passenger,1,0,1,21,22,4.55
September 30 2018,Franklin,MA,Passenger,0,1,1,2,3,33.33
July 31 2018,Fulton,GA,Passenger,1,3,4,108,112,3.57
October 31 2021,Clark,NV,Passenger,7,3,10,633,643,1.56
May 31 2021,Clark,WA,Passenger,2759,1367,4126,321742,325868,1.27
November 30 2021,Whitman,WA,Passenger,66,58,124,21909,22033,0.56
August 31 2017,Cobb,GA,Passenger,0,1,1,75,76,1.32
October 31 2017,Snohomish,WA,Truck,1,0,1,121455,121456,0
November 30 2022,Currituck,NC,Passenger,1,0,1,19,20,5
September 30 2022,Douglas,NE,Passenger,2,2,4,42,46,8.7
January 31 2022,,,Passenger,5,2,7,322,329,2.13
June 30 2019,San Mateo,CA,Passenger,2,1,3,122,125,2.4
June 30 2019,DuPage,IL,Passenger,2,0,2,65,67,2.99
April 30 2018,Mason,WA,Truck,0,0,0,19803,19803,0
August 31 2019,Solano,CA,Passenger,1,0,1,214,215,0.47
January 31 2020,Jefferson,WA,Truck,0,0,0,9657,9657,0
March 31 2021,Spartanburg,SC,Passenger,0,1,1,54,55,1.82
April 30 2022,St. Louis,MO,Passenger,2,0,2,73,75,2.67
November 30 2018,El Paso,TX,Passenger,1,0,1,484,485,0.21
May 31 2023,Suffolk,VA,Passenger,1,0,1,111,112,0.89
July 31 2021,San Joaquin,CA,Passenger,1,0,1,110,111,0.9
April 30 2021,Mohave,AZ,Passenger,1,0,1,61,62,1.61
June 30 2021,Dakota,MN,Passenger,0,1,1,28,29,3.45
May 31 2024,Tarrant,TX,Passenger,2,0,2,76,78,2.56
August 31 2023,Lincoln,OR,Passenger,0,1,1,17,18,5.56
October 31 2021,Queens,NY,Passenger,1,0,1,49,50,2
March 31 2023,Galveston,TX,Passenger,0,1,1,17,18,5.56
May 31 2023,San Francisco,CA,Passenger,2,0,2,70,72,2.78
May 31 2019,Deschutes,OR,Passenger,3,0,3,170,173,1.73
May 31 2018,Alameda,CA,Passenger,0,1,1,356,357,0.28
October 31 2019,Jones,GA,Passenger,1,0,1,1,2,50
June 30 2023,Spokane,WA,Passenger,2307,1092,3399,322354,325753,1.04
June 30 2021,Grays Harbor,WA,Truck,0,0,0,21442,21442,0
April 30 2020,Columbia,WA,Truck,0,0,0,1524,1524,0
May 31 2020,Pend Oreille,WA,Passenger,7,6,13,9211,9224,0.14
June 30 2022,Broward,FL,Passenger,1,0,1,87,88,1.14
September 30 2023,Tarrant,TX,Passenger,2,0,2,89,91,2.2
April 30 2020,Montgomery,OH,Passenger,0,1,1,46,47,2.13
May 31 2017,Thurston,WA,Truck,0,0,0,53220,53220,0
December 31 2017,Klickitat,WA,Passenger,24,26,50,14901,14951,0.33
April 30 2021,Santa Clara,CA,Passenger,9,2,11,288,299,3.68
December 31 2020,Lincoln,WA,Truck,0,0,0,4671,4671,0
August 31 2021,Santa Clara,CA,Passenger,9,2,11,273,284,3.87
January 31 2022,Grays Harbor,WA,Truck,0,0,0,21338,21338,0
April 30 2022,Fresno,CA,Passenger,1,0,1,172,173,0.58
December 31 2023,Riverside,CA,Passenger,5,0,5,368,373,1.34
August 31 2020,Harrison,MS,Passenger,1,0,1,53,54,1.85
March 31 2018,Hardin,KY,Passenger,0,1,1,111,112,0.89
February 28 2021,Santa Clara,CA,Passenger,7,2,9,288,297,3.03
August 31 2019,Douglas,WA,Passenger,61,36,97,28170,28267,0.34
September 30 2020,San Francisco,CA,Passenger,2,1,3,97,100,3
November 30 2021,Chesapeake,VA,Passenger,2,1,3,411,414,0.72
April 30 2022,Pierce,WA,Truck,3,0,3,142805,142808,0
September 30 2022,Spokane,WA,Passenger,1764,888,2652,323876,326528,0.81
July 31 2018,Whatcom,WA,Passenger,638,318,956,147943,148899,0.64
October 31 2020,Duval,FL,Passenger,0,2,2,370,372,0.54
June 30 2024,Chelan,WA,Truck,58,0,58,22656,22714,0.26
October 31 2020,Arapahoe,CO,Passenger,1,0,1,134,135,0.74
April 30 2022,Alameda,CA,Passenger,5,2,7,214,221,3.17
April 30 2020,Boulder,CO,Passenger,1,1,2,50,52,3.85
February 28 2022,Ray,MO,Passenger,0,1,1,1,2,50
June 30 2022,Garfield,WA,Truck,0,0,0,979,979,0
May 31 2022,Kittitas,WA,Passenger,247,80,327,29737,30064,1.09
July 31 2020,Hennepin,MN,Passenger,3,0,3,96,99,3.03
March 31 2022,San Francisco,CA,Passenger,1,0,1,96,97,1.03
June 30 2022,Grant,WA,Passenger,175,99,274,66747,67021,0.41
November 30 2019,Island,WA,Passenger,362,252,614,63588,64202,0.96
August 31 2022,Anne Arundel,MD,Passenger,3,3,6,336,342,1.75
February 28 2022,Boulder,CO,Passenger,2,0,2,47,49,4.08
October 31 2022,Meade,KY,Passenger,1,0,1,22,23,4.35
February 28 2023,Charleston,SC,Passenger,2,2,4,61,65,6.15
April 30 2023,Montgomery,PA,Passenger,1,0,1,20,21,4.76
July 31 2024,Spotsylvania,VA,Passenger,0,1,1,19,20,5
March 31 2022,Whatcom,WA,Truck,4,0,4,43509,43513,0.01
February 29 2024,Jefferson,WA,Truck,20,0,20,9209,9229,0.22
June 30 2021,Ventura,CA,Passenger,1,4,5,281,286,1.75
December 31 2017,Stevens,WA,Truck,0,0,0,18372,18372,0
May 31 2022,Cumberland,NC,Passenger,2,4,6,389,395,1.52
April 30 2021,Arapahoe,CO,Passenger,1,0,1,130,131,0.76
June 30 2022,Pima,AZ,Passenger,1,0,1,269,270,0.37
September 30 2020,Contra Costa,CA,Passenger,4,3,7,291,298,2.35
July 31 2020,Prince George's,MD,Passenger,1,1,2,161,163,1.23
January 31 2024,Yolo,CA,Passenger,2,0,2,21,23,8.7
September 30 2020,Washoe,NV,Passenger,1,0,1,105,106,0.94
July 31 2023,Leavenworth,KS,Passenger,0,1,1,84,85,1.18
December 31 2023,Platte,MO,Passenger,2,0,2,20,22,9.09
July 31 2017,Clallam,WA,Truck,0,0,0,21042,21042,0
February 28 2023,Garfield,WA,Truck,0,0,0,976,976,0
December 31 2018,Multnomah,OR,Passenger,3,5,8,782,790,1.01
June 30 2018,Clallam,WA,Passenger,124,112,236,49917,50153,0.47
May 31 2024,Lake,IL,Passenger,6,0,6,110,116,5.17
September 30 2021,Pierce,WA,Truck,0,0,0,145298,145298,0
April 30 2023,Skamania,WA,Truck,1,0,1,3853,3854,0.03
December 31 2020,Lewis,WA,Truck,0,0,0,26622,26622,0
January 31 2024,Cumberland,NC,Passenger,2,3,5,293,298,1.68
July 31 2020,Chelan,WA,Passenger,240,82,322,54222,54544,0.59
February 29 2020,Honolulu,HI,Passenger,4,2,6,493,499,1.2
December 31 2022,Dallas,TX,Passenger,1,0,1,105,106,0.94
August 31 2022,Hardin,KY,Passenger,1,0,1,66,67,1.49
April 30 2023,Adams,CO,Passenger,1,0,1,30,31,3.23
May 31 2017,Salt Lake,UT,Passenger,1,1,2,275,277,0.72
October 31 2020,Columbia,WA,Truck,0,0,0,1531,1531,0
October 31 2023,St. Mary's,MD,Passenger,2,0,2,177,179,1.12
November 30 2017,New Haven,CT,Passenger,0,1,1,54,55,1.82
September 30 2023,Newport,RI,Passenger,0,2,2,59,61,3.28
January 31 2017,Brown,WI,Passenger,1,0,1,46,47,2.13
April 30 2022,Sarasota,FL,Passenger,2,0,2,36,38,5.26
April 30 2023,Douglas,WA,Truck,7,0,7,12914,12921,0.05
October 31 2021,Franklin,WA,Truck,0,0,0,20759,20759,0
October 31 2021,Pacific,WA,Truck,0,0,0,7984,7984,0
September 30 2017,Wahkiakum,WA,Truck,0,0,0,1667,1667,0
April 30 2021,District of Columbia,DC,Passenger,3,1,4,178,182,2.2
November 30 2017,Jefferson,WA,Passenger,116,71,187,24178,24365,0.77
December 31 2020,Pima,AZ,Passenger,2,1,3,362,365,0.82
June 30 2021,Loudoun,VA,Passenger,1,0,1,76,77,1.3
February 28 2021,Wichita,TX,Passenger,1,0,1,45,46,2.17
February 28 2022,Tom Green,TX,Passenger,0,1,1,24,25,4
October 31 2019,San Diego,CA,Passenger,11,4,15,2793,2808,0.53
May 31 2022,Prince George's,MD,Passenger,2,1,3,136,139,2.16
July 31 2022,Kitsap,WA,Passenger,2460,1073,3533,177656,181189,1.95
March 31 2017,San Juan,WA,Truck,0,0,0,5582,5582,0
July 31 2021,Multnomah,OR,Passenger,3,6,9,669,678,1.33
May 31 2021,Benton,WA,Passenger,502,384,886,136014,136900,0.65
June 30 2023,Adams,WA,Truck,3,0,3,5346,5349,0.06
December 31 2018,Juneau,AK,Passenger,0,1,1,46,47,2.13
February 29 2020,Jefferson,CO,Passenger,0,1,1,56,57,1.75
August 31 2019,Fresno,CA,Passenger,1,0,1,207,208,0.48
June 30 2024,Washoe,NV,Passenger,2,0,2,39,41,4.88
March 31 2021,Marion,IA,Passenger,1,0,1,1,2,50
August 31 2023,Williamson,TX,Passenger,1,1,2,58,60,3.33
June 30 2023,Garfield,WA,Truck,0,0,0,974,974,0
October 31 2020,District of Columbia,DC,Passenger,1,1,2,185,187,1.07
September 30 2017,Island,WA,Passenger,129,150,279,60821,61100,0.46
March 31 2019,Clark,NV,Passenger,4,3,7,728,735,0.95
July 31 2018,Grant,WA,Passenger,33,47,80,63264,63344,0.13
February 28 2019,Asotin,WA,Passenger,12,9,21,12678,12699,0.17
January 31 2019,Hennepin,MN,Passenger,2,0,2,108,110,1.82
May 31 2022,New Haven,CT,Passenger,0,2,2,33,35,5.71
November 30 2023,Middlesex,MA,Passenger,2,0,2,76,78,2.56
July 31 2017,Morris,NJ,Passenger,1,0,1,25,26,3.85
November 30 2022,Solano,CA,Passenger,2,0,2,161,163,1.23
March 31 2021,Thurston,WA,Passenger,1431,823,2254,197159,199413,1.13
June 30 2017,Harnett,NC,Passenger,1,0,1,259,260,0.38
June 30 2023,San Juan,WA,Truck,11,0,11,5925,5936,0.19
June 30 2018,Whitman,WA,Truck,0,0,0,8495,8495,0
May 31 2021,Pinellas,FL,Passenger,0,1,1,103,104,0.96
December 31 2023,Charles,MD,Passenger,1,1,2,51,53,3.77
September 30 2018,Madison,ID,Passenger,1,0,1,37,38,2.63
August 31 2020,King,WA,Passenger,25169,7812,32981,1369993,1402974,2.35
October 31 2018,Cook,IL,Passenger,1,0,1,256,257,0.39
April 30 2019,Sedgwick,KS,Passenger,0,1,1,104,105,0.95
November 30 2018,Kitsap,WA,Passenger,915,522,1437,180299,181736,0.79
July 31 2023,Ferry,WA,Passenger,21,4,25,4311,4336,0.58
April 30 2021,Riverside,CA,Passenger,5,1,6,596,602,1
November 30 2019,Polk,FL,Passenger,1,0,1,78,79,1.27
November 30 2020,Richland,SC,Passenger,0,1,1,143,144,0.69
April 30 2023,Flathead,MT,Passenger,1,0,1,31,32,3.12
February 28 2021,Albemarle,VA,Passenger,1,0,1,22,23,4.35
April 30 2024,Yuba,CA,Passenger,1,0,1,50,51,1.96
April 30 2023,Ulster,NY,Passenger,1,0,1,9,10,10
May 31 2017,Adams,WA,Truck,0,0,0,5079,5079,0
January 31 2019,Salt Lake,UT,Passenger,1,0,1,218,219,0.46
April 30 2022,Wahkiakum,WA,Truck,0,0,0,1815,1815,0
November 30 2022,Chesterfield,VA,Passenger,1,0,1,37,38,2.63
February 28 2018,Grays Harbor,WA,Truck,0,0,0,20109,20109,0
January 31 2024,Franklin,WA,Truck,10,0,10,20860,20870,0.05
March 31 2017,Harnett,NC,Passenger,1,0,1,259,260,0.38
October 31 2019,Collin,TX,Passenger,2,1,3,147,150,2
May 31 2021,Missoula,MT,Passenger,1,0,1,69,70,1.43
December 31 2021,Providence,RI,Passenger,1,0,1,21,22,4.55
December 31 2021,Randolph,NC,Passenger,1,0,1,6,7,14.29
April 30 2017,Eagle,CO,Passenger,1,0,1,8,9,11.11
January 31 2022,King,WA,Truck,14,1,15,182545,182560,0.01
June 30 2018,Cowlitz,WA,Passenger,55,74,129,71725,71854,0.18
November 30 2021,Placer,CA,Passenger,2,0,2,80,82,2.44
December 31 2021,Klickitat,WA,Truck,0,0,0,8321,8321,0
February 28 2021,Sacramento,CA,Passenger,2,1,3,260,263,1.14
August 31 2018,Franklin,WA,Truck,0,0,0,18789,18789,0
December 31 2017,Pacific,WA,Truck,0,0,0,7540,7540,0
February 28 2018,Fairfax,VA,Passenger,3,1,4,818,822,0.49
May 31 2022,San Luis Obispo,CA,Passenger,1,0,1,63,64,1.56
December 31 2019,Calvert,MD,Passenger,0,2,2,91,93,2.15
January 31 2020,Fort Bend,TX,Passenger,1,0,1,49,50,2
April 30 2020,Cascade,MT,Passenger,0,1,1,60,61,1.64
November 30 2017,Montgomery,PA,Passenger,1,0,1,38,39,2.56
January 31 2018,Juneau,AK,Passenger,0,1,1,44,45,2.22
August 31 2022,Williamson,TX,Passenger,0,2,2,93,95,2.11
September 30 2021,Columbia,WA,Truck,0,0,0,1536,1536,0
July 31 2017,Clark,WA,Truck,0,0,0,77716,77716,0
April 30 2017,Spokane,WA,Passenger,236,208,444,295689,296133,0.15
December 31 2021,Benton,WA,Passenger,637,444,1081,135959,137040,0.79
January 31 2020,Whitman,WA,Truck,0,0,0,8566,8566,0
June 30 2024,Fairfax,VA,Passenger,11,5,16,497,513,3.12
January 31 2024,Rockingham,NH,Passenger,1,0,1,8,9,11.11
January 31 2024,King,WA,Truck,1113,2,1115,172259,173374,0.64
November 30 2018,King,WA,Truck,6,1,7,182704,182711,0
September 30 2020,Skagit,WA,Truck,1,0,1,32627,32628,0
September 30 2023,Solano,CA,Passenger,5,0,5,136,141,3.55
February 28 2021,San Francisco,CA,Passenger,1,1,2,104,106,1.89
February 28 2017,Salt Lake,UT,Passenger,1,1,2,331,333,0.6
September 30 2018,Norfolk,MA,Passenger,1,0,1,38,39,2.56
May 31 2021,Spartanburg,SC,Passenger,0,1,1,56,57,1.75
August 31 2020,Columbia,OR,Passenger,1,0,1,26,27,3.7
March 31 2019,Dale,AL,Passenger,0,1,1,52,53,1.89
January 31 2023,Hillsborough,FL,Passenger,1,2,3,126,129,2.33
January 31 2020,Moore,NC,Passenger,0,1,1,161,162,0.62
November 30 2020,Missoula,MT,Passenger,1,0,1,70,71,1.41
January 31 2024,Orange,CA,Passenger,7,2,9,284,293,3.07
May 31 2022,Grays Harbor,WA,Passenger,205,158,363,49043,49406,0.73
November 30 2020,Mason,WA,Passenger,169,133,302,47482,47784,0.63
June 30 2022,Yakima,WA,Truck,1,0,1,61372,61373,0
January 31 2022,Franklin,WA,Truck,0,0,0,20870,20870,0
November 30 2023,Kings,CA,Passenger,5,2,7,270,277,2.53
March 31 2018,Pinal,AZ,Passenger,2,0,2,213,215,0.93
October 31 2023,Fairfax,VA,Passenger,8,2,10,561,571,1.75
January 31 2019,Prince George's,MD,Passenger,1,1,2,187,189,1.06
December 31 2022,Nueces,TX,Passenger,0,1,1,55,56,1.79
June 30 2021,Montgomery,PA,Passenger,1,0,1,25,26,3.85
May 31 2023,Charleston,SC,Passenger,1,2,3,56,59,5.08
March 31 2019,Franklin,MA,Passenger,0,1,1,2,3,33.33
September 30 2021,Pacific,WA,Truck,0,0,0,7992,7992,0
January 31 2017,San Diego,CA,Passenger,4,2,6,2893,2899,0.21
April 30 2021,Chesapeake,VA,Passenger,0,2,2,414,416,0.48
October 31 2022,Clallam,WA,Truck,7,0,7,21869,21876,0.03
June 30 2022,Arapahoe,CO,Passenger,0,1,1,99,100,1
November 30 2018,Pacific,WA,Truck,0,0,0,7605,7605,0
February 28 2018,Hamilton,IN,Passenger,1,0,1,51,52,1.92
April 30 2017,Collier,FL,Passenger,1,0,1,21,22,4.55
October 31 2021,Ray,MO,Passenger,0,1,1,1,2,50
March 31 2021,New York,NY,Passenger,2,0,2,55,57,3.51
November 30 2017,Hawaii,HI,Passenger,1,0,1,82,83,1.2
February 29 2024,Hudson,NJ,Passenger,2,0,2,15,17,11.76
April 30 2021,Penobscot,ME,Passenger,0,1,1,9,10,10
October 31 2019,Kittitas,WA,Truck,0,0,0,14620,14620,0
August 31 2017,Adams,WA,Truck,0,0,0,5097,5097,0
April 30 2021,Plaquemines,LA,Passenger,0,1,1,16,17,5.88
December 31 2021,Cowlitz,WA,Truck,0,1,1,28974,28975,0
April 30 2017,Walla Walla,WA,Passenger,22,24,46,34826,34872,0.13
March 31 2022,Prince William,VA,Passenger,1,4,5,208,213,2.35
March 31 2017,Fairfax,VA,Passenger,3,2,5,860,865,0.58
September 30 2021,Pennington,SD,Passenger,1,0,1,32,33,3.03
December 31 2018,Stevens,WA,Truck,0,0,0,18759,18759,0
November 30 2017,Walla Walla,WA,Truck,0,0,0,13310,13310,0
June 30 2017,Lewis,WA,Passenger,51,36,87,55547,55634,0.16
January 31 2017,Duval,FL,Passenger,1,1,2,376,378,0.53
August 31 2022,Monterey,CA,Passenger,0,3,3,153,156,1.92
June 30 2024,Anne Arundel,MD,Passenger,6,2,8,253,261,3.07
June 30 2024,Tarrant,TX,Passenger,2,0,2,75,77,2.6
March 31 2023,Botetourt,VA,Passenger,1,0,1,1,2,50
April 30 2017,Chelan,WA,Passenger,55,31,86,51699,51785,0.17
October 31 2018,Kalamazoo,MI,Passenger,1,0,1,17,18,5.56
November 30 2021,Yamhill,OR,Passenger,1,0,1,39,40,2.5
August 31 2017,Franklin,MA,Passenger,0,1,1,5,6,16.67
February 28 2021,Dallas,IA,Passenger,0,1,1,10,11,9.09
February 28 2022,Escambia,FL,Passenger,0,1,1,150,151,0.66
May 31 2017,Okanogan,WA,Truck,0,0,0,16211,16211,0
January 31 2024,San Joaquin,CA,Passenger,1,0,1,69,70,1.43
April 30 2017,Hamilton,TN,Passenger,1,0,1,28,29,3.45
October 31 2023,San Diego,CA,Truck,1,0,1,424,425,0.24
January 31 2023,Richmond,NY,Passenger,1,0,1,4,5,20
July 31 2022,Carroll,NH,Passenger,0,1,1,4,5,20
July 31 2017,Douglas,WA,Truck,0,0,0,11514,11514,0
March 31 2017,Polk,FL,Passenger,1,0,1,68,69,1.45
December 31 2023,Escambia,FL,Truck,1,0,1,25,26,3.85
June 30 2022,Pacific,WA,Passenger,61,71,132,15868,16000,0.82
May 31 2018,Adams,WA,Passenger,5,5,10,12592,12602,0.08
April 30 2017,Benton,WA,Truck,0,0,0,39892,39892,0
February 28 2022,Hawaii,HI,Passenger,1,0,1,45,46,2.17
March 31 2022,Honolulu,HI,Passenger,5,4,9,394,403,2.23
June 30 2023,Bartow,GA,Passenger,0,1,1,3,4,25
April 30 2022,Chelan,WA,Passenger,447,124,571,54476,55047,1.04
June 30 2021,Newport,RI,Passenger,0,1,1,80,81,1.23
May 31 2022,San Mateo,CA,Passenger,2,0,2,93,95,2.11
September 30 2019,Juneau,AK,Passenger,0,2,2,31,33,6.06
February 28 2021,Spokane,WA,Truck,0,0,0,100947,100947,0
December 31 2021,Snohomish,WA,Truck,2,0,2,125374,125376,0
December 31 2017,Benton,WA,Truck,0,0,0,40576,40576,0
December 31 2018,Norfolk,VA,Passenger,2,2,4,342,346,1.16
March 31 2017,Shelby,TN,Passenger,0,1,1,113,114,0.88
February 29 2020,Washington,OR,Passenger,1,0,1,482,483,0.21
December 31 2023,Pitt,NC,Passenger,0,1,1,6,7,14.29
March 31 2024,Escambia,FL,Truck,1,0,1,23,24,4.17
June 30 2017,Latah,ID,Passenger,0,1,1,106,107,0.93
February 28 2017,Hamilton,TN,Passenger,1,0,1,28,29,3.45
September 30 2021,Eagle,CO,Passenger,1,0,1,8,9,11.11
May 31 2024,Benton,WA,Truck,41,0,41,42598,42639,0.1
April 30 2020,Whatcom,WA,Truck,3,0,3,42825,42828,0.01
April 30 2022,Escambia,FL,Passenger,0,1,1,147,148,0.68
February 28 2023,Plaquemines,LA,Passenger,1,1,2,19,21,9.52
August 31 2018,Saratoga,NY,Passenger,1,0,1,60,61,1.64
May 31 2022,Sarasota,FL,Passenger,2,0,2,37,39,5.13
June 30 2019,Clallam,WA,Truck,1,0,1,21734,21735,0
November 30 2020,Broward,FL,Passenger,2,1,3,115,118,2.54
August 31 2022,Nueces,TX,Passenger,1,1,2,56,58,3.45
November 30 2020,Alexandria,VA,Passenger,3,0,3,136,139,2.16
May 31 2020,Montgomery,AL,Passenger,1,1,2,40,42,4.76
April 30 2020,Rogers,OK,Passenger,1,0,1,9,10,10
January 31 2021,Kittitas,WA,Truck,0,0,0,14675,14675,0
March 31 2023,Collin,TX,Passenger,4,0,4,65,69,5.8
September 30 2018,Howard,MD,Passenger,0,1,1,93,94,1.06
March 31 2019,Tarrant,TX,Passenger,3,0,3,206,209,1.44
March 31 2021,Columbia,OR,Passenger,1,0,1,20,21,4.76
September 30 2023,Rock Island,IL,Passenger,0,1,1,12,13,7.69
March 31 2020,Putnam,TN,Passenger,0,1,1,3,4,25
May 31 2018,King,WA,Passenger,12742,5477,18219,1369042,1387261,1.31
December 31 2017,New London,CT,Passenger,1,0,1,239,240,0.42
November 30 2018,Multnomah,OR,Passenger,3,5,8,771,779,1.03
January 31 2023,Sacramento,CA,Passenger,3,1,4,207,211,1.9
June 30 2023,York,VA,Passenger,1,0,1,74,75,1.33
October 31 2022,Boulder,CO,Passenger,2,0,2,47,49,4.08
October 31 2022,Sarasota,FL,Passenger,1,0,1,31,32,3.12
December 31 2021,Marion,IA,Passenger,1,0,1,0,1,100
August 31 2020,Pacific,WA,Passenger,32,33,65,15700,15765,0.41
September 30 2019,Clallam,WA,Passenger,185,151,336,50843,51179,0.66
July 31 2023,Honolulu,HI,Passenger,4,3,7,301,308,2.27
March 31 2022,Plaquemines,LA,Passenger,0,1,1,19,20,5
May 31 2021,Garfield,WA,Truck,0,0,0,996,996,0
October 31 2018,Thurston,WA,Passenger,662,551,1213,194952,196165,0.62
June 30 2018,Charles,MD,Passenger,0,1,1,84,85,1.18
February 29 2020,Klickitat,WA,Passenger,49,41,90,15681,15771,0.57
January 31 2022,Adams,WA,Truck,0,0,0,5434,5434,0
November 30 2022,St. Mary's,MD,Passenger,2,0,2,186,188,1.06
March 31 2023,Charleston,SC,Passenger,2,2,4,59,63,6.35
February 28 2021,Snohomish,WA,Passenger,5266,1892,7158,537959,545117,1.31
November 30 2023,Virginia Beach,VA,Passenger,5,2,7,427,434,1.61
April 30 2022,Kitsap,WA,Truck,1,0,1,53742,53743,0
March 31 2019,Walla Walla,WA,Truck,0,0,0,13551,13551,0
September 30 2017,Okanogan,WA,Truck,0,0,0,16231,16231,0
April 30 2023,Cowlitz,WA,Passenger,434,203,637,69943,70580,0.9
November 30 2021,Flathead,MT,Passenger,2,0,2,53,55,3.64
June 30 2019,Cascade,MT,Passenger,0,1,1,66,67,1.49
October 31 2018,Guadalupe,TX,Passenger,1,0,1,82,83,1.2
March 31 2023,Sedgwick,KS,Passenger,0,1,1,64,65,1.54
May 31 2024,Island,WA,Passenger,1449,527,1976,60616,62592,3.16
April 30 2018,Pierce,WA,Truck,0,0,0,137314,137314,0
April 30 2018,Jefferson,WA,Truck,0,0,0,9516,9516,0
November 30 2018,Klamath,OR,Passenger,1,0,1,38,39,2.56
March 31 2021,Pierce,WA,Truck,0,0,0,145227,145227,0
June 30 2019,Snohomish,WA,Passenger,3472,1593,5065,531323,536388,0.94
April 30 2019,Alameda,CA,Passenger,2,2,4,325,329,1.22
February 28 2017,Alameda,CA,Passenger,3,1,4,392,396,1.01
February 28 2023,Yuba,CA,Passenger,1,0,1,60,61,1.64
July 31 2020,Spokane,WA,Truck,1,0,1,98943,98944,0
October 31 2022,Kitsap,WA,Truck,25,0,25,53011,53036,0.05
May 31 2022,Clark,WA,Passenger,3933,1733,5666,316402,322068,1.76
April 30 2019,Columbia,WA,Truck,0,0,0,1531,1531,0
April 30 2023,Okanogan,WA,Passenger,118,58,176,26074,26250,0.67
April 30 2017,Kittitas,WA,Passenger,22,17,39,27199,27238,0.14
August 31 2021,Benton,WA,Passenger,565,408,973,136085,137058,0.71
June 30 2021,Garfield,WA,Passenger,0,3,3,1369,1372,0.22
November 30 2021,Howard,MD,Passenger,0,2,2,65,67,2.99
April 30 2024,Newport,RI,Passenger,0,2,2,52,54,3.7
April 30 2021,Columbia,OR,Passenger,1,0,1,19,20,5
June 30 2021,Douglas,WA,Passenger,94,48,142,28511,28653,0.5
February 28 2021,Skamania,WA,Passenger,37,24,61,8278,8339,0.73
June 30 2022,San Bernardino,CA,Passenger,2,1,3,366,369,0.81
October 31 2020,Boone,MO,Passenger,0,1,1,10,11,9.09
December 31 2021,Botetourt,VA,Passenger,1,0,1,1,2,50
June 30 2022,King,WA,Passenger,40696,11303,51999,1346613,1398612,3.72
May 31 2018,Hamilton,TN,Passenger,1,0,1,25,26,3.85
November 30 2020,Polk,FL,Passenger,1,0,1,74,75,1.33
December 31 2022,Muscogee,GA,Passenger,1,2,3,118,121,2.48
October 31 2021,Sevier,AR,Passenger,0,1,1,0,1,100
August 31 2023,El Paso,TX,Passenger,4,1,5,290,295,1.69
October 31 2019,Jefferson,NY,Passenger,0,1,1,211,212,0.47
December 31 2019,Williamson,TX,Passenger,0,2,2,156,158,1.27
August 31 2020,Palm Beach,FL,Passenger,0,2,2,81,83,2.41
November 30 2019,Carson City,NV,Passenger,1,0,1,10,11,9.09
August 31 2023,Fredericksburg,VA,Passenger,1,0,1,6,7,14.29
November 30 2022,Mason,WA,Passenger,358,188,546,46875,47421,1.15
April 30 2021,Washtenaw,MI,Passenger,0,1,1,32,33,3.03
December 31 2020,Carroll,MD,Passenger,0,1,1,18,19,5.26
March 31 2024,Fredericksburg,VA,Passenger,1,0,1,5,6,16.67
August 31 2020,Benton,WA,Passenger,379,322,701,134267,134968,0.52
August 31 2021,San Joaquin,CA,Passenger,1,0,1,109,110,0.91
March 31 2023,Polk,OR,Passenger,1,1,2,18,20,10
May 31 2021,Champaign,IL,Passenger,1,0,1,11,12,8.33
February 28 2021,Ray,MO,Passenger,0,1,1,1,2,50
November 30 2023,Saratoga,NY,Passenger,1,1,2,32,34,5.88
June 30 2022,Kittitas,WA,Passenger,265,84,349,29736,30085,1.16
April 30 2024,Whitman,WA,Passenger,222,127,349,21860,22209,1.57
July 31 2022,Ventura,CA,Passenger,3,3,6,252,258,2.33
January 31 2024,Santa Clara,CA,Passenger,19,1,20,158,178,11.24
October 31 2020,Lincoln,WA,Truck,0,0,0,4656,4656,0
April 30 2023,New Haven,CT,Passenger,0,2,2,28,30,6.67
October 31 2021,San Luis Obispo,CA,Passenger,1,0,1,67,68,1.47
July 31 2020,Calvert,MD,Passenger,0,2,2,91,93,2.15
November 30 2021,Wilson,TX,Passenger,0,1,1,3,4,25
November 30 2019,Shelby,OH,Passenger,0,1,1,2,3,33.33
November 30 2019,Denver,CO,Passenger,1,0,1,131,132,0.76
March 31 2023,San Francisco,CA,Passenger,1,0,1,73,74,1.35
July 31 2022,St. Mary's,MD,Passenger,2,0,2,196,198,1.01
November 30 2023,Frederick,MD,Passenger,2,1,3,49,52,5.77
May 31 2022,Whatcom,WA,Passenger,1800,729,2529,148727,151256,1.67
September 30 2020,Kootenai,ID,Passenger,1,1,2,222,224,0.89
December 31 2023,Pima,AZ,Passenger,1,0,1,181,182,0.55
June 30 2021,Goochland,VA,Passenger,4,2,6,246,252,2.38
December 31 2017,Flathead,MT,Passenger,1,0,1,60,61,1.64
May 31 2024,Wake,NC,Passenger,3,0,3,63,66,4.55
January 31 2024,Whitman,WA,Passenger,199,111,310,21916,22226,1.39
July 31 2024,Ventura,CA,Passenger,2,3,5,177,182,2.75
September 30 2018,Fulton,GA,Passenger,1,3,4,109,113,3.54
August 31 2017,Carroll,NH,Passenger,0,1,1,1,2,50
September 30 2020,Snohomish,WA,Truck,0,0,0,124914,124914,0
November 30 2019,Kitsap,WA,Truck,1,0,1,54389,54390,0
December 31 2023,Clark,WA,Truck,151,0,151,80883,81034,0.19
February 29 2020,Mason,WA,Passenger,150,133,283,47579,47862,0.59
June 30 2020,Broward,FL,Passenger,2,1,3,115,118,2.54
June 30 2020,Frederick,MD,Passenger,1,1,2,69,71,2.82
July 31 2020,Kitsap,WA,Truck,0,0,0,54115,54115,0
October 31 2018,Walla Walla,WA,Truck,0,0,0,13507,13507,0
June 30 2017,Jackson,MO,Passenger,1,0,1,63,64,1.56
October 31 2023,Fredericksburg,VA,Passenger,1,0,1,6,7,14.29
April 30 2020,Charleston,SC,Passenger,1,0,1,109,110,0.91
September 30 2020,San Mateo,CA,Passenger,0,1,1,119,120,0.83
May 31 2021,Nassau,FL,Passenger,1,0,1,33,34,2.94
June 30 2020,Whatcom,WA,Truck,3,0,3,42998,43001,0.01
August 31 2018,Ada,ID,Passenger,0,2,2,328,330,0.61
October 31 2018,Gwinnett,GA,Passenger,0,1,1,81,82,1.22
February 28 2017,Juneau,AK,Passenger,0,1,1,57,58,1.72
March 31 2021,Boulder,CO,Passenger,1,1,2,53,55,3.64
September 30 2022,Louisa,VA,Passenger,0,1,1,1,2,50
March 31 2022,Lewis,WA,Truck,0,0,0,26511,26511,0
April 30 2020,Kittitas,WA,Truck,0,0,0,14593,14593,0
February 28 2023,Asotin,WA,Truck,0,0,0,6648,6648,0
August 31 2020,Clallam,WA,Truck,1,0,1,21697,21698,0
April 30 2023,Kitsap,WA,Passenger,3057,1230,4287,175709,179996,2.38
December 31 2019,Kern,CA,Passenger,0,1,1,223,224,0.45
June 30 2023,Sacramento,CA,Passenger,3,1,4,178,182,2.2
June 30 2018,Washoe,NV,Passenger,1,0,1,122,123,0.81
June 30 2017,King,WA,Truck,8,1,9,187702,187711,0
December 31 2018,Moore,NC,Passenger,0,1,1,185,186,0.54
September 30 2020,Sarasota,FL,Passenger,2,0,2,35,37,5.41
August 31 2019,Collier,FL,Passenger,1,0,1,21,22,4.55
June 30 2021,Whitman,WA,Passenger,58,47,105,21959,22064,0.48
May 31 2023,El Paso,TX,Passenger,4,1,5,303,308,1.62
February 28 2023,Orange,CA,Passenger,11,3,14,368,382,3.66
November 30 2021,Richmond,NY,Passenger,1,0,1,4,5,20
February 29 2024,Virginia Beach,VA,Truck,1,0,1,96,97,1.03
February 28 2019,Ferry,WA,Truck,0,0,0,3592,3592,0
December 31 2022,Marion,OR,Passenger,1,0,1,86,87,1.15
July 31 2020,Pinal,AZ,Passenger,1,0,1,188,189,0.53
October 31 2018,Juneau,AK,Passenger,0,1,1,45,46,2.17
May 31 2022,Stevens,WA,Truck,0,0,0,18933,18933,0
July 31 2020,Benton,WA,Passenger,372,321,693,134252,134945,0.51
June 30 2017,Fairfax,VA,Passenger,3,2,5,849,854,0.59
July 31 2017,Montgomery,TN,Passenger,1,0,1,283,284,0.35
October 31 2023,Ray,MO,Passenger,0,1,1,0,1,100
December 31 2018,Clark,WA,Truck,0,0,0,79815,79815,0
January 31 2020,Multnomah,OR,Passenger,4,7,11,756,767,1.43
January 31 2024,St. Mary's,MD,Passenger,2,0,2,170,172,1.16
June 30 2024,Salt Lake,UT,Passenger,5,0,5,80,85,5.88
November 30 2017,Santa Fe,NM,Passenger,0,1,1,42,43,2.33
December 31 2018,Orange,CA,Passenger,6,2,8,557,565,1.42
August 31 2021,Platte,MO,Passenger,1,0,1,18,19,5.26
September 30 2022,Columbia,OR,Passenger,1,0,1,16,17,5.88
July 31 2018,Polk,FL,Passenger,1,0,1,70,71,1.41
August 31 2022,King,WA,Truck,204,2,206,179848,180054,0.11
May 31 2020,Cowlitz,WA,Passenger,136,115,251,72340,72591,0.35
August 31 2021,Penobscot,ME,Passenger,0,1,1,8,9,11.11
December 31 2023,Polk,OR,Passenger,1,1,2,16,18,11.11
October 31 2021,Williams,ND,Passenger,0,1,1,8,9,11.11
September 30 2020,Pima,AZ,Passenger,3,1,4,363,367,1.09
May 31 2020,Los Angeles,CA,Passenger,6,12,18,1048,1066,1.69
January 31 2024,Chesapeake,VA,Passenger,2,0,2,281,283,0.71
January 31 2023,Travis,TX,Passenger,2,1,3,104,107,2.8
March 31 2019,Ferry,WA,Truck,0,0,0,3594,3594,0
January 31 2021,Columbia,WA,Truck,0,0,0,1546,1546,0
July 31 2022,Orange,NC,Passenger,0,1,1,9,10,10
December 31 2023,Fairfax,VA,Truck,1,0,1,85,86,1.16
December 31 2022,Essex,MA,Passenger,2,0,2,14,16,12.5
June 30 2017,Franklin,WA,Passenger,26,45,71,55604,55675,0.13
October 31 2018,Douglas,WA,Passenger,47,33,80,27888,27968,0.29
September 30 2018,Tarrant,TX,Passenger,1,0,1,213,214,0.47
March 31 2021,Yakima,WA,Truck,0,0,0,61368,61368,0
September 30 2020,Calvert,MD,Passenger,0,2,2,87,89,2.25
December 31 2021,Orange,FL,Passenger,2,0,2,115,117,1.71
September 30 2023,Utah,UT,Passenger,1,0,1,90,91,1.1
May 31 2021,Oldham,KY,Passenger,0,1,1,4,5,20
January 31 2017,Eagle,CO,Passenger,1,0,1,11,12,8.33
March 31 2018,Multnomah,OR,Passenger,3,4,7,823,830,0.84
October 31 2022,Hillsborough,FL,Passenger,1,2,3,133,136,2.21
February 29 2020,Tulsa,OK,Passenger,1,1,2,58,60,3.33
February 28 2017,Monroe,NY,Passenger,1,0,1,29,30,3.33
January 31 2020,Mercer,NJ,Passenger,0,1,1,16,17,5.88
October 31 2017,Yakima,WA,Passenger,57,72,129,160983,161112,0.08
August 31 2019,Stevens,WA,Truck,0,0,0,18709,18709,0
April 30 2019,Riverside,CA,Passenger,2,2,4,680,684,0.58
July 31 2018,Pend Oreille,WA,Passenger,5,5,10,9580,9590,0.1
March 31 2023,Leavenworth,KS,Passenger,0,1,1,91,92,1.09
January 31 2018,Moore,NC,Passenger,0,1,1,194,195,0.51
March 31 2017,Lee,AL,Passenger,1,0,1,35,36,2.78
March 31 2017,Lewis,WA,Passenger,45,36,81,55095,55176,0.15
June 30 2021,Okanogan,WA,Passenger,62,38,100,26492,26592,0.38
August 31 2020,Mohave,AZ,Passenger,1,0,1,70,71,1.41
December 31 2019,Sedgwick,KS,Passenger,1,1,2,99,101,1.98
August 31 2020,Douglas,NE,Passenger,0,1,1,55,56,1.79
December 31 2019,Whitman,WA,Passenger,42,46,88,22663,22751,0.39
January 31 2020,Cowlitz,WA,Truck,0,0,0,29022,29022,0
May 31 2019,Goochland,VA,Passenger,1,1,2,264,266,0.75
August 31 2020,Denton,TX,Passenger,1,0,1,96,97,1.03
January 31 2023,Deschutes,OR,Passenger,2,0,2,86,88,2.27
January 31 2023,Hudson,NJ,Passenger,2,0,2,30,32,6.25
June 30 2019,Spokane,WA,Truck,1,0,1,94827,94828,0
March 31 2017,Asotin,WA,Truck,0,0,0,6508,6508,0
August 31 2022,Burlington,NJ,Passenger,0,2,2,98,100,2
July 31 2022,Middlesex,MA,Passenger,2,0,2,94,96,2.08
August 31 2022,Essex,MA,Passenger,2,0,2,15,17,11.76
January 31 2021,Bradley,TN,Passenger,1,0,1,0,1,100
May 31 2018,Whatcom,WA,Truck,2,0,2,42190,42192,0
February 29 2020,Wayne,MI,Passenger,0,1,1,59,60,1.67
September 30 2017,Utah,UT,Passenger,0,1,1,154,155,0.65
October 31 2020,Nassau,NY,Passenger,4,0,4,34,38,10.53
January 31 2020,Sumter,FL,Passenger,0,1,1,10,11,9.09
February 28 2018,Mason,WA,Passenger,64,78,142,45044,45186,0.31
December 31 2018,Honolulu,HI,Passenger,1,3,4,523,527,0.76
September 30 2019,Whitman,WA,Truck,0,0,0,8604,8604,0
October 31 2021,Columbia,WA,Truck,0,0,0,1536,1536,0
October 31 2019,Montgomery,AL,Passenger,1,1,2,42,44,4.55
September 30 2017,San Diego,CA,Passenger,6,2,8,2645,2653,0.3
February 28 2018,Grant,WA,Truck,0,0,0,25673,25673,0
May 31 2020,Anne Arundel,MD,Passenger,0,1,1,406,407,0.25
February 28 2022,Mohave,AZ,Passenger,1,0,1,52,53,1.89
December 31 2018,Marion,OR,Passenger,1,0,1,122,123,0.81
June 30 2017,Marion,OR,Passenger,1,0,1,170,171,0.58
May 31 2018,DeKalb,IN,Passenger,1,0,1,1,2,50
December 31 2019,Spokane,WA,Truck,1,0,1,96340,96341,0
March 31 2023,Skamania,WA,Truck,1,0,1,3858,3859,0.03
November 30 2017,New London,CT,Passenger,1,0,1,241,242,0.41
June 30 2021,Clark,NV,Passenger,6,3,9,664,673,1.34
November 30 2022,Burlington,NJ,Passenger,0,2,2,98,100,2
December 31 2019,Spartanburg,SC,Passenger,0,1,1,48,49,2.04
April 30 2023,Gwinnett,GA,Passenger,1,0,1,57,58,1.72
June 30 2024,Santa Clara,CA,Passenger,12,1,13,135,148,8.78
July 31 2019,Alameda,CA,Passenger,3,2,5,314,319,1.57
April 30 2019,Stevens,WA,Truck,0,0,0,18677,18677,0
August 31 2022,Randolph,NC,Passenger,1,0,1,5,6,16.67
December 31 2022,Albemarle,VA,Passenger,2,0,2,17,19,10.53
August 31 2018,Spokane,WA,Truck,1,0,1,93005,93006,0
August 31 2021,Pacific,WA,Passenger,48,54,102,16051,16153,0.63
January 31 2018,Madison,ID,Passenger,1,0,1,38,39,2.56
August 31 2022,Duval,FL,Passenger,1,2,3,298,301,1
June 30 2024,Ventura,CA,Passenger,2,3,5,185,190,2.63
March 31 2018,Northampton,PA,Passenger,0,1,1,62,63,1.59
December 31 2021,Portsmouth,VA,Passenger,0,1,1,76,77,1.3
January 31 2022,Hamilton,IN,Passenger,2,0,2,28,30,6.67
July 31 2024,Goochland,VA,Passenger,1,0,1,18,19,5.26
October 31 2021,Danville,VA,Passenger,1,0,1,0,1,100
February 28 2021,Montgomery,TX,Passenger,1,0,1,52,53,1.89
November 30 2019,Valencia,NM,Passenger,1,0,1,7,8,12.5
May 31 2018,Island,WA,Passenger,187,178,365,62408,62773,0.58
April 30 2024,Portsmouth,VA,Passenger,0,2,2,54,56,3.57
June 30 2019,Wilson,TX,Passenger,0,1,1,7,8,12.5
October 31 2018,Skagit,WA,Passenger,241,180,421,90994,91415,0.46
March 31 2023,Adams,WA,Passenger,23,11,34,13021,13055,0.26
May 31 2020,Sacramento,CA,Passenger,1,1,2,285,287,0.7
May 31 2023,Moore,NC,Passenger,0,1,1,106,107,0.93
July 31 2023,Bartow,GA,Passenger,0,1,1,3,4,25
September 30 2022,Richmond,NY,Passenger,1,0,1,4,5,20
May 31 2020,Klickitat,WA,Truck,0,0,0,8116,8116,0
April 30 2017,Volusia,FL,Passenger,0,1,1,50,51,1.96
June 30 2017,Carroll,NH,Passenger,0,1,1,1,2,50
June 30 2020,Harford,MD,Passenger,0,1,1,59,60,1.67
December 31 2021,Chelan,WA,Truck,0,0,0,23090,23090,0
January 31 2024,Cowlitz,WA,Truck,14,0,14,27866,27880,0.05
November 30 2022,Dallas,TX,Passenger,1,0,1,110,111,0.9
July 31 2022,Bryan,GA,Passenger,0,1,1,38,39,2.56
August 31 2021,Charles,MD,Passenger,1,1,2,74,76,2.63
June 30 2023,Okanogan,WA,Truck,7,0,7,16448,16455,0.04
August 31 2020,San Juan,WA,Truck,0,0,0,5836,5836,0
July 31 2018,San Diego,CA,Passenger,7,2,9,2576,2585,0.35
July 31 2020,Maricopa,AZ,Passenger,5,9,14,1535,1549,0.9
June 30 2019,Orange,CA,Passenger,6,1,7,548,555,1.26
November 30 2019,Island,WA,Truck,1,0,1,21307,21308,0
February 28 2019,Lake,CA,Passenger,0,1,1,11,12,8.33
February 28 2021,Boone,MO,Passenger,0,1,1,11,12,8.33
May 31 2020,Carroll,NH,Passenger,0,1,1,4,5,20
December 31 2021,King,WA,Truck,6,1,7,182906,182913,0
December 31 2018,Okanogan,WA,Truck,0,0,0,16487,16487,0
August 31 2021,Franklin,WA,Passenger,139,99,238,61908,62146,0.38
February 28 2017,Garfield,WA,Passenger,0,0,0,1290,1290,0
August 31 2023,Chesterfield,VA,Passenger,1,0,1,35,36,2.78
May 31 2021,Orange,FL,Passenger,1,0,1,117,118,0.85
November 30 2021,Williamson,TX,Passenger,1,2,3,111,114,2.63
November 30 2020,Alameda,CA,Passenger,3,0,3,276,279,1.08
January 31 2023,Stafford,VA,Passenger,3,1,4,88,92,4.35
February 28 2023,San Francisco,CA,Passenger,1,0,1,74,75,1.33
May 31 2024,Contra Costa,CA,Passenger,2,1,3,129,132,2.27
January 31 2017,Santa Barbara,CA,Passenger,0,1,1,134,135,0.74
August 31 2021,Columbia,WA,Passenger,7,2,9,2455,2464,0.37
March 31 2022,Adams,WA,Passenger,16,11,27,12959,12986,0.21
April 30 2020,Walla Walla,WA,Truck,0,0,0,13618,13618,0
August 31 2021,St. Louis,MO,Passenger,1,0,1,85,86,1.16
April 30 2018,Garfield,OK,Passenger,1,0,1,20,21,4.76
November 30 2020,Solano,CA,Passenger,1,0,1,211,212,0.47
February 28 2022,Anchorage,AK,Passenger,2,0,2,143,145,1.38
May 31 2020,Montgomery,PA,Passenger,1,0,1,31,32,3.12
October 31 2017,Pend Oreille,WA,Truck,0,0,0,5563,5563,0
May 31 2020,Columbia,WA,Truck,0,0,0,1522,1522,0
August 31 2020,Stevens,WA,Passenger,36,36,72,30477,30549,0.24
November 30 2023,Ventura,CA,Passenger,3,3,6,215,221,2.71
November 30 2022,,,Passenger,4,1,5,298,303,1.65
July 31 2020,DuPage,IL,Passenger,4,0,4,62,66,6.06
March 31 2018,Dallas,TX,Passenger,0,1,1,198,199,0.5
April 30 2022,Charleston,SC,Passenger,2,1,3,69,72,4.17
April 30 2024,Charlottesville,VA,Passenger,0,1,1,2,3,33.33
December 31 2020,Yakima,WA,Truck,0,0,0,60967,60967,0
August 31 2019,Middlesex,MA,Passenger,1,0,1,113,114,0.88
March 31 2023,Pulaski,AR,Passenger,3,0,3,24,27,11.11
August 31 2017,Whitman,WA,Passenger,11,22,33,22126,22159,0.15
August 31 2021,Tarrant,TX,Passenger,2,0,2,151,153,1.31
June 30 2019,Caddo,LA,Passenger,0,1,1,25,26,3.85
October 31 2020,Pierce,WA,Passenger,2659,1739,4398,554354,558752,0.79
June 30 2020,Okanogan,WA,Passenger,36,33,69,25832,25901,0.27
June 30 2021,Fairfax,VA,Passenger,5,3,8,718,726,1.1
September 30 2022,Sarasota,FL,Passenger,1,0,1,33,34,2.94
June 30 2020,Wilson,TX,Passenger,0,1,1,6,7,14.29
March 31 2022,Ray,MO,Passenger,0,1,1,1,2,50
February 28 2021,Mason,WA,Passenger,177,133,310,47627,47937,0.65
October 31 2022,Mason,WA,Truck,6,0,6,20886,20892,0.03
March 31 2018,Prince George's,MD,Passenger,0,1,1,183,184,0.54
April 30 2022,Onslow,NC,Passenger,0,1,1,163,164,0.61
June 30 2019,Bucks,PA,Passenger,1,0,1,23,24,4.17
June 30 2023,Columbia,GA,Passenger,1,0,1,76,77,1.3
July 31 2020,Dakota,MN,Passenger,0,1,1,32,33,3.03
July 31 2021,Clinton,PA,Passenger,1,0,1,0,1,100
November 30 2019,Adams,WA,Truck,0,0,0,5182,5182,0
February 29 2024,Doña Ana,NM,Passenger,1,0,1,12,13,7.69
August 31 2020,El Paso,TX,Passenger,3,0,3,415,418,0.72
February 29 2024,Fairfax,VA,Truck,1,0,1,82,83,1.2
August 31 2021,Ferry,WA,Passenger,9,3,12,4388,4400,0.27
April 30 2022,Larimer,CO,Passenger,1,0,1,44,45,2.22
July 31 2024,Kootenai,ID,Truck,1,0,1,15,16,6.25
April 30 2024,Oldham,KY,Passenger,0,1,1,2,3,33.33
September 30 2020,San Juan,WA,Truck,0,0,0,5846,5846,0
February 29 2020,Arapahoe,CO,Passenger,1,0,1,147,148,0.68
April 30 2022,Washtenaw,MI,Passenger,0,1,1,30,31,3.23
October 31 2023,Klickitat,WA,Truck,13,0,13,8230,8243,0.16
February 29 2024,Kootenai,ID,Passenger,0,2,2,85,87,2.3
September 30 2022,Rockingham,NH,Passenger,1,0,1,15,16,6.25
November 30 2017,Pierce,WA,Truck,0,0,0,136987,136987,0
December 31 2023,Columbia,WA,Truck,0,0,0,1550,1550,0
July 31 2018,Marion,IN,Passenger,1,0,1,120,121,0.83
March 31 2023,Saratoga,NY,Passenger,1,1,2,38,40,5
April 30 2024,Jefferson,WA,Truck,22,0,22,9141,9163,0.24
June 30 2019,Jefferson,WA,Passenger,197,119,316,24987,25303,1.25
June 30 2023,Columbia,WA,Passenger,11,1,12,2408,2420,0.5
January 31 2024,Plaquemines,LA,Passenger,1,1,2,16,18,11.11
June 30 2024,Pinal,AZ,Passenger,2,1,3,64,67,4.48
February 28 2021,Whitman,WA,Passenger,53,46,99,21828,21927,0.45
November 30 2021,San Diego,CA,Passenger,19,5,24,2568,2592,0.93
January 31 2021,Walla Walla,WA,Truck,0,0,0,13893,13893,0
December 31 2021,Burlington,NJ,Passenger,0,1,1,113,114,0.88
October 31 2019,Harrison,MS,Passenger,1,0,1,61,62,1.61
February 28 2023,Columbia,OR,Passenger,1,0,1,13,14,7.14
February 28 2019,Lee,FL,Passenger,1,0,1,51,52,1.92
September 30 2021,Washington,MD,Passenger,2,0,2,11,13,15.38
May 31 2023,Okanogan,WA,Passenger,122,62,184,26155,26339,0.7
February 29 2020,Kittitas,WA,Passenger,94,49,143,30008,30151,0.47
May 31 2017,Kittitas,WA,Truck,0,0,0,13535,13535,0
October 31 2021,Anne Arundel,MD,Passenger,3,1,4,365,369,1.08
December 31 2021,Norfolk,VA,Passenger,2,3,5,322,327,1.53
November 30 2022,Tom Green,TX,Passenger,0,1,1,21,22,4.55
May 31 2020,Skamania,WA,Passenger,30,16,46,8512,8558,0.54
May 31 2022,Douglas,WA,Passenger,132,58,190,28498,28688,0.66
August 31 2019,Lincoln,WA,Passenger,2,10,12,7784,7796,0.15
September 30 2018,Cowlitz,WA,Truck,0,0,0,28599,28599,0
May 31 2022,Ferry,WA,Truck,0,0,0,3566,3566,0
February 29 2024,Mercer,NJ,Passenger,0,1,1,6,7,14.29
April 30 2022,King,WA,Passenger,39296,10817,50113,1348176,1398289,3.58
November 30 2017,Deschutes,OR,Passenger,1,0,1,189,190,0.53
October 31 2019,Pierce,WA,Truck,0,0,0,140624,140624,0
February 28 2021,Clark,WA,Truck,0,0,0,83497,83497,0
March 31 2023,San Mateo,CA,Passenger,1,0,1,78,79,1.27
April 30 2021,Loudoun,VA,Passenger,1,0,1,73,74,1.35
October 31 2019,Howard,MD,Passenger,0,1,1,84,85,1.18
March 31 2023,Fulton,GA,Passenger,1,1,2,68,70,2.86
December 31 2017,Brevard,FL,Passenger,0,1,1,103,104,0.96
May 31 2020,Shelby,TN,Passenger,0,1,1,92,93,1.08
March 31 2023,Williamson,TX,Passenger,0,1,1,72,73,1.37
July 31 2019,Williamson,TX,Passenger,0,2,2,157,159,1.26
March 31 2022,Skamania,WA,Passenger,65,45,110,8253,8363,1.32
March 31 2017,Okaloosa,FL,Passenger,1,0,1,194,195,0.51
February 28 2019,Virginia Beach,VA,Passenger,2,1,3,690,693,0.43
March 31 2019,Garfield,WA,Truck,0,0,0,953,953,0
July 31 2024,Pulaski,AR,Passenger,2,0,2,15,17,11.76
July 31 2018,Lincoln,WA,Truck,0,0,0,4556,4556,0
June 30 2018,Monterey,CA,Passenger,0,1,1,189,190,0.53
August 31 2023,Arapahoe,CO,Passenger,1,1,2,74,76,2.63
July 31 2022,Yellowstone,MT,Passenger,0,1,1,22,23,4.35
January 31 2022,Kitsap,WA,Passenger,2190,969,3159,179515,182674,1.73
June 30 2019,Anne Arundel,MD,Passenger,1,1,2,436,438,0.46
January 31 2019,Pinal,AZ,Passenger,2,0,2,209,211,0.95
July 31 2022,Pulaski,MO,Passenger,2,0,2,116,118,1.69
September 30 2022,Alameda,CA,Passenger,7,2,9,197,206,4.37
December 31 2022,Yellowstone,MT,Passenger,0,1,1,18,19,5.26
November 30 2020,Chelan,WA,Passenger,271,84,355,54365,54720,0.65
March 31 2021,Lake,IL,Passenger,2,0,2,167,169,1.18
November 30 2021,Greene,MO,Passenger,0,1,1,31,32,3.12
November 30 2020,Denver,CO,Passenger,1,0,1,119,120,0.83
August 31 2020,Oldham,KY,Passenger,0,1,1,4,5,20
December 31 2019,Yakima,WA,Passenger,117,114,231,166254,166485,0.14
March 31 2022,Lincoln,WA,Passenger,7,18,25,7658,7683,0.33
January 31 2022,Los Angeles,CA,Passenger,7,7,14,894,908,1.54
October 31 2021,Alexandria,VA,Passenger,3,0,3,128,131,2.29
October 31 2017,Nassau,NY,Passenger,1,1,2,41,43,4.65
December 31 2022,Nassau,NY,Passenger,2,0,2,28,30,6.67
April 30 2019,Norfolk,MA,Passenger,1,0,1,40,41,2.44
March 31 2023,Louisa,VA,Passenger,0,1,1,1,2,50
July 31 2024,Madison,AL,Passenger,1,0,1,26,27,3.7
February 28 2022,Randolph,NC,Passenger,1,0,1,6,7,14.29
June 30 2020,Botetourt,VA,Passenger,1,0,1,1,2,50
September 30 2022,Klickitat,WA,Passenger,108,53,161,15103,15264,1.05
March 31 2020,Lincoln,WA,Truck,0,0,0,4654,4654,0
October 31 2018,Cowlitz,WA,Truck,0,0,0,28663,28663,0
July 31 2022,Charles,MD,Passenger,1,1,2,61,63,3.17
December 31 2018,Benton,WA,Passenger,227,234,461,132899,133360,0.35
May 31 2019,St. Clair,IL,Passenger,0,1,1,161,162,0.62
April 30 2023,Douglas,WA,Passenger,188,59,247,28637,28884,0.86
January 31 2020,Washtenaw,MI,Passenger,1,0,1,41,42,2.38
March 31 2021,Riverside,CA,Passenger,5,1,6,603,609,0.99
July 31 2023,Galveston,TX,Passenger,0,1,1,15,16,6.25
September 30 2019,Lake,IL,Passenger,1,0,1,176,177,0.56
September 30 2022,Thurston,WA,Truck,21,0,21,54930,54951,0.04
March 31 2017,Franklin,WA,Truck,0,0,0,17956,17956,0
January 31 2020,Island,WA,Passenger,391,258,649,63502,64151,1.01
January 31 2020,Pacific,WA,Passenger,30,31,61,16088,16149,0.38
June 30 2022,Meade,KY,Passenger,1,0,1,24,25,4
August 31 2020,Bradley,TN,Passenger,1,0,1,1,2,50
August 31 2021,Lake,IN,Passenger,0,1,1,11,12,8.33
April 30 2022,Sevier,AR,Passenger,0,1,1,0,1,100
August 31 2017,District of Columbia,DC,Passenger,0,2,2,203,205,0.98
February 28 2023,,,Passenger,4,0,4,291,295,1.36
October 31 2020,Wahkiakum,WA,Truck,0,0,0,1763,1763,0
May 31 2024,Howard,MD,Passenger,0,2,2,53,55,3.64
June 30 2020,Ramsey,MN,Passenger,1,0,1,46,47,2.13
March 31 2019,Lee,AL,Passenger,1,0,1,36,37,2.7
December 31 2018,Anne Arundel,MD,Passenger,0,1,1,451,452,0.22
February 28 2022,District of Columbia,DC,Passenger,4,0,4,175,179,2.23
September 30 2022,Fort Bend,TX,Passenger,1,0,1,27,28,3.57
November 30 2021,Boulder,CO,Passenger,2,1,3,47,50,6
March 31 2018,El Paso,TX,Passenger,1,0,1,518,519,0.19
March 31 2021,Grays Harbor,WA,Truck,0,0,0,21261,21261,0
January 31 2024,Larimer,CO,Passenger,1,0,1,19,20,5
February 28 2022,Denton,TX,Passenger,2,0,2,78,80,2.5
January 31 2024,Caddo,LA,Passenger,2,0,2,11,13,15.38
February 29 2024,San Benito,CA,Passenger,1,0,1,4,5,20
June 30 2021,Adams,WA,Truck,0,0,0,5385,5385,0
May 31 2021,Jefferson,WA,Passenger,322,181,503,24868,25371,1.98
February 28 2018,Lewis,WA,Passenger,52,47,99,56859,56958,0.17
November 30 2023,Pend Oreille,WA,Truck,2,0,2,5598,5600,0.04
December 31 2021,Wilson,TX,Passenger,0,1,1,3,4,25
February 28 2022,Meade,KY,Passenger,1,0,1,25,26,3.85
December 31 2017,Spokane,WA,Truck,1,0,1,91562,91563,0
August 31 2019,Virginia Beach,VA,Passenger,1,0,1,698,699,0.14
March 31 2021,Pima,AZ,Passenger,2,1,3,339,342,0.88
November 30 2023,Newport,RI,Passenger,0,2,2,57,59,3.39
April 30 2017,Hardin,KY,Passenger,0,1,1,118,119,0.84
July 31 2021,Owyhee,ID,Passenger,1,0,1,3,4,25
March 31 2024,Mason,WA,Passenger,586,247,833,45925,46758,1.78
June 30 2021,Anne Arundel,MD,Passenger,3,1,4,384,388,1.03
November 30 2020,Lake,IL,Passenger,2,0,2,172,174,1.15
January 31 2023,Skamania,WA,Truck,1,0,1,3882,3883,0.03
February 28 2023,Cumberland,PA,Passenger,1,0,1,40,41,2.44
September 30 2022,Benton,WA,Truck,5,0,5,43348,43353,0.01
October 31 2021,Montgomery,MD,Passenger,3,2,5,225,230,2.17
March 31 2019,Adams,WA,Truck,0,0,0,5100,5100,0
June 30 2019,Middlesex,MA,Passenger,1,0,1,116,117,0.85
December 31 2023,Ray,MO,Passenger,0,1,1,0,1,100
April 30 2018,Clark,WA,Truck,0,0,0,78716,78716,0
May 31 2021,Stevens,WA,Truck,0,0,0,18951,18951,0
April 30 2022,San Juan,WA,Truck,1,0,1,5984,5985,0.02
April 30 2024,San Bernardino,CA,Passenger,2,1,3,261,264,1.14
August 31 2023,Hillsborough,FL,Passenger,2,2,4,114,118,3.39
January 31 2023,Multnomah,OR,Passenger,2,2,4,497,501,0.8
October 31 2018,Washoe,NV,Passenger,1,0,1,114,115,0.87
October 31 2018,Moore,NC,Passenger,0,1,1,189,190,0.53
August 31 2019,Washtenaw,MI,Passenger,1,0,1,41,42,2.38
August 31 2022,Williams,ND,Passenger,0,1,1,6,7,14.29
December 31 2021,Chelan,WA,Passenger,408,114,522,54657,55179,0.95
June 30 2021,St. Clair,IL,Passenger,1,0,1,143,144,0.69
February 28 2017,St. Lucie,FL,Passenger,1,0,1,30,31,3.23
December 31 2017,Lewis,WA,Truck,0,0,0,25316,25316,0
January 31 2018,Grays Harbor,WA,Passenger,42,42,84,45970,46054,0.18
November 30 2018,Collin,TX,Passenger,1,1,2,165,167,1.2
June 30 2023,Marion,OR,Passenger,1,0,1,74,75,1.33
July 31 2020,Lake,IL,Passenger,1,0,1,175,176,0.57
April 30 2022,Ulster,NY,Passenger,1,0,1,13,14,7.14
April 30 2023,Platte,MO,Passenger,1,0,1,21,22,4.55
June 30 2022,Adams,CO,Passenger,1,0,1,40,41,2.44
April 30 2024,Beaufort,SC,Passenger,1,0,1,26,27,3.7
July 31 2020,Salt Lake,UT,Passenger,1,1,2,194,196,1.02
October 31 2021,Whitman,WA,Truck,0,0,0,8552,8552,0
August 31 2023,Suffolk,VA,Passenger,1,0,1,101,102,0.98
June 30 2023,Tom Green,TX,Passenger,0,1,1,18,19,5.26
August 31 2023,Wayne,MI,Passenger,0,1,1,41,42,2.38
November 30 2017,Allegheny,PA,Passenger,1,0,1,94,95,1.05
August 31 2021,Camden,NJ,Passenger,0,1,1,15,16,6.25
May 31 2020,Spokane,WA,Passenger,720,478,1198,314849,316047,0.38
December 31 2019,Norfolk,MA,Passenger,1,0,1,39,40,2.5
November 30 2017,Okanogan,WA,Truck,0,0,0,16270,16270,0
April 30 2024,Stevens,WA,Truck,6,0,6,18606,18612,0.03
December 31 2020,Montgomery,AL,Passenger,1,0,1,43,44,2.27
December 31 2022,Norfolk,MA,Passenger,1,0,1,25,26,3.85
July 31 2023,St. Louis,MN,Passenger,0,1,1,7,8,12.5
September 30 2019,Powhatan,VA,Passenger,1,0,1,1,2,50
November 30 2022,Pend Oreille,WA,Passenger,19,13,32,8960,8992,0.36
November 30 2018,Okanogan,WA,Truck,0,0,0,16494,16494,0
January 31 2019,Dakota,MN,Passenger,0,2,2,32,34,5.88
June 30 2019,Virginia Beach,VA,Passenger,1,0,1,709,710,0.14
May 31 2019,Broward,FL,Passenger,2,1,3,128,131,2.29
August 31 2021,Nueces,TX,Passenger,1,0,1,72,73,1.37
May 31 2019,Washtenaw,MI,Passenger,1,0,1,38,39,2.56
February 28 2017,Stevens,WA,Truck,0,0,0,18330,18330,0
November 30 2018,Island,WA,Truck,0,0,0,21163,21163,0
May 31 2021,Santa Cruz,CA,Passenger,1,0,1,27,28,3.57
October 31 2022,Queens,NY,Passenger,1,0,1,40,41,2.44
January 31 2017,Stevens,WA,Passenger,6,21,27,31524,31551,0.09
January 31 2024,Kitsap,WA,Passenger,4056,1530,5586,175230,180816,3.09
November 30 2023,Harris,TX,Passenger,2,1,3,133,136,2.21
May 31 2022,Gwinnett,GA,Passenger,1,0,1,57,58,1.72
March 31 2024,Montgomery,AL,Passenger,1,1,2,33,35,5.71
May 31 2022,Whitman,WA,Truck,0,0,0,8554,8554,0
May 31 2022,Sumter,SC,Passenger,0,1,1,30,31,3.23
May 31 2022,San Juan,WA,Passenger,499,152,651,14080,14731,4.42
February 28 2019,Pend Oreille,WA,Truck,0,0,0,5740,5740,0
March 31 2017,Prince William,VA,Passenger,0,4,4,274,278,1.44
May 31 2017,Okaloosa,FL,Passenger,1,0,1,186,187,0.53
June 30 2022,Tarrant,TX,Passenger,4,0,4,132,136,2.94
September 30 2018,Lewis,WA,Passenger,84,68,152,57931,58083,0.26
May 31 2023,Adams,WA,Passenger,25,12,37,13055,13092,0.28
August 31 2018,Chelan,WA,Truck,0,0,0,21977,21977,0
December 31 2023,Garfield,WA,Passenger,0,3,3,1299,1302,0.23
February 29 2024,Kern,CA,Passenger,1,1,2,153,155,1.29
January 31 2022,Jefferson,NY,Passenger,1,0,1,215,216,0.46
April 30 2020,Sacramento,CA,Passenger,1,1,2,285,287,0.7
March 31 2022,Columbia,OR,Passenger,1,0,1,26,27,3.7
October 31 2023,Platte,MO,Passenger,2,0,2,21,23,8.7
February 28 2019,Caddo,LA,Passenger,0,1,1,25,26,3.85
December 31 2018,Spokane,WA,Truck,1,0,1,93736,93737,0
May 31 2022,Lewis,WA,Truck,0,0,0,26409,26409,0
February 29 2020,Pend Oreille,WA,Truck,0,0,0,5761,5761,0
December 31 2018,Hardin,KY,Passenger,0,1,1,103,104,0.96
September 30 2020,Fairbanks North Star,AK,Passenger,0,1,1,98,99,1.01
September 30 2023,Douglas,NE,Passenger,1,1,2,27,29,6.9
November 30 2022,Cass,MN,Passenger,0,1,1,2,3,33.33
April 30 2017,Pierce,WA,Truck,0,0,0,137781,137781,0
November 30 2018,Wahkiakum,WA,Passenger,1,1,2,2982,2984,0.07
April 30 2022,San Diego,CA,Passenger,16,6,22,2495,2517,0.87
May 31 2018,Pinal,AZ,Passenger,2,0,2,211,213,0.94
February 28 2021,Ventura,CA,Passenger,1,2,3,290,293,1.02
July 31 2020,Saginaw,MI,Passenger,1,0,1,11,12,8.33
February 28 2022,Owyhee,ID,Passenger,1,0,1,3,4,25
February 28 2019,Yakima,WA,Passenger,86,101,187,164430,164617,0.11
June 30 2018,Gwinnett,GA,Passenger,0,1,1,84,85,1.18
June 30 2019,Fresno,CA,Passenger,1,0,1,200,201,0.5
November 30 2020,Deschutes,OR,Passenger,2,0,2,141,143,1.4
May 31 2022,Wahkiakum,WA,Passenger,22,10,32,3082,3114,1.03
February 28 2022,Dorchester,SC,Passenger,1,0,1,75,76,1.32
May 31 2023,Collin,TX,Passenger,4,0,4,61,65,6.15
September 30 2022,Lincoln,WA,Truck,0,0,0,4844,4844,0
August 31 2017,New Haven,CT,Passenger,0,1,1,57,58,1.72
June 30 2021,Chesapeake,VA,Passenger,0,2,2,421,423,0.47
March 31 2023,Multnomah,OR,Passenger,2,2,4,485,489,0.82
March 31 2019,Sedgwick,KS,Passenger,0,1,1,105,106,0.94
September 30 2017,Clay,FL,Passenger,0,1,1,113,114,0.88
June 30 2021,Denver,CO,Passenger,1,0,1,124,125,0.8
June 30 2018,Latah,ID,Passenger,0,1,1,78,79,1.27
November 30 2018,Larimer,CO,Passenger,1,0,1,60,61,1.64
December 31 2022,San Juan,WA,Truck,8,0,8,5912,5920,0.14
May 31 2020,Thurston,WA,Truck,0,0,0,55473,55473,0
March 31 2022,District of Columbia,DC,Passenger,3,0,3,175,178,1.69
February 28 2018,Monterey,CA,Passenger,0,2,2,199,201,1
January 31 2024,Anchorage,AK,Passenger,1,0,1,92,93,1.08
February 28 2022,Sedgwick,KS,Passenger,0,1,1,85,86,1.16
January 31 2023,Norfolk,MA,Passenger,1,0,1,22,23,4.35
April 30 2023,Chelan,WA,Truck,26,0,26,23119,23145,0.11
August 31 2021,Sedgwick,KS,Passenger,0,1,1,83,84,1.19
November 30 2022,Washington,MD,Passenger,2,0,2,14,16,12.5
April 30 2017,Wahkiakum,WA,Passenger,0,2,2,2848,2850,0.07
November 30 2023,Clark,NV,Passenger,7,3,10,398,408,2.45
April 30 2021,Montgomery,PA,Passenger,1,0,1,25,26,3.85
August 31 2023,Pierce,WA,Passenger,8309,2905,11214,528331,539545,2.08
April 30 2017,Grant,WA,Passenger,18,21,39,60480,60519,0.06
June 30 2021,Mason,WA,Passenger,215,138,353,48149,48502,0.73
October 31 2022,Maricopa,AZ,Passenger,15,4,19,953,972,1.95
August 31 2020,Contra Costa,CA,Passenger,4,3,7,296,303,2.31
November 30 2020,Washington,OR,Passenger,1,0,1,443,444,0.23
April 30 2023,Norfolk,MA,Passenger,1,0,1,22,23,4.35
December 31 2023,Pinal,AZ,Passenger,2,1,3,75,78,3.85
October 31 2018,Denver,CO,Passenger,1,0,1,136,137,0.73
August 31 2019,Santa Fe,NM,Passenger,0,1,1,42,43,2.33
June 30 2017,Lee,AL,Passenger,1,0,1,36,37,2.7
January 31 2020,Jones,GA,Passenger,1,0,1,1,2,50
September 30 2018,Maricopa,AZ,Passenger,1,2,3,1636,1639,0.18
March 31 2019,Jefferson,WA,Truck,0,0,0,9640,9640,0
March 31 2020,Clay,FL,Passenger,0,1,1,85,86,1.16
February 28 2019,Gwinnett,GA,Passenger,0,1,1,78,79,1.27
June 30 2022,Montgomery,PA,Passenger,2,0,2,24,26,7.69
June 30 2020,DeKalb,GA,Passenger,1,0,1,85,86,1.16
November 30 2021,Howard,IN,Passenger,0,1,1,6,7,14.29
May 31 2022,Fairfax,VA,Passenger,7,2,9,657,666,1.35
January 31 2023,Dorchester,SC,Passenger,1,0,1,55,56,1.79
December 31 2018,Ventura,CA,Passenger,0,2,2,333,335,0.6
December 31 2021,San Joaquin,CA,Passenger,1,1,2,104,106,1.89
December 31 2020,Ulster,NY,Passenger,1,0,1,13,14,7.14
February 28 2023,Montgomery,AL,Passenger,1,1,2,36,38,5.26
July 31 2022,Virginia Beach,VA,Passenger,2,0,2,519,521,0.38
October 31 2021,Washington,OR,Passenger,1,0,1,383,384,0.26
April 30 2019,Lewis,WA,Passenger,95,93,188,58808,58996,0.32
October 31 2021,District of Columbia,DC,Passenger,4,0,4,183,187,2.14
December 31 2023,Okanogan,WA,Truck,8,0,8,16375,16383,0.05
March 31 2017,Latah,ID,Passenger,0,1,1,124,125,0.8
April 30 2024,Wahkiakum,WA,Truck,5,0,5,1739,1744,0.29
October 31 2020,DeKalb,GA,Passenger,1,0,1,79,80,1.25
February 28 2021,Pend Oreille,WA,Truck,0,0,0,5720,5720,0
May 31 2019,Penobscot,ME,Passenger,0,1,1,14,15,6.67
March 31 2022,Penobscot,ME,Passenger,0,1,1,6,7,14.29
June 30 2021,Klickitat,WA,Passenger,70,51,121,15267,15388,0.79
February 28 2017,Howard,MD,Passenger,0,2,2,90,92,2.17
April 30 2022,Placer,CA,Passenger,2,0,2,78,80,2.5
April 30 2019,Williamson,TX,Passenger,0,1,1,153,154,0.65
May 31 2018,Garfield,OK,Passenger,1,0,1,20,21,4.76
July 31 2021,Jefferson,WA,Passenger,338,183,521,24865,25386,2.05
January 31 2023,Benton,WA,Truck,13,0,13,43297,43310,0.03
August 31 2021,Bexar,TX,Passenger,2,4,6,546,552,1.09
March 31 2021,New London,CT,Passenger,1,2,3,225,228,1.32
April 30 2023,York,VA,Passenger,1,0,1,76,77,1.3
March 31 2020,Manassas,VA,Passenger,0,1,1,5,6,16.67
July 31 2023,Adams,WA,Passenger,24,12,36,13052,13088,0.28
May 31 2024,,,Passenger,2,2,4,223,227,1.76
February 28 2017,Pima,AZ,Passenger,0,2,2,462,464,0.43
November 30 2019,Monterey,CA,Passenger,0,1,1,188,189,0.53
March 31 2018,Richland,SC,Passenger,0,1,1,175,176,0.57
April 30 2020,Grant,WA,Passenger,59,71,130,65257,65387,0.2
April 30 2019,Maricopa,AZ,Passenger,5,4,9,1624,1633,0.55
November 30 2020,Okanogan,WA,Truck,0,0,0,16570,16570,0
June 30 2023,Frederick,MD,Passenger,2,1,3,51,54,5.56
November 30 2019,Jefferson,CO,Passenger,0,2,2,56,58,3.45
October 31 2023,Tarrant,TX,Passenger,2,0,2,87,89,2.25
May 31 2019,Eagle,CO,Passenger,1,0,1,6,7,14.29
September 30 2022,Kauai,HI,Passenger,1,0,1,17,18,5.56
August 31 2020,Ferry,WA,Passenger,7,3,10,4312,4322,0.23
January 31 2020,Putnam,TN,Passenger,0,1,1,3,4,25
November 30 2018,Cowlitz,WA,Passenger,69,91,160,72362,72522,0.22
September 30 2021,Collier,FL,Passenger,1,0,1,17,18,5.56
January 31 2024,Pima,AZ,Passenger,1,0,1,174,175,0.57
February 28 2023,Sacramento,CA,Passenger,3,1,4,203,207,1.93
May 31 2022,Yavapai,AZ,Passenger,0,1,1,32,33,3.03
December 31 2023,Richland,SC,Passenger,0,1,1,100,101,0.99
November 30 2021,Allegheny,PA,Passenger,2,1,3,74,77,3.9
August 31 2022,Wichita,TX,Passenger,1,0,1,41,42,2.38
February 28 2018,Charles,MD,Passenger,0,1,1,83,84,1.19
July 31 2022,Williamsburg,VA,Passenger,0,1,1,7,8,12.5
March 31 2020,Pima,AZ,Passenger,3,1,4,388,392,1.02
June 30 2019,Los Angeles,CA,Passenger,6,5,11,1139,1150,0.96
January 31 2021,Garfield,WA,Passenger,0,2,2,1359,1361,0.15
June 30 2021,Hudson,NJ,Passenger,1,0,1,43,44,2.27
August 31 2022,Middlesex,MA,Passenger,2,0,2,90,92,2.17
May 31 2021,Multnomah,OR,Passenger,3,5,8,679,687,1.16
June 30 2020,Chesapeake,VA,Passenger,0,1,1,432,433,0.23
December 31 2023,Walla Walla,WA,Truck,10,0,10,13710,13720,0.07
November 30 2023,Hillsborough,FL,Passenger,2,2,4,104,108,3.7
June 30 2020,Monroe,IL,Passenger,1,0,1,3,4,25
August 31 2020,Klickitat,WA,Passenger,57,42,99,15037,15136,0.65
December 31 2017,Arlington,VA,Passenger,1,2,3,179,182,1.65
August 31 2017,Orange,CA,Passenger,3,1,4,623,627,0.64
August 31 2023,Loudoun,VA,Passenger,2,1,3,61,64,4.69
February 28 2022,Yavapai,AZ,Passenger,0,1,1,36,37,2.7
February 28 2019,Clallam,WA,Passenger,153,127,280,50347,50627,0.55
July 31 2018,Alameda,CA,Passenger,0,1,1,352,353,0.28
June 30 2023,Carroll,MD,Passenger,0,1,1,20,21,4.76
January 31 2020,Polk,FL,Passenger,1,0,1,78,79,1.27
July 31 2024,Collier,FL,Passenger,1,0,1,5,6,16.67
February 28 2019,Klickitat,WA,Truck,0,0,0,8215,8215,0
April 30 2022,Bell,TX,Passenger,1,0,1,341,342,0.29
January 31 2022,Mohave,AZ,Passenger,1,0,1,54,55,1.82
May 31 2019,Cowlitz,WA,Passenger,95,107,202,72892,73094,0.28
April 30 2018,Moore,NC,Passenger,0,1,1,190,191,0.52
December 31 2022,Garfield,WA,Truck,0,0,0,971,971,0
August 31 2022,Marion,OR,Passenger,1,0,1,91,92,1.09
July 31 2020,Whatcom,WA,Passenger,1092,499,1591,149242,150833,1.05
December 31 2022,Grays Harbor,WA,Truck,2,0,2,21057,21059,0.01
July 31 2020,Nueces,TX,Passenger,1,0,1,86,87,1.15
August 31 2021,Dallas,TX,Passenger,1,0,1,166,167,0.6
March 31 2021,Fulton,GA,Passenger,0,3,3,90,93,3.23
April 30 2022,Anne Arundel,MD,Passenger,3,2,5,365,370,1.35
August 31 2022,Walla Walla,WA,Truck,2,0,2,13905,13907,0.01
January 31 2019,New London,CT,Passenger,0,1,1,242,243,0.41
September 30 2022,Manassas,VA,Passenger,0,1,1,8,9,11.11
October 31 2022,Pennington,SD,Passenger,2,0,2,24,26,7.69
January 31 2023,Sarpy,NE,Passenger,1,0,1,60,61,1.64
March 31 2024,Rockingham,NH,Passenger,1,0,1,8,9,11.11
April 30 2023,Eagle,CO,Passenger,1,0,1,6,7,14.29
May 31 2017,Pacific,WA,Passenger,9,7,16,15131,15147,0.11
November 30 2020,Goochland,VA,Passenger,4,2,6,266,272,2.21
February 28 2023,Whitman,WA,Truck,4,0,4,8642,8646,0.05
August 31 2022,Penobscot,ME,Passenger,0,1,1,8,9,11.11
July 31 2019,Snohomish,WA,Passenger,3554,1616,5170,532558,537728,0.96
October 31 2019,Wahkiakum,WA,Passenger,4,3,7,3050,3057,0.23
July 31 2021,Skamania,WA,Passenger,51,36,87,8395,8482,1.03
March 31 2018,Madison,ID,Passenger,1,0,1,38,39,2.56
April 30 2018,Polk,FL,Passenger,1,0,1,67,68,1.47
December 31 2019,Fresno,CA,Passenger,1,0,1,207,208,0.48
February 28 2018,,,Passenger,3,1,4,436,440,0.91
May 31 2022,Galveston,TX,Passenger,0,1,1,18,19,5.26
December 31 2021,Albemarle,VA,Passenger,3,0,3,21,24,12.5
June 30 2020,Alexandria,VA,Passenger,2,0,2,139,141,1.42
May 31 2019,Flathead,MT,Passenger,1,0,1,66,67,1.49
July 31 2022,Harnett,NC,Passenger,2,0,2,158,160,1.25
January 31 2021,Pacific,WA,Truck,0,0,0,7796,7796,0
December 31 2019,Ferry,WA,Truck,0,0,0,3581,3581,0
November 30 2022,King,WA,Passenger,46981,12031,59012,1337434,1396446,4.23
March 31 2020,Cumberland,NC,Passenger,1,2,3,491,494,0.61
October 31 2022,Hawaii,HI,Passenger,1,0,1,38,39,2.56
December 31 2017,District of Columbia,DC,Passenger,0,3,3,197,200,1.5
June 30 2023,Walla Walla,WA,Passenger,221,110,331,35442,35773,0.93
July 31 2017,Arlington,VA,Passenger,1,1,2,175,177,1.13
August 31 2019,Calvert,MD,Passenger,0,2,2,90,92,2.17
December 31 2021,San Francisco,CA,Passenger,1,1,2,104,106,1.89
September 30 2021,Cowlitz,WA,Passenger,246,154,400,71988,72388,0.55
August 31 2018,Grant,WA,Passenger,34,49,83,63546,63629,0.13
June 30 2023,Clallam,WA,Passenger,549,284,833,49036,49869,1.67
September 30 2023,Bell,TX,Passenger,2,0,2,246,248,0.81
May 31 2022,Fort Bend,TX,Passenger,1,0,1,28,29,3.45
October 31 2020,Queens,NY,Passenger,1,0,1,54,55,1.82
May 31 2021,Stafford,VA,Passenger,2,1,3,104,107,2.8
March 31 2018,Mason,WA,Truck,0,0,0,19789,19789,0
May 31 2021,Salt Lake,UT,Passenger,1,1,2,194,196,1.02
September 30 2023,Honolulu,HI,Passenger,4,3,7,280,287,2.44
November 30 2022,Leavenworth,KS,Passenger,0,1,1,92,93,1.08
April 30 2019,San Juan,WA,Truck,0,0,0,5833,5833,0
March 31 2024,Kittitas,WA,Truck,24,0,24,14640,14664,0.16
March 31 2024,Pend Oreille,WA,Truck,3,0,3,5574,5577,0.05
November 30 2017,Sangamon,IL,Passenger,1,0,1,11,12,8.33
March 31 2017,Dale,AL,Passenger,0,1,1,62,63,1.59
July 31 2020,Shelby,OH,Passenger,0,1,1,2,3,33.33
November 30 2017,Montgomery,TX,Passenger,1,0,1,63,64,1.56
September 30 2019,Washoe,NV,Passenger,2,0,2,113,115,1.74
March 31 2022,Prince George's,MD,Passenger,2,1,3,145,148,2.03
November 30 2022,Charleston,SC,Passenger,2,2,4,61,65,6.15
October 31 2020,Thurston,WA,Passenger,1253,760,2013,197067,199080,1.01
February 28 2019,Sacramento,CA,Passenger,0,1,1,310,311,0.32
November 30 2020,Kent,MI,Passenger,0,1,1,28,29,3.45
October 31 2021,Saginaw,MI,Passenger,1,0,1,7,8,12.5
April 30 2024,San Mateo,CA,Passenger,3,0,3,48,51,5.88
May 31 2020,Boulder,CO,Passenger,1,1,2,48,50,4
September 30 2020,Rogers,OK,Passenger,1,0,1,8,9,11.11
May 31 2022,Hamilton,OH,Passenger,1,0,1,36,37,2.7
March 31 2023,Spokane,WA,Truck,29,0,29,101695,101724,0.03
September 30 2018,San Juan,WA,Truck,0,0,0,5759,5759,0
March 31 2017,Maui,HI,Passenger,1,0,1,72,73,1.37
August 31 2019,Richland,SC,Passenger,0,1,1,159,160,0.62
December 31 2022,Honolulu,HI,Passenger,5,3,8,358,366,2.19
August 31 2018,Jefferson,CO,Passenger,0,1,1,61,62,1.61
July 31 2023,Clallam,WA,Truck,18,0,18,21710,21728,0.08
October 31 2019,Franklin,WA,Truck,0,0,0,19650,19650,0
January 31 2024,Suffolk,VA,Passenger,1,0,1,95,96,1.04
February 28 2021,Tarrant,TX,Passenger,1,0,1,169,170,0.59
April 30 2023,San Diego,CA,Passenger,22,7,29,2245,2274,1.28
October 31 2020,San Joaquin,CA,Passenger,1,0,1,121,122,0.82
June 30 2020,New Haven,CT,Passenger,0,2,2,37,39,5.13
June 30 2019,Lake,FL,Passenger,1,0,1,22,23,4.35
October 31 2018,Island,WA,Passenger,244,217,461,63004,63465,0.73
December 31 2019,Lincoln,WA,Truck,0,0,0,4680,4680,0
July 31 2017,Klickitat,WA,Truck,0,0,0,7945,7945,0
January 31 2021,Franklin,WA,Truck,0,0,0,20486,20486,0
January 31 2023,Mohave,AZ,Passenger,1,0,1,42,43,2.33
July 31 2019,Manatee,FL,Passenger,1,0,1,35,36,2.78
May 31 2023,Hamilton,OH,Truck,1,0,1,4,5,20
December 31 2018,Pierce,WA,Truck,0,0,0,139070,139070,0
November 30 2018,Stevens,WA,Truck,0,0,0,18725,18725,0
July 31 2020,Skamania,WA,Passenger,31,19,50,8415,8465,0.59
September 30 2023,San Francisco,CA,Passenger,2,0,2,59,61,3.28
July 31 2020,Ventura,CA,Passenger,1,1,2,297,299,0.67
November 30 2021,Snohomish,WA,Passenger,6830,2227,9057,537981,547038,1.66
February 28 2023,New London,CT,Passenger,3,3,6,181,187,3.21
October 31 2022,Duval,FL,Passenger,1,2,3,290,293,1.02
November 30 2018,Maui,HI,Passenger,2,0,2,55,57,3.51
April 30 2022,New York,NY,Passenger,2,0,2,45,47,4.26
October 31 2021,Randolph,NC,Passenger,1,0,1,6,7,14.29
July 31 2020,Okanogan,WA,Passenger,37,34,71,25908,25979,0.27
December 31 2020,Montgomery,PA,Passenger,1,0,1,26,27,3.7
January 31 2018,DeKalb,GA,Passenger,1,0,1,87,88,1.14
April 30 2021,Williamson,TX,Passenger,0,2,2,130,132,1.52
February 28 2022,Galveston,TX,Passenger,0,1,1,21,22,4.55
January 31 2024,Ulster,NY,Passenger,1,0,1,6,7,14.29
December 31 2017,Pierce,WA,Truck,0,0,0,136987,136987,0
December 31 2020,King,WA,Passenger,26910,8169,35079,1369140,1404219,2.5
May 31 2024,Okanogan,WA,Passenger,185,87,272,25827,26099,1.04
February 28 2022,Fulton,GA,Passenger,0,1,1,79,80,1.25
May 31 2018,King,WA,Truck,7,1,8,183101,183109,0
August 31 2023,Thurston,WA,Truck,70,0,70,53827,53897,0.13
May 31 2022,Garfield,WA,Passenger,0,3,3,1322,1325,0.23
December 31 2021,Stevens,WA,Passenger,56,44,100,30251,30351,0.33
April 30 2019,Wayne,MI,Passenger,0,1,1,71,72,1.39
August 31 2023,Tarrant,TX,Passenger,2,0,2,90,92,2.17
October 31 2021,Clark,WA,Passenger,3254,1511,4765,320812,325577,1.46
June 30 2021,Pend Oreille,WA,Passenger,14,7,21,9259,9280,0.23
July 31 2023,Sacramento,CA,Passenger,3,1,4,169,173,2.31
April 30 2023,Norfolk,VA,Passenger,2,2,4,290,294,1.36
May 31 2024,Virginia Beach,VA,Passenger,4,2,6,376,382,1.57
August 31 2017,Shelby,TN,Passenger,0,1,1,106,107,0.93
September 30 2020,Douglas,NE,Passenger,0,1,1,54,55,1.82
April 30 2021,Klamath,OR,Passenger,1,0,1,34,35,2.86
August 31 2018,Kittitas,WA,Passenger,52,34,86,29118,29204,0.29
April 30 2017,Riverside,CA,Passenger,1,1,2,839,841,0.24
September 30 2020,Moore,NC,Passenger,0,1,1,156,157,0.64
February 28 2021,San Bernardino,CA,Passenger,1,0,1,399,400,0.25
August 31 2019,Whatcom,WA,Truck,2,0,2,42988,42990,0
November 30 2019,Penobscot,ME,Passenger,0,1,1,13,14,7.14
November 30 2018,Marion,IN,Passenger,1,0,1,122,123,0.81
July 31 2018,Sumter,FL,Passenger,0,1,1,11,12,8.33
October 31 2023,Whatcom,WA,Passenger,2825,994,3819,147834,151653,2.52
May 31 2018,Prince William,VA,Passenger,0,5,5,264,269,1.86
October 31 2018,Santa Rosa,FL,Passenger,1,0,1,91,92,1.09
March 31 2021,Alexandria,VA,Passenger,3,0,3,134,137,2.19
December 31 2017,Kent,MI,Passenger,0,1,1,34,35,2.86
January 31 2023,Sacramento,CA,Truck,1,0,1,39,40,2.5
January 31 2017,Prince George's,MD,Passenger,0,1,1,187,188,0.53
July 31 2024,Escambia,FL,Passenger,0,1,1,102,103,0.97
June 30 2018,Columbia,WA,Truck,0,0,0,1527,1527,0
November 30 2023,Hennepin,MN,Passenger,1,0,1,33,34,2.94
March 31 2022,Rogers,OK,Passenger,1,0,1,7,8,12.5
July 31 2019,Spokane,WA,Passenger,556,434,990,312604,313594,0.32
April 30 2023,Pend Oreille,WA,Passenger,31,13,44,8893,8937,0.49
February 29 2020,Ramsey,MN,Passenger,1,0,1,47,48,2.08
May 31 2020,Brevard,FL,Passenger,0,1,1,90,91,1.1
February 28 2022,Burlington,NJ,Passenger,0,1,1,111,112,0.89
August 31 2020,Nassau,NY,Passenger,4,0,4,36,40,10
April 30 2024,Yolo,CA,Passenger,2,0,2,19,21,9.52
December 31 2019,Jefferson,CO,Passenger,0,2,2,55,57,3.51
June 30 2024,Walla Walla,WA,Truck,12,0,12,13439,13451,0.09
February 29 2024,Garfield,OK,Passenger,1,0,1,16,17,5.88
November 30 2022,Denton,TX,Passenger,2,0,2,65,67,2.99
March 31 2020,Montgomery,OH,Passenger,0,1,1,46,47,2.13
December 31 2019,Clallam,WA,Truck,1,0,1,21862,21863,0
July 31 2022,Orange,CA,Passenger,8,3,11,388,399,2.76
September 30 2017,Multnomah,OR,Passenger,1,3,4,926,930,0.43
April 30 2020,Harris,TX,Passenger,1,0,1,272,273,0.37
May 31 2019,New London,CT,Passenger,0,1,1,241,242,0.41
June 30 2019,Howard,MD,Passenger,0,1,1,83,84,1.19
April 30 2023,Coryell,TX,Passenger,1,0,1,82,83,1.2
April 30 2024,Pinal,AZ,Passenger,2,1,3,71,74,4.05
April 30 2023,Clallam,WA,Truck,17,0,17,21742,21759,0.08
March 31 2022,Pend Oreille,WA,Passenger,16,10,26,9038,9064,0.29
November 30 2020,Charles,MD,Passenger,1,1,2,79,81,2.47
September 30 2022,Lake,IL,Passenger,3,0,3,138,141,2.13
April 30 2020,Vigo,IN,Passenger,1,0,1,5,6,16.67
July 31 2018,Yakima,WA,Truck,0,0,0,58533,58533,0
September 30 2023,Cowlitz,WA,Truck,10,0,10,28043,28053,0.04
May 31 2019,Jefferson,WA,Passenger,191,119,310,24993,25303,1.23
February 28 2023,Anchorage,AK,Passenger,1,0,1,125,126,0.79
February 29 2020,Multnomah,OR,Passenger,4,7,11,758,769,1.43
May 31 2024,New York,NY,Passenger,2,0,2,30,32,6.25
March 31 2020,Denton,TX,Passenger,1,0,1,101,102,0.98
December 31 2017,Whitman,WA,Passenger,17,20,37,22425,22462,0.16
March 31 2023,Marion,OR,Passenger,1,0,1,76,77,1.3
September 30 2020,DeKalb,GA,Passenger,1,0,1,82,83,1.2
May 31 2021,Asotin,WA,Truck,0,0,0,6776,6776,0
January 31 2021,Mohave,AZ,Passenger,1,0,1,66,67,1.49
August 31 2023,Pulaski,MO,Passenger,3,0,3,100,103,2.91
November 30 2022,Albemarle,VA,Passenger,2,0,2,17,19,10.53
December 31 2018,Fulton,GA,Passenger,1,3,4,110,114,3.51
April 30 2019,Skamania,WA,Truck,0,0,0,4040,4040,0
December 31 2022,Fairfax,VA,Passenger,7,2,9,636,645,1.4
May 31 2022,Maricopa,AZ,Passenger,13,4,17,1107,1124,1.51
December 31 2019,Sacramento,CA,Passenger,0,1,1,303,304,0.33
January 31 2023,Berkeley,SC,Passenger,0,1,1,115,116,0.86
May 31 2024,Kootenai,ID,Passenger,0,2,2,74,76,2.63
August 31 2017,Lee,AL,Passenger,1,0,1,36,37,2.7
February 28 2021,Marion,IA,Passenger,1,0,1,1,2,50
June 30 2023,Lewis,WA,Passenger,332,211,543,59315,59858,0.91
March 31 2024,Ferry,WA,Truck,0,0,0,3515,3515,0
June 30 2021,Owyhee,ID,Passenger,1,0,1,4,5,20
March 31 2019,Kent,MI,Passenger,0,1,1,23,24,4.17
December 31 2019,Kent,MI,Passenger,0,1,1,27,28,3.57
May 31 2020,Yakima,WA,Truck,0,0,0,59562,59562,0
December 31 2019,Ada,ID,Passenger,0,1,1,303,304,0.33
October 31 2020,Moore,NC,Passenger,0,1,1,152,153,0.65
October 31 2022,Spokane,WA,Truck,14,0,14,101708,101722,0.01
July 31 2024,Kittitas,WA,Truck,34,0,34,14212,14246,0.24
June 30 2018,Ramsey,MN,Passenger,1,0,1,42,43,2.33
May 31 2020,Solano,CA,Passenger,1,0,1,212,213,0.47
April 30 2024,Montgomery,OH,Passenger,0,1,1,37,38,2.63
April 30 2024,Middlesex,NJ,Passenger,1,0,1,19,20,5
July 31 2020,Virginia Beach,VA,Passenger,1,0,1,666,667,0.15
March 31 2018,Orange,CA,Passenger,3,1,4,588,592,0.68
February 28 2023,District of Columbia,DC,Passenger,2,0,2,146,148,1.35
August 31 2022,San Francisco,CA,Passenger,1,0,1,88,89,1.12
February 28 2022,King,WA,Truck,22,1,23,182353,182376,0.01
December 31 2021,Thurston,WA,Passenger,1862,964,2826,196356,199182,1.42
December 31 2017,Sedgwick,KS,Passenger,0,1,1,108,109,0.92
June 30 2022,Santa Cruz,CA,Passenger,1,0,1,27,28,3.57
June 30 2021,Fulton,GA,Passenger,0,1,1,89,90,1.11
June 30 2021,Leavenworth,KS,Passenger,0,1,1,110,111,0.9
March 31 2021,Henrico,VA,Passenger,0,1,1,18,19,5.26
June 30 2022,Palm Beach,FL,Passenger,1,1,2,59,61,3.28
August 31 2018,Tulsa,OK,Passenger,1,1,2,53,55,3.64
February 29 2024,Stevens,WA,Passenger,145,72,217,29536,29753,0.73
February 29 2024,El Paso,CO,Passenger,6,2,8,445,453,1.77
September 30 2017,Charles,MD,Passenger,0,1,1,86,87,1.15
April 30 2020,Maricopa,AZ,Passenger,7,9,16,1576,1592,1.01
February 28 2023,Maricopa,AZ,Passenger,15,5,20,868,888,2.25
December 31 2020,Loudoun,VA,Passenger,1,0,1,76,77,1.3
August 31 2017,St. Lucie,FL,Passenger,1,0,1,27,28,3.57
September 30 2023,Pend Oreille,WA,Truck,0,0,0,5606,5606,0
January 31 2021,Williamson,TX,Passenger,0,2,2,139,141,1.42
February 28 2023,Essex,MA,Passenger,2,0,2,13,15,13.33
July 31 2020,Spokane,WA,Passenger,752,489,1241,316252,317493,0.39
October 31 2022,Clallam,WA,Passenger,457,256,713,49401,50114,1.42
June 30 2017,Wahkiakum,WA,Truck,0,0,0,1644,1644,0
May 31 2020,Dakota,MN,Passenger,0,1,1,30,31,3.23
December 31 2020,Monroe,IL,Passenger,1,0,1,2,3,33.33
December 31 2019,Chelan,WA,Truck,0,0,0,22545,22545,0
September 30 2017,Stevens,WA,Truck,0,0,0,18247,18247,0
May 31 2022,Whatcom,WA,Truck,5,0,5,43341,43346,0.01
January 31 2024,Madison,IL,Passenger,2,0,2,14,16,12.5
February 28 2022,Orange,NC,Passenger,0,1,1,12,13,7.69
June 30 2024,Philadelphia,PA,Passenger,0,1,1,25,26,3.85
October 31 2023,Yakima,WA,Passenger,597,285,882,166341,167223,0.53
August 31 2017,Pacific,WA,Passenger,10,9,19,15240,15259,0.12
July 31 2023,Cowlitz,WA,Passenger,486,223,709,69820,70529,1.01
April 30 2022,Walla Walla,WA,Truck,0,0,0,14011,14011,0
May 31 2020,Dallas,TX,Passenger,1,0,1,214,215,0.47
August 31 2023,District of Columbia,DC,Passenger,2,0,2,136,138,1.45
April 30 2023,Washoe,NV,Passenger,2,0,2,55,57,3.51
March 31 2018,Bexar,TX,Passenger,2,2,4,794,798,0.5
January 31 2023,Jackson,OK,Passenger,0,1,1,37,38,2.63
November 30 2020,Whitman,WA,Truck,0,0,0,8486,8486,0
October 31 2019,Adams,WA,Truck,0,0,0,5152,5152,0
February 29 2020,Ulster,NY,Passenger,1,0,1,13,14,7.14
August 31 2021,Benton,WA,Truck,0,0,0,43600,43600,0
March 31 2018,Thurston,WA,Truck,0,0,0,53994,53994,0
June 30 2019,Montgomery,TX,Passenger,2,0,2,64,66,3.03
December 31 2019,Pima,AZ,Passenger,3,1,4,402,406,0.99
August 31 2019,Placer,CA,Passenger,1,0,1,106,107,0.93
August 31 2023,Alexandria,VA,Passenger,3,0,3,95,98,3.06
January 31 2024,Los Angeles,CA,Passenger,10,4,14,574,588,2.38
March 31 2019,Ventura,CA,Passenger,0,2,2,324,326,0.61
August 31 2023,Henrico,VA,Passenger,0,1,1,8,9,11.11
February 28 2017,Franklin,OH,Passenger,0,1,1,118,119,0.84
January 31 2018,Orange,CA,Passenger,3,1,4,584,588,0.68
April 30 2023,Providence,RI,Passenger,1,0,1,21,22,4.55
October 31 2022,San Joaquin,CA,Passenger,1,0,1,91,92,1.09
August 31 2021,Saginaw,MI,Passenger,1,0,1,8,9,11.11
January 31 2024,Pierce,WA,Passenger,9833,3267,13100,524742,537842,2.44
September 30 2017,Mason,WA,Passenger,61,71,132,44177,44309,0.3
June 30 2024,Multnomah,OR,Passenger,1,1,2,317,319,0.63
November 30 2018,Norfolk,VA,Passenger,2,2,4,343,347,1.15
May 31 2023,Maui,HI,Passenger,1,0,1,21,22,4.55
March 31 2024,Mercer,NJ,Passenger,0,1,1,6,7,14.29
May 31 2020,Rogers,OK,Passenger,1,0,1,9,10,10
October 31 2017,Whatcom,WA,Passenger,511,202,713,144270,144983,0.49
January 31 2018,San Juan,WA,Passenger,137,46,183,13920,14103,1.3
February 28 2019,Asotin,WA,Truck,0,0,0,6641,6641,0
July 31 2018,El Paso,CO,Passenger,2,2,4,763,767,0.52
November 30 2018,Pima,AZ,Passenger,1,1,2,427,429,0.47
October 31 2017,St. Lucie,FL,Passenger,1,0,1,26,27,3.7
June 30 2023,Mercer,NJ,Passenger,0,1,1,12,13,7.69
July 31 2021,Shelby,OH,Passenger,0,1,1,3,4,25
January 31 2023,Sonoma,CA,Passenger,2,1,3,77,80,3.75
January 31 2022,Klickitat,WA,Truck,0,0,0,8322,8322,0
May 31 2024,Cuyahoga,OH,Passenger,1,0,1,38,39,2.56
June 30 2020,Maui,HI,Passenger,2,0,2,35,37,5.41
May 31 2022,Arlington,VA,Passenger,1,0,1,137,138,0.72
April 30 2018,,,Passenger,3,2,5,435,440,1.14
July 31 2019,Pinellas,FL,Passenger,1,0,1,119,120,0.83
July 31 2018,Garfield,WA,Truck,0,0,0,954,954,0
January 31 2017,Honolulu,HI,Passenger,4,2,6,673,679,0.88
November 30 2020,Collin,TX,Passenger,2,1,3,132,135,2.22
June 30 2019,Sacramento,CA,Passenger,0,1,1,307,308,0.32
November 30 2017,Tulare,CA,Passenger,1,0,1,189,190,0.53
January 31 2023,Virginia Beach,VA,Truck,1,0,1,115,116,0.86
July 31 2020,Kittitas,WA,Passenger,104,47,151,29753,29904,0.5
January 31 2021,St. Louis,MO,Passenger,1,0,1,100,101,0.99
June 30 2018,Marion,IN,Passenger,1,0,1,120,121,0.83
June 30 2023,Charles,MD,Passenger,1,1,2,57,59,3.39
November 30 2023,Montgomery,AL,Passenger,1,1,2,32,34,5.88
January 31 2020,Botetourt,VA,Passenger,1,0,1,1,2,50
March 31 2021,DuPage,IL,Passenger,4,1,5,58,63,7.94
December 31 2023,Philadelphia,PA,Passenger,0,1,1,33,34,2.94
October 31 2021,Saratoga,NY,Passenger,1,0,1,43,44,2.27
December 31 2021,Carson City,NV,Passenger,1,0,1,10,11,9.09
June 30 2021,Jones,GA,Passenger,1,0,1,1,2,50
July 31 2023,Orange,NC,Passenger,0,1,1,5,6,16.67
July 31 2017,Pierce,WA,Truck,0,0,0,137336,137336,0
February 29 2024,Mason,WA,Truck,21,0,21,20377,20398,0.1
January 31 2021,Klickitat,WA,Passenger,63,43,106,14982,15088,0.7
February 28 2017,Charles,MD,Passenger,0,1,1,92,93,1.08
November 30 2021,Portsmouth,VA,Passenger,0,1,1,77,78,1.28
July 31 2019,Shasta,CA,Passenger,1,0,1,42,43,2.33
February 28 2021,Fairfax,VA,Passenger,5,3,8,714,722,1.11
January 31 2021,Nueces,TX,Passenger,1,0,1,84,85,1.18
July 31 2021,Orange,FL,Passenger,2,0,2,117,119,1.68
July 31 2021,Wahkiakum,WA,Truck,0,0,0,1791,1791,0
April 30 2023,Charleston,SC,Passenger,2,2,4,59,63,6.35
March 31 2018,Utah,UT,Passenger,0,1,1,147,148,0.68
August 31 2017,Walla Walla,WA,Passenger,27,27,54,34974,35028,0.15
March 31 2018,Garfield,WA,Passenger,1,0,1,1330,1331,0.08
November 30 2020,Tarrant,TX,Passenger,1,0,1,174,175,0.57
September 30 2019,Los Angeles,CA,Passenger,7,7,14,1130,1144,1.22
February 28 2023,Harris,TX,Passenger,1,1,2,165,167,1.2
March 31 2020,Klickitat,WA,Truck,0,0,0,8269,8269,0
December 31 2019,Deschutes,OR,Passenger,4,0,4,164,168,2.38
May 31 2023,Harford,MD,Passenger,1,1,2,41,43,4.65
January 31 2020,Wahkiakum,WA,Truck,0,0,0,1758,1758,0
October 31 2020,Richland,SC,Passenger,0,1,1,147,148,0.68
March 31 2022,Yavapai,AZ,Passenger,0,1,1,35,36,2.78
July 31 2024,Collin,TX,Passenger,1,0,1,29,30,3.33
February 29 2020,Valencia,NM,Passenger,1,0,1,7,8,12.5
April 30 2023,Snohomish,WA,Truck,144,0,144,121689,121833,0.12
February 28 2019,Washtenaw,MI,Passenger,1,0,1,37,38,2.63
September 30 2018,Marion,OR,Passenger,1,0,1,127,128,0.78
August 31 2019,Douglas,NE,Passenger,0,1,1,63,64,1.56
May 31 2023,Hillsborough,FL,Passenger,1,2,3,122,125,2.4
February 28 2019,Suffolk,MA,Passenger,0,1,1,44,45,2.22
May 31 2022,Newport,RI,Passenger,0,1,1,79,80,1.25
May 31 2020,Santa Cruz,CA,Passenger,1,0,1,37,38,2.63
June 30 2018,St. Lucie,FL,Passenger,1,0,1,26,27,3.7
January 31 2021,Jones,GA,Passenger,1,0,1,1,2,50
May 31 2017,Pierce,WA,Truck,0,0,0,137648,137648,0
March 31 2017,Columbia,WA,Truck,0,0,0,1530,1530,0
July 31 2018,Thurston,WA,Truck,0,0,0,54401,54401,0
May 31 2024,Clallam,WA,Truck,31,0,31,21236,21267,0.15
August 31 2019,Spokane,WA,Passenger,574,438,1012,313023,314035,0.32
October 31 2022,Columbia,WA,Passenger,8,1,9,2437,2446,0.37
December 31 2023,Skamania,WA,Passenger,139,52,191,8012,8203,2.33
December 31 2018,Los Angeles,CA,Passenger,5,5,10,1138,1148,0.87
October 31 2020,Klamath,OR,Passenger,1,0,1,34,35,2.86
July 31 2019,Twin Falls,ID,Passenger,0,1,1,26,27,3.7
March 31 2024,Lake,IN,Passenger,0,1,1,4,5,20
May 31 2018,Jefferson,WA,Passenger,138,91,229,24384,24613,0.93
July 31 2021,Collin,TX,Passenger,2,1,3,121,124,2.42
June 30 2023,Beaufort,SC,Passenger,1,0,1,31,32,3.12
January 31 2023,Providence,RI,Passenger,1,0,1,20,21,4.76
October 31 2022,Cass,MN,Passenger,0,1,1,2,3,33.33
July 31 2018,Asotin,WA,Passenger,11,8,19,12631,12650,0.15
November 30 2018,Klickitat,WA,Truck,0,0,0,8176,8176,0
January 31 2021,Benton,WA,Truck,0,0,0,43320,43320,0
September 30 2021,Wake,NC,Passenger,1,0,1,129,130,0.77
June 30 2022,Travis,TX,Passenger,2,1,3,125,128,2.34
August 31 2022,Island,WA,Passenger,853,378,1231,61559,62790,1.96
August 31 2018,Jefferson,WA,Passenger,152,101,253,24675,24928,1.01
November 30 2022,Berkeley,SC,Passenger,0,1,1,118,119,0.84
May 31 2024,Berkeley,SC,Passenger,2,1,3,73,76,3.95
July 31 2020,Queens,NY,Passenger,1,0,1,50,51,1.96
March 31 2024,Sacramento,CA,Passenger,1,1,2,139,141,1.42
April 30 2023,Lincoln,OR,Passenger,0,1,1,18,19,5.26
July 31 2018,Dallas,TX,Passenger,0,1,1,203,204,0.49
December 31 2022,Leavenworth,KS,Passenger,0,1,1,93,94,1.06
August 31 2018,Salt Lake,UT,Passenger,1,0,1,228,229,0.44
March 31 2018,Wahkiakum,WA,Truck,0,0,0,1668,1668,0
September 30 2018,Island,WA,Passenger,227,209,436,62824,63260,0.69
April 30 2022,Thurston,WA,Truck,3,0,3,55483,55486,0.01
March 31 2020,District of Columbia,DC,Passenger,1,1,2,196,198,1.01
September 30 2021,Lane,OR,Passenger,0,2,2,130,132,1.52
November 30 2021,Providence,RI,Passenger,1,0,1,22,23,4.35
February 28 2023,Clark,WA,Truck,70,0,70,81531,81601,0.09
April 30 2022,Pend Oreille,WA,Passenger,16,10,26,9015,9041,0.29
May 31 2017,DeKalb,GA,Passenger,1,0,1,85,86,1.16
January 31 2019,Howard,MD,Passenger,0,1,1,89,90,1.11
August 31 2018,Adams,WA,Passenger,5,5,10,12676,12686,0.08
September 30 2019,Walla Walla,WA,Truck,0,0,0,13684,13684,0
January 31 2022,Cook,IL,Passenger,2,0,2,213,215,0.93
October 31 2021,Newport,RI,Passenger,0,1,1,77,78,1.28
December 31 2019,Denver,CO,Passenger,1,0,1,129,130,0.77
November 30 2023,San Benito,CA,Passenger,1,0,1,4,5,20
June 30 2020,Powhatan,VA,Passenger,1,0,1,1,2,50
August 31 2022,Okaloosa,FL,Passenger,0,1,1,104,105,0.95
September 30 2020,Eagle,CO,Passenger,1,0,1,7,8,12.5
September 30 2020,Jones,GA,Passenger,1,0,1,1,2,50
April 30 2020,Gwinnett,GA,Passenger,1,0,1,77,78,1.28
July 31 2017,Maricopa,AZ,Passenger,1,1,2,1760,1762,0.11
March 31 2021,Juneau,AK,Passenger,0,1,1,29,30,3.33
May 31 2023,Coryell,TX,Passenger,1,0,1,80,81,1.23
March 31 2022,Thurston,WA,Passenger,2024,1000,3024,194930,197954,1.53
January 31 2024,Klickitat,WA,Truck,16,0,16,8171,8187,0.2
September 30 2020,Klickitat,WA,Truck,0,0,0,8099,8099,0
January 31 2024,Marin,CA,Passenger,1,1,2,30,32,6.25
December 31 2023,Montgomery,MD,Passenger,6,1,7,182,189,3.7
March 31 2021,Montgomery,MD,Passenger,1,0,1,242,243,0.41
February 28 2018,Cumberland,NC,Passenger,1,0,1,570,571,0.18
March 31 2023,Marin,CA,Passenger,1,1,2,34,36,5.56
September 30 2023,Marion,IA,Passenger,1,0,1,0,1,100
September 30 2020,Kitsap,WA,Passenger,1427,712,2139,179516,181655,1.18
May 31 2018,Lewis,WA,Truck,0,0,0,25407,25407,0
April 30 2021,Charles,MD,Passenger,1,1,2,74,76,2.63
August 31 2022,Harford,MD,Passenger,1,1,2,45,47,4.26
May 31 2020,Harford,MD,Passenger,0,1,1,58,59,1.69
November 30 2021,Washington,OR,Passenger,1,0,1,377,378,0.26
November 30 2020,Wilson,TX,Passenger,0,1,1,6,7,14.29
October 31 2020,Grant,WA,Passenger,71,81,152,65723,65875,0.23
December 31 2021,Ferry,WA,Truck,0,0,0,3595,3595,0
June 30 2021,New Haven,CT,Passenger,0,2,2,32,34,5.88
October 31 2021,Allen,IN,Passenger,1,0,1,21,22,4.55
October 31 2021,Grant,WA,Passenger,133,95,228,66785,67013,0.34
February 29 2024,Pacific,WA,Passenger,100,100,200,15555,15755,1.27
March 31 2023,Anne Arundel,MD,Passenger,3,3,6,305,311,1.93
October 31 2020,Harnett,NC,Passenger,1,0,1,199,200,0.5
June 30 2019,Marion,OR,Passenger,1,0,1,121,122,0.82
July 31 2021,Lake,IL,Passenger,2,0,2,173,175,1.14
February 28 2019,Riverside,CA,Passenger,2,2,4,673,677,0.59
June 30 2017,Collin,TX,Passenger,0,1,1,150,151,0.66
May 31 2022,Arapahoe,CO,Passenger,0,1,1,97,98,1.02
July 31 2020,Utah,UT,Passenger,0,1,1,144,145,0.69
October 31 2018,Grays Harbor,WA,Passenger,60,66,126,47263,47389,0.27
November 30 2020,Ferry,WA,Passenger,8,3,11,4349,4360,0.25
December 31 2021,Chesapeake,VA,Passenger,2,1,3,412,415,0.72
January 31 2024,Calvert,MD,Passenger,1,1,2,72,74,2.7
August 31 2019,Flathead,MT,Passenger,1,0,1,72,73,1.37
February 28 2022,Kings,NY,Passenger,1,0,1,72,73,1.37
June 30 2021,Howard,IN,Passenger,0,1,1,5,6,16.67
October 31 2023,Cowlitz,WA,Passenger,549,234,783,69826,70609,1.11
January 31 2024,El Paso,CO,Passenger,6,2,8,455,463,1.73
December 31 2019,Stafford,VA,Passenger,1,1,2,101,103,1.94
October 31 2022,Dorchester,SC,Passenger,1,0,1,58,59,1.69
July 31 2018,Lee,FL,Passenger,1,0,1,56,57,1.75
March 31 2024,Leavenworth,KS,Passenger,0,1,1,68,69,1.45
July 31 2019,Ventura,CA,Passenger,0,2,2,325,327,0.61
March 31 2021,Columbia,WA,Truck,0,0,0,1548,1548,0
January 31 2019,Franklin,WA,Passenger,48,68,116,59304,59420,0.2
July 31 2023,Clallam,WA,Passenger,569,293,862,48996,49858,1.73
February 28 2023,Klickitat,WA,Truck,4,0,4,8265,8269,0.05
January 31 2017,Monterey,CA,Passenger,0,1,1,237,238,0.42
February 28 2023,Douglas,WA,Truck,6,0,6,12876,12882,0.05
April 30 2018,Lincoln,WA,Passenger,2,6,8,7610,7618,0.11
June 30 2018,Salt Lake,UT,Passenger,1,0,1,233,234,0.43
June 30 2018,Utah,UT,Passenger,0,1,1,143,144,0.69
November 30 2019,Cochise,AZ,Passenger,0,1,1,103,104,0.96
August 31 2020,DuPage,IL,Passenger,4,0,4,61,65,6.15
November 30 2021,Anchorage,AK,Passenger,2,0,2,143,145,1.38
July 31 2022,Ulster,NY,Passenger,1,0,1,13,14,7.14
December 31 2022,Ray,MO,Passenger,0,1,1,1,2,50
August 31 2021,Bartow,GA,Passenger,0,1,1,4,5,20
March 31 2018,Orange,FL,Passenger,2,1,3,171,174,1.72
June 30 2022,Kitsap,WA,Passenger,2390,1054,3444,178152,181596,1.9
January 31 2024,Clark,WA,Passenger,7356,2698,10054,313094,323148,3.11
January 31 2019,King,WA,Passenger,17167,6676,23843,1380445,1404288,1.7
December 31 2017,Columbia,WA,Truck,0,0,0,1541,1541,0
July 31 2024,Cook,IL,Passenger,2,0,2,118,120,1.67
March 31 2024,,,Passenger,2,1,3,233,236,1.27
December 31 2020,Prince William,VA,Passenger,1,3,4,222,226,1.77
March 31 2020,Vigo,IN,Passenger,1,0,1,5,6,16.67
March 31 2021,Suffolk,MA,Passenger,0,2,2,37,39,5.13
April 30 2024,Kootenai,ID,Truck,1,0,1,18,19,5.26
May 31 2024,Escambia,FL,Passenger,0,1,1,109,110,0.91
March 31 2021,Bexar,TX,Passenger,3,5,8,585,593,1.35
November 30 2022,Travis,TX,Passenger,2,1,3,109,112,2.68
November 30 2022,Allen,IN,Passenger,1,0,1,18,19,5.26
December 31 2021,Lake,IN,Passenger,0,1,1,9,10,10
January 31 2020,Lake,FL,Passenger,1,0,1,25,26,3.85
May 31 2021,Walla Walla,WA,Passenger,110,72,182,36531,36713,0.5
September 30 2021,Riverside,CA,Passenger,4,1,5,559,564,0.89
July 31 2023,Pend Oreille,WA,Passenger,30,14,44,8852,8896,0.49
October 31 2023,Chelan,WA,Truck,35,0,35,23150,23185,0.15
January 31 2024,Virginia Beach,VA,Passenger,5,2,7,415,422,1.66
October 31 2017,Jefferson,NY,Passenger,1,0,1,240,241,0.41
July 31 2021,Lake,FL,Passenger,1,0,1,25,26,3.85
August 31 2019,Montgomery,PA,Passenger,2,0,2,38,40,5
February 29 2024,Fredericksburg,VA,Passenger,1,0,1,6,7,14.29
October 31 2021,Lewis,WA,Passenger,193,160,353,59588,59941,0.59
June 30 2017,Grays Harbor,WA,Truck,0,0,0,19884,19884,0
September 30 2018,Carson City,NV,Passenger,1,0,1,14,15,6.67
September 30 2021,Harnett,NC,Passenger,1,1,2,172,174,1.15
May 31 2022,Adams,CO,Passenger,1,0,1,41,42,2.38
February 28 2021,Missoula,MT,Passenger,1,0,1,72,73,1.37
July 31 2020,Kings,NY,Passenger,1,0,1,70,71,1.41
December 31 2022,Garfield,WA,Passenger,1,3,4,1303,1307,0.31
August 31 2022,Lewis,WA,Truck,0,0,0,26306,26306,0
November 30 2019,Pima,AZ,Passenger,2,1,3,404,407,0.74
June 30 2024,Kittitas,WA,Truck,28,0,28,14435,14463,0.19
December 31 2017,Franklin,WA,Passenger,30,50,80,56853,56933,0.14
April 30 2017,Adams,WA,Truck,0,0,0,5072,5072,0
August 31 2020,Lane,OR,Passenger,0,1,1,145,146,0.68
November 30 2019,Skamania,WA,Truck,0,0,0,4095,4095,0
June 30 2021,Pacific,WA,Truck,0,0,0,7959,7959,0
September 30 2021,Thurston,WA,Truck,0,0,0,56256,56256,0
June 30 2017,Clackamas,OR,Passenger,0,1,1,292,293,0.34
December 31 2022,Ada,ID,Passenger,1,0,1,151,152,0.66
August 31 2021,Clackamas,OR,Passenger,2,0,2,181,183,1.09
April 30 2022,Williamson,TX,Passenger,1,2,3,98,101,2.97
July 31 2020,Guadalupe,TX,Passenger,1,0,1,66,67,1.49
October 31 2019,Santa Cruz,CA,Passenger,1,0,1,38,39,2.56
October 31 2021,Skamania,WA,Passenger,58,39,97,8319,8416,1.15
March 31 2018,Ferry,WA,Truck,0,0,0,3504,3504,0
January 31 2022,Pacific,WA,Truck,0,0,0,8018,8018,0
May 31 2023,Pacific,WA,Passenger,73,92,165,15576,15741,1.05
April 30 2017,Portsmouth,VA,Passenger,0,1,1,66,67,1.49
April 30 2020,Rockingham,NH,Passenger,1,0,1,26,27,3.7
May 31 2017,District of Columbia,DC,Passenger,0,3,3,219,222,1.35
March 31 2019,Santa Fe,NM,Passenger,0,1,1,40,41,2.44
March 31 2018,Saratoga,NY,Passenger,1,1,2,65,67,2.99
June 30 2021,Philadelphia,PA,Passenger,1,0,1,54,55,1.82
September 30 2023,Camden,NJ,Passenger,0,1,1,13,14,7.14
March 31 2017,Franklin,MA,Passenger,0,1,1,4,5,20
February 29 2024,St. Louis,MN,Passenger,0,1,1,4,5,20
June 30 2023,Wilson,TX,Passenger,0,1,1,3,4,25
June 30 2020,Clark,WA,Passenger,2016,1058,3074,317557,320631,0.96
November 30 2019,Thurston,WA,Truck,0,0,0,55635,55635,0
December 31 2017,El Paso,TX,Passenger,1,0,1,517,518,0.19
October 31 2021,Franklin,WA,Passenger,144,102,246,62032,62278,0.4
February 29 2024,St. Louis,MO,Passenger,1,0,1,47,48,2.08
September 30 2017,Kitsap,WA,Truck,1,0,1,52606,52607,0
March 31 2020,Allegheny,PA,Passenger,2,0,2,84,86,2.33
December 31 2023,Autauga,AL,Passenger,2,0,2,10,12,16.67
December 31 2020,Monterey,CA,Passenger,0,2,2,169,171,1.17
September 30 2021,Hudson,NJ,Passenger,1,0,1,42,43,2.33
July 31 2024,Caddo,LA,Passenger,2,0,2,11,13,15.38
February 29 2024,Larimer,CO,Passenger,1,0,1,19,20,5
April 30 2019,Nantucket,MA,Passenger,1,0,1,3,4,25
July 31 2018,Franklin,WA,Truck,0,0,0,18736,18736,0
March 31 2019,Cowlitz,WA,Passenger,84,101,185,72529,72714,0.25
May 31 2023,Jefferson,WA,Truck,12,0,12,9303,9315,0.13
March 31 2018,Clallam,WA,Truck,0,0,0,21316,21316,0
March 31 2024,Kitsap,WA,Passenger,4234,1584,5818,174460,180278,3.23
September 30 2021,King,WA,Truck,5,1,6,183797,183803,0
March 31 2018,Stevens,WA,Truck,0,0,0,18419,18419,0
February 28 2018,Spokane,WA,Truck,1,0,1,91705,91706,0
January 31 2017,Contra Costa,CA,Passenger,1,0,1,672,673,0.15
February 29 2024,Alameda,CA,Passenger,4,2,6,148,154,3.9
January 31 2023,Currituck,NC,Passenger,1,0,1,19,20,5
November 30 2022,Kent,DE,Passenger,1,0,1,51,52,1.92
May 31 2019,Shasta,CA,Passenger,1,0,1,44,45,2.22
August 31 2021,Garfield,WA,Passenger,0,3,3,1363,1366,0.22
August 31 2019,Norfolk,MA,Passenger,1,0,1,40,41,2.44
July 31 2018,Grant,WA,Truck,0,0,0,25939,25939,0
December 31 2018,Mason,WA,Truck,0,0,0,20181,20181,0
December 31 2018,Skagit,WA,Truck,1,0,1,32312,32313,0
June 30 2018,Skagit,WA,Truck,1,0,1,32041,32042,0
July 31 2022,Lake,FL,Passenger,1,0,1,19,20,5
December 31 2022,Platte,MO,Passenger,1,0,1,22,23,4.35
May 31 2022,Washtenaw,MI,Passenger,0,1,1,30,31,3.23
February 28 2021,Putnam,TN,Passenger,0,1,1,3,4,25
July 31 2021,Jefferson,WA,Truck,0,0,0,9613,9613,0
June 30 2022,Clark,WA,Truck,7,0,7,82759,82766,0.01
October 31 2021,King,WA,Passenger,33821,9910,43731,1362579,1406310,3.11
May 31 2017,Montgomery,TN,Passenger,1,0,1,285,286,0.35
March 31 2020,Walla Walla,WA,Truck,0,0,0,13643,13643,0
March 31 2019,Stevens,WA,Truck,0,0,0,18702,18702,0
March 31 2018,Cowlitz,WA,Passenger,55,70,125,71220,71345,0.18
April 30 2023,Prince William,VA,Passenger,1,4,5,173,178,2.81
February 28 2021,Williamson,TX,Passenger,0,2,2,134,136,1.47
February 28 2022,Autauga,AL,Passenger,1,0,1,13,14,7.14
January 31 2023,Cumberland,PA,Passenger,1,0,1,40,41,2.44
June 30 2024,New Haven,CT,Passenger,0,2,2,19,21,9.52
October 31 2019,Lake,CA,Passenger,0,1,1,11,12,8.33
April 30 2024,Carroll,MD,Passenger,0,1,1,12,13,7.69
November 30 2017,Virginia Beach,VA,Passenger,2,1,3,659,662,0.45
May 31 2017,Benton,WA,Truck,0,0,0,39974,39974,0
October 31 2018,Lane,OR,Passenger,0,1,1,177,178,0.56
March 31 2020,Broward,FL,Passenger,3,1,4,121,125,3.2
January 31 2017,Middlesex,MA,Passenger,1,0,1,158,159,0.63
March 31 2022,Lake,FL,Passenger,1,0,1,24,25,4
March 31 2024,Lee,AL,Passenger,1,0,1,12,13,7.69
March 31 2023,Lake,IN,Passenger,0,1,1,11,12,8.33
October 31 2020,Sumter,FL,Passenger,0,1,1,11,12,8.33
March 31 2023,Douglas,WA,Passenger,181,57,238,28639,28877,0.82
August 31 2023,Okanogan,WA,Truck,7,0,7,16395,16402,0.04
July 31 2021,Ferry,WA,Passenger,9,3,12,4380,4392,0.27
March 31 2017,Travis,TX,Passenger,1,1,2,196,198,1.01
November 30 2017,Cowlitz,WA,Passenger,54,65,119,70584,70703,0.17
January 31 2018,Skamania,WA,Truck,0,0,0,3900,3900,0
March 31 2022,Harnett,NC,Passenger,2,0,2,157,159,1.26
August 31 2019,Prince William,VA,Passenger,1,4,5,252,257,1.95
January 31 2020,Solano,CA,Passenger,1,0,1,213,214,0.47
February 29 2024,Garfield,WA,Truck,0,0,0,984,984,0
June 30 2022,Coryell,TX,Passenger,1,0,1,101,102,0.98
January 31 2021,Carroll,MD,Passenger,0,1,1,18,19,5.26
October 31 2020,Vigo,IN,Passenger,1,0,1,6,7,14.29
January 31 2024,Palm Beach,FL,Passenger,1,0,1,41,42,2.38
November 30 2021,Boone,MO,Passenger,0,1,1,10,11,9.09
November 30 2021,San Juan,WA,Truck,0,0,0,5994,5994,0
January 31 2022,Virginia Beach,VA,Passenger,2,0,2,576,578,0.35
December 31 2018,Kittitas,WA,Truck,0,0,0,14200,14200,0
May 31 2017,Allegheny,PA,Passenger,1,0,1,94,95,1.05
September 30 2021,El Paso,CO,Passenger,2,1,3,680,683,0.44
November 30 2023,Kitsap,WA,Truck,98,0,98,51941,52039,0.19
February 28 2019,Mason,WA,Passenger,109,115,224,46663,46887,0.48
August 31 2018,Washoe,NV,Passenger,1,0,1,117,118,0.85
September 30 2017,Flathead,MT,Passenger,1,0,1,61,62,1.61
August 31 2019,St. Mary's,MD,Passenger,1,0,1,212,213,0.47
December 31 2017,Whatcom,WA,Truck,1,0,1,42014,42015,0
June 30 2019,St. Mary's,MD,Passenger,1,0,1,207,208,0.48
November 30 2022,Clallam,WA,Passenger,471,261,732,49375,50107,1.46
July 31 2017,Virginia Beach,VA,Passenger,2,1,3,648,651,0.46
October 31 2021,San Bernardino,CA,Passenger,1,0,1,394,395,0.25
October 31 2023,Washington,MD,Passenger,1,0,1,13,14,7.14
November 30 2022,Williamson,TX,Passenger,0,2,2,79,81,2.47
May 31 2022,Richmond,NY,Passenger,1,0,1,4,5,20
November 30 2021,,,Passenger,5,2,7,324,331,2.11
February 28 2019,Cochise,AZ,Passenger,0,1,1,116,117,0.85
October 31 2018,Carroll,NH,Passenger,0,1,1,1,2,50
November 30 2023,Stafford,VA,Passenger,3,0,3,75,78,3.85
March 31 2022,Norfolk,MA,Passenger,1,0,1,28,29,3.45
December 31 2023,Lexington,SC,Passenger,1,0,1,19,20,5
April 30 2023,Placer,CA,Passenger,1,0,1,69,70,1.43
September 30 2023,Placer,CA,Passenger,1,0,1,68,69,1.45
March 31 2020,Lake,FL,Passenger,1,0,1,25,26,3.85
September 30 2022,San Francisco,CA,Passenger,1,0,1,84,85,1.18
October 31 2017,Okanogan,WA,Passenger,5,17,22,25699,25721,0.09
October 31 2021,Escambia,FL,Passenger,0,1,1,146,147,0.68
May 31 2017,San Diego,CA,Passenger,5,2,7,2744,2751,0.25
July 31 2023,Pend Oreille,WA,Truck,0,0,0,5607,5607,0
June 30 2024,Bexar,TX,Passenger,2,1,3,305,308,0.97
May 31 2022,Jefferson,NY,Passenger,1,0,1,217,218,0.46
April 30 2018,Morris,NJ,Passenger,1,0,1,18,19,5.26
January 31 2021,Morris,NJ,Passenger,1,0,1,15,16,6.25
March 31 2024,San Joaquin,CA,Passenger,1,0,1,63,64,1.56
April 30 2023,St. Lawrence,NY,Passenger,1,0,1,4,5,20
January 31 2019,Lewis,WA,Truck,0,0,0,25659,25659,0
April 30 2017,Muscogee,GA,Passenger,0,1,1,247,248,0.4
March 31 2022,Walla Walla,WA,Passenger,157,90,247,36085,36332,0.68
November 30 2017,Skagit,WA,Passenger,160,131,291,89309,89600,0.32
January 31 2017,Shoshone,ID,Passenger,0,1,1,99,100,1
March 31 2017,Guilford,NC,Passenger,1,0,1,32,33,3.03
July 31 2021,Placer,CA,Passenger,2,0,2,82,84,2.38
June 30 2020,Carson City,NV,Passenger,1,0,1,10,11,9.09
July 31 2021,Anchorage,AK,Passenger,1,0,1,146,147,0.68
November 30 2017,Dakota,MN,Passenger,0,2,2,38,40,5
March 31 2019,Twin Falls,ID,Passenger,0,1,1,23,24,4.17
February 28 2022,Flathead,MT,Passenger,2,0,2,50,52,3.85
June 30 2022,Galveston,TX,Passenger,0,1,1,19,20,5
February 29 2020,Cowlitz,WA,Truck,0,0,0,28988,28988,0
February 28 2023,Spokane,WA,Truck,25,0,25,101693,101718,0.02
August 31 2023,Douglas,WA,Passenger,218,68,286,28772,29058,0.98
March 31 2017,Deschutes,OR,Passenger,1,0,1,209,210,0.48
August 31 2023,Sacramento,CA,Passenger,3,1,4,161,165,2.42
October 31 2021,Spartanburg,SC,Passenger,0,1,1,50,51,1.96
May 31 2017,Santa Rosa,FL,Passenger,1,0,1,111,112,0.89
May 31 2024,Alexandria,VA,Passenger,3,0,3,81,84,3.57
January 31 2022,Williamson,TX,Passenger,1,2,3,106,109,2.75
June 30 2022,Burlington,NJ,Passenger,0,2,2,104,106,1.89
June 30 2024,Anchorage,AK,Passenger,1,0,1,84,85,1.18
February 29 2024,Flathead,MT,Passenger,1,0,1,19,20,5
December 31 2019,Mercer,NJ,Passenger,0,1,1,17,18,5.56
February 28 2018,St. Lucie,FL,Passenger,1,0,1,25,26,3.85
February 29 2024,Champaign,IL,Passenger,1,0,1,6,7,14.29
February 29 2020,Skagit,WA,Passenger,381,215,596,92438,93034,0.64
June 30 2020,Columbia,WA,Passenger,4,3,7,2415,2422,0.29
April 30 2018,Benton,WA,Truck,0,0,0,40850,40850,0
January 31 2019,Bexar,TX,Passenger,2,4,6,715,721,0.83
August 31 2022,Grays Harbor,WA,Passenger,218,163,381,48777,49158,0.78
April 30 2020,Harrison,MS,Passenger,1,0,1,59,60,1.67
April 30 2023,Bexar,TX,Passenger,3,3,6,411,417,1.44
December 31 2018,Riverside,CA,Passenger,2,2,4,692,696,0.57
February 28 2019,Santa Fe,NM,Passenger,0,1,1,42,43,2.33
June 30 2020,Fort Bend,TX,Passenger,1,0,1,46,47,2.13
February 28 2023,New York,NY,Passenger,2,0,2,38,40,5
October 31 2022,Fairfax,VA,Truck,1,0,1,109,110,0.91
October 31 2020,Wilson,TX,Passenger,0,1,1,6,7,14.29
March 31 2019,Pacific,WA,Truck,0,0,0,7648,7648,0
July 31 2017,San Juan,WA,Passenger,112,39,151,13559,13710,1.1
February 28 2023,Franklin,WA,Passenger,275,128,403,61794,62197,0.65
June 30 2024,Walla Walla,WA,Passenger,299,158,457,34689,35146,1.3
October 31 2019,Lewis,WA,Truck,0,0,0,26043,26043,0
March 31 2023,Franklin,WA,Passenger,285,130,415,61835,62250,0.67
February 28 2017,Yakima,WA,Truck,0,0,0,57218,57218,0
March 31 2019,Hardin,KY,Passenger,0,1,1,98,99,1.01
April 30 2022,Howard,MD,Passenger,0,2,2,70,72,2.78
January 31 2024,Montgomery,OH,Passenger,0,1,1,37,38,2.63
September 30 2021,Monterey,CA,Passenger,0,3,3,163,166,1.81
October 31 2018,Mecklenburg,NC,Passenger,1,0,1,82,83,1.2
February 28 2022,Hamilton,IN,Passenger,2,0,2,28,30,6.67
July 31 2022,Oldham,KY,Passenger,0,1,1,4,5,20
September 30 2021,Benton,WA,Passenger,579,413,992,136137,137129,0.72
August 31 2023,Snohomish,WA,Truck,198,0,198,121229,121427,0.16
January 31 2017,Dallas,TX,Passenger,1,0,1,235,236,0.42
October 31 2020,Fairbanks North Star,AK,Passenger,0,1,1,98,99,1.01
December 31 2018,Volusia,FL,Passenger,0,1,1,40,41,2.44
December 31 2020,Utah,UT,Passenger,0,1,1,137,138,0.72
May 31 2021,Ulster,NY,Passenger,1,0,1,13,14,7.14
January 31 2024,Yuba,CA,Passenger,1,0,1,49,50,2
February 28 2017,Sumter,FL,Passenger,0,1,1,11,12,8.33
December 31 2022,Orange,NC,Passenger,0,1,1,6,7,14.29
June 30 2020,Clallam,WA,Truck,1,0,1,21752,21753,0
October 31 2018,Portsmouth,VA,Passenger,0,1,1,76,77,1.3
October 31 2020,Jones,GA,Passenger,1,0,1,1,2,50
August 31 2022,Los Angeles,CA,Passenger,5,7,12,831,843,1.42
December 31 2022,Contra Costa,CA,Passenger,0,2,2,202,204,0.98
February 28 2019,Hennepin,MN,Passenger,2,0,2,108,110,1.82
December 31 2019,DuPage,IL,Passenger,3,0,3,67,70,4.29
February 28 2019,Goochland,VA,Passenger,1,1,2,250,252,0.79
November 30 2022,Broward,FL,Passenger,1,0,1,74,75,1.33
April 30 2019,Guadalupe,TX,Passenger,1,0,1,81,82,1.22
October 31 2022,Marin,CA,Passenger,1,1,2,33,35,5.71
November 30 2017,Hamilton,TN,Passenger,1,0,1,23,24,4.17
February 29 2024,Rockdale,GA,Passenger,1,0,1,5,6,16.67
January 31 2023,Klickitat,WA,Passenger,126,53,179,15127,15306,1.17
July 31 2018,Portsmouth,VA,Passenger,0,1,1,71,72,1.39
December 31 2022,Franklin,WA,Passenger,252,120,372,61673,62045,0.6
March 31 2019,Grays Harbor,WA,Truck,0,0,0,20373,20373,0
March 31 2023,Contra Costa,CA,Passenger,0,2,2,190,192,1.04
September 30 2023,Garfield,WA,Truck,0,0,0,976,976,0
February 28 2023,Kern,CA,Passenger,1,1,2,202,204,0.98
June 30 2020,Saginaw,MI,Passenger,1,0,1,11,12,8.33
March 31 2024,Lane,OR,Passenger,0,1,1,55,56,1.79
June 30 2017,Sedgwick,KS,Passenger,0,1,1,112,113,0.88
September 30 2019,Sangamon,IL,Passenger,1,0,1,6,7,14.29
September 30 2023,San Benito,CA,Passenger,1,0,1,4,5,20
November 30 2020,Portsmouth,VA,Passenger,0,1,1,75,76,1.32
August 31 2020,Pend Oreille,WA,Passenger,8,5,13,9222,9235,0.14
September 30 2022,Bell,TX,Passenger,1,0,1,325,326,0.31
May 31 2022,Hennepin,MN,Passenger,2,0,2,63,65,3.08
April 30 2024,Benton,WA,Truck,39,0,39,42729,42768,0.09
August 31 2021,Contra Costa,CA,Passenger,2,3,5,253,258,1.94
June 30 2020,Hillsborough,FL,Passenger,0,1,1,187,188,0.53
December 31 2022,Kern,CA,Passenger,1,1,2,205,207,0.97
May 31 2022,St. Clair,IL,Passenger,1,0,1,128,129,0.78
November 30 2019,Stafford,VA,Passenger,1,1,2,102,104,1.92
September 30 2022,Meade,KY,Passenger,1,0,1,23,24,4.17
October 31 2018,Dakota,MN,Passenger,0,2,2,32,34,5.88
April 30 2018,DeKalb,GA,Passenger,1,0,1,86,87,1.15
May 31 2023,Palm Beach,FL,Passenger,2,1,3,55,58,5.17
November 30 2023,Allen,IN,Passenger,1,0,1,10,11,9.09
March 31 2024,Rock Island,IL,Passenger,0,1,1,10,11,9.09
February 28 2023,Orange,NC,Passenger,0,1,1,6,7,14.29
January 31 2019,Ada,ID,Passenger,0,2,2,323,325,0.62
January 31 2017,Garfield,WA,Passenger,0,0,0,1285,1285,0
February 28 2022,Solano,CA,Passenger,1,0,1,178,179,0.56
August 31 2017,Grays Harbor,WA,Truck,0,0,0,19931,19931,0
March 31 2024,Alameda,CA,Passenger,4,2,6,140,146,4.11
April 30 2022,Gwinnett,GA,Passenger,1,0,1,57,58,1.72
October 31 2019,Botetourt,VA,Passenger,1,0,1,1,2,50
September 30 2017,DeKalb,IN,Passenger,1,0,1,1,2,50
March 31 2020,Portsmouth,VA,Passenger,0,1,1,74,75,1.33
July 31 2020,Spartanburg,SC,Passenger,0,1,1,50,51,1.96
August 31 2020,Yakima,WA,Truck,0,0,0,60409,60409,0
July 31 2017,Ferry,WA,Passenger,1,1,2,4403,4405,0.05
January 31 2018,Clay,FL,Passenger,0,1,1,106,107,0.93
December 31 2023,New London,CT,Passenger,2,3,5,157,162,3.09
November 30 2023,Middlesex,NJ,Passenger,1,0,1,18,19,5.26
February 28 2022,Shelby,OH,Passenger,0,1,1,3,4,25
March 31 2021,Randolph,NC,Passenger,1,0,1,8,9,11.11
March 31 2023,Orange,NC,Passenger,0,1,1,6,7,14.29
December 31 2018,Walla Walla,WA,Truck,0,0,0,13523,13523,0
December 31 2018,Pierce,WA,Passenger,1509,1373,2882,538684,541566,0.53
October 31 2023,Okanogan,WA,Passenger,145,75,220,26105,26325,0.84
June 30 2023,Pulaski,AR,Passenger,3,0,3,19,22,13.64
December 31 2023,Salt Lake,UT,Passenger,5,1,6,99,105,5.71
March 31 2019,Broward,FL,Passenger,2,1,3,128,131,2.29
March 31 2022,Moore,NC,Passenger,0,1,1,120,121,0.83
January 31 2023,Loudoun,VA,Passenger,3,2,5,62,67,7.46
December 31 2023,Cache,UT,Passenger,1,0,1,9,10,10
October 31 2021,Yakima,WA,Truck,0,0,0,61651,61651,0
February 29 2024,Wahkiakum,WA,Passenger,34,23,57,3059,3116,1.83
May 31 2023,Solano,CA,Passenger,5,0,5,147,152,3.29
February 28 2019,Prince William,VA,Passenger,0,5,5,253,258,1.94
January 31 2019,Ferry,WA,Truck,0,0,0,3590,3590,0
January 31 2019,San Mateo,CA,Passenger,2,1,3,133,136,2.21
September 30 2023,Broward,FL,Passenger,1,0,1,58,59,1.69
January 31 2022,Saratoga,NY,Passenger,1,0,1,41,42,2.38
December 31 2019,Shelby,OH,Passenger,0,1,1,2,3,33.33
April 30 2024,Thurston,WA,Passenger,4230,1507,5737,188863,194600,2.95
March 31 2022,San Diego,CA,Passenger,17,6,23,2510,2533,0.91
November 30 2018,Garfield,WA,Passenger,1,1,2,1330,1332,0.15
August 31 2018,Juneau,AK,Passenger,0,1,1,46,47,2.13
August 31 2022,Goochland,VA,Passenger,2,2,4,134,138,2.9
August 31 2022,Placer,CA,Passenger,2,0,2,73,75,2.67
May 31 2019,Hawaii,HI,Passenger,1,0,1,68,69,1.45
January 31 2019,Guadalupe,TX,Passenger,1,0,1,82,83,1.2
January 31 2024,Walla Walla,WA,Truck,10,0,10,13667,13677,0.07
June 30 2022,Kitsap,WA,Truck,4,0,4,53541,53545,0.01
April 30 2023,Ventura,CA,Passenger,3,3,6,238,244,2.46
September 30 2022,Providence,RI,Passenger,1,0,1,22,23,4.35
June 30 2019,Deschutes,OR,Passenger,3,0,3,169,172,1.74
July 31 2023,Marin,CA,Passenger,1,1,2,34,36,5.56
December 31 2018,Twin Falls,ID,Passenger,0,1,1,25,26,3.85
August 31 2023,Isle of Wight,VA,Passenger,0,1,1,17,18,5.56
May 31 2018,Thurston,WA,Truck,0,0,0,54189,54189,0
September 30 2023,Pulaski,MO,Passenger,3,0,3,98,101,2.97
October 31 2019,Allegheny,PA,Passenger,2,0,2,87,89,2.25
August 31 2022,Williamsburg,VA,Passenger,0,1,1,7,8,12.5
April 30 2020,Shelby,TN,Passenger,0,1,1,95,96,1.04
July 31 2023,Travis,TX,Passenger,1,1,2,97,99,2.02
February 28 2023,Portsmouth,VA,Passenger,0,1,1,65,66,1.52
May 31 2020,Pinal,AZ,Passenger,1,0,1,195,196,0.51
July 31 2021,Charles,MD,Passenger,1,1,2,74,76,2.63
December 31 2018,Monroe,IL,Passenger,1,0,1,3,4,25
August 31 2022,Doña Ana,NM,Passenger,1,0,1,12,13,7.69
August 31 2023,Adams,WA,Passenger,25,13,38,13087,13125,0.29
October 31 2023,Solano,CA,Passenger,5,0,5,134,139,3.6
May 31 2020,Albemarle,VA,Passenger,1,0,1,21,22,4.55
February 28 2022,Thurston,WA,Passenger,1967,990,2957,195544,198501,1.49
September 30 2017,Wahkiakum,WA,Passenger,0,2,2,2836,2838,0.07
June 30 2024,Wake,NC,Passenger,3,0,3,61,64,4.69
July 31 2018,Tarrant,TX,Passenger,1,0,1,221,222,0.45
June 30 2022,Mason,WA,Truck,1,0,1,21027,21028,0
January 31 2019,Franklin,WA,Truck,0,0,0,19122,19122,0
March 31 2018,Dale,AL,Passenger,0,1,1,60,61,1.64
October 31 2018,Okanogan,WA,Passenger,15,21,36,26095,26131,0.14
February 28 2019,Adams,WA,Passenger,4,6,10,12664,12674,0.08
August 31 2021,Whitman,WA,Truck,0,0,0,8570,8570,0
March 31 2019,Lake,CA,Passenger,0,1,1,11,12,8.33
October 31 2018,Kitsap,WA,Passenger,879,507,1386,179890,181276,0.76
March 31 2017,Morris,NJ,Passenger,1,0,1,22,23,4.35
September 30 2019,Shelby,OH,Passenger,0,1,1,2,3,33.33
September 30 2022,Pacific,WA,Passenger,70,74,144,15740,15884,0.91
June 30 2023,Gwinnett,GA,Passenger,1,0,1,53,54,1.85
May 31 2017,Shelby,TN,Passenger,0,1,1,112,113,0.88
April 30 2019,Collier,FL,Passenger,1,0,1,22,23,4.35
July 31 2022,New London,CT,Passenger,3,4,7,193,200,3.5
November 30 2023,York,VA,Passenger,1,0,1,65,66,1.52
August 31 2023,Solano,CA,Passenger,5,0,5,138,143,3.5
July 31 2022,Dorchester,SC,Passenger,1,0,1,63,64,1.56
October 31 2019,Valencia,NM,Passenger,1,0,1,8,9,11.11
April 30 2024,Collin,TX,Passenger,1,0,1,33,34,2.94
November 30 2023,Loudoun,VA,Passenger,2,1,3,59,62,4.84
September 30 2017,Nueces,TX,Passenger,0,1,1,92,93,1.08
November 30 2021,Milwaukee,WI,Passenger,1,0,1,43,44,2.27
October 31 2022,Whitman,WA,Truck,3,0,3,8591,8594,0.03
June 30 2022,Klickitat,WA,Truck,0,0,0,8282,8282,0
March 31 2024,Hudson,NJ,Passenger,2,0,2,15,17,11.76
February 29 2020,DuPage,IL,Passenger,4,0,4,66,70,5.71
February 29 2024,Hawaii,HI,Passenger,1,0,1,29,30,3.33
February 29 2024,Polk,OR,Passenger,1,1,2,17,19,10.53
May 31 2019,Adams,WA,Passenger,5,6,11,12707,12718,0.09
August 31 2020,Honolulu,HI,Passenger,4,2,6,469,475,1.26
October 31 2017,Lumpkin,GA,Passenger,1,0,1,9,10,10
November 30 2017,Juneau,AK,Passenger,0,1,1,46,47,2.13
November 30 2022,Lake,IN,Passenger,0,1,1,12,13,7.69
March 31 2018,Island,WA,Truck,0,0,0,20850,20850,0
March 31 2017,Dakota,MN,Passenger,0,1,1,41,42,2.38
December 31 2017,Prince George's,MD,Passenger,0,1,1,178,179,0.56
December 31 2023,Travis,TX,Passenger,1,1,2,80,82,2.44
January 31 2024,Ferry,WA,Truck,0,0,0,3522,3522,0
April 30 2024,Palm Beach,FL,Passenger,1,0,1,39,40,2.5
January 31 2023,Ray,MO,Passenger,0,1,1,0,1,100
September 30 2021,Columbia,WA,Passenger,7,2,9,2445,2454,0.37
April 30 2020,Mason,WA,Truck,0,0,0,20524,20524,0
October 31 2018,Yakima,WA,Truck,0,0,0,58745,58745,0
April 30 2020,Fresno,CA,Passenger,1,0,1,204,205,0.49
August 31 2021,Providence,RI,Passenger,1,0,1,26,27,3.7
July 31 2022,Louisa,VA,Passenger,0,1,1,1,2,50
June 30 2018,San Diego,CA,Passenger,7,2,9,2593,2602,0.35
September 30 2023,Lincoln,WA,Passenger,21,22,43,7592,7635,0.56
March 31 2023,Kitsap,WA,Truck,57,0,57,52557,52614,0.11
December 31 2019,Guadalupe,TX,Passenger,1,0,1,71,72,1.39
July 31 2019,Marion,OR,Passenger,1,0,1,123,124,0.81
April 30 2019,Pacific,WA,Truck,0,0,0,7653,7653,0
May 31 2019,Nantucket,MA,Passenger,1,0,1,2,3,33.33
June 30 2020,Jones,GA,Passenger,1,0,1,1,2,50
August 31 2019,Asotin,WA,Passenger,12,7,19,12637,12656,0.15
February 29 2020,Pend Oreille,WA,Passenger,8,7,15,9450,9465,0.16
September 30 2018,Santa Clara,CA,Passenger,8,0,8,384,392,2.04
October 31 2022,Kittitas,WA,Truck,5,0,5,14591,14596,0.03
February 29 2024,Onslow,NC,Passenger,0,1,1,125,126,0.79
July 31 2017,Cowlitz,WA,Truck,0,0,0,27950,27950,0
May 31 2024,Adams,CO,Passenger,1,0,1,20,21,4.76
October 31 2020,Montgomery,AL,Passenger,1,1,2,43,45,4.44
June 30 2020,Grant,WA,Truck,0,0,0,27074,27074,0
November 30 2022,Penobscot,ME,Passenger,0,1,1,8,9,11.11
July 31 2021,Snohomish,WA,Truck,1,0,1,126148,126149,0
March 31 2017,Pinal,AZ,Passenger,2,0,2,264,266,0.75
April 30 2022,Juneau,AK,Passenger,0,1,1,33,34,2.94
June 30 2017,Kittitas,WA,Passenger,22,17,39,27574,27613,0.14
April 30 2022,Okanogan,WA,Truck,0,0,0,16669,16669,0
June 30 2021,Pulaski,MO,Passenger,1,0,1,141,142,0.7
May 31 2022,Allen,IN,Passenger,1,0,1,19,20,5
January 31 2024,Columbia,GA,Passenger,1,0,1,72,73,1.37
April 30 2022,Hanover,VA,Passenger,1,0,1,1,2,50
January 31 2022,Kootenai,ID,Passenger,0,1,1,183,184,0.54
June 30 2023,Douglas,CO,Passenger,0,2,2,60,62,3.23
September 30 2021,Wichita,TX,Passenger,1,0,1,43,44,2.27
October 31 2022,Botetourt,VA,Passenger,1,0,1,1,2,50
November 30 2019,RÃ­o Grande,PR,Passenger,1,0,1,1,2,50
July 31 2021,San Juan,WA,Passenger,443,139,582,14234,14816,3.93
September 30 2019,Clark,NV,Passenger,5,3,8,713,721,1.11
December 31 2020,Columbia,WA,Truck,0,0,0,1542,1542,0
June 30 2018,DeKalb,GA,Passenger,1,0,1,83,84,1.19
May 31 2021,Adams,WA,Truck,0,0,0,5373,5373,0
February 29 2024,Marin,CA,Passenger,1,1,2,30,32,6.25
December 31 2021,Bartow,GA,Passenger,0,1,1,4,5,20
February 28 2017,Columbia,WA,Passenger,0,1,1,2337,2338,0.04
March 31 2019,DeKalb,IN,Passenger,1,0,1,1,2,50
September 30 2021,Rogers,OK,Passenger,1,0,1,7,8,12.5
May 31 2022,Chelan,WA,Passenger,450,126,576,54330,54906,1.05
May 31 2020,Richland,SC,Passenger,0,1,1,156,157,0.64
April 30 2019,Lewis,WA,Truck,0,0,0,25826,25826,0
March 31 2020,Fort Bend,TX,Passenger,1,0,1,47,48,2.08
July 31 2024,Philadelphia,PA,Passenger,0,1,1,25,26,3.85
December 31 2021,Lewis,WA,Passenger,204,166,370,59558,59928,0.62
February 28 2021,Okanogan,WA,Passenger,55,35,90,26110,26200,0.34
February 28 2018,Pend Oreille,WA,Truck,0,0,0,5633,5633,0
January 31 2021,Okanogan,WA,Truck,0,0,0,16584,16584,0
February 28 2022,Los Angeles,CA,Passenger,7,7,14,893,907,1.54
December 31 2018,Cochise,AZ,Passenger,0,1,1,118,119,0.84
September 30 2023,Whitman,WA,Truck,5,0,5,8673,8678,0.06
May 31 2020,Mercer,NJ,Passenger,0,1,1,14,15,6.67
July 31 2019,Skamania,WA,Passenger,25,18,43,8730,8773,0.49
August 31 2017,Skamania,WA,Truck,0,0,0,3874,3874,0
May 31 2023,Isle of Wight,VA,Passenger,0,1,1,18,19,5.26
January 31 2020,Travis,TX,Passenger,3,1,4,205,209,1.91
June 30 2023,Muscogee,GA,Passenger,1,2,3,106,109,2.75
February 28 2023,Kootenai,ID,Truck,1,0,1,30,31,3.23
January 31 2021,Jefferson,WA,Passenger,291,166,457,24782,25239,1.81
November 30 2022,Okanogan,WA,Passenger,98,51,149,26206,26355,0.57
March 31 2018,Okanogan,WA,Passenger,7,19,26,25715,25741,0.1
July 31 2020,Pend Oreille,WA,Truck,0,0,0,5761,5761,0
September 30 2017,Tulare,CA,Passenger,1,0,1,197,198,0.51
July 31 2021,Harford,MD,Passenger,0,1,1,54,55,1.82
April 30 2021,Snohomish,WA,Truck,1,0,1,126360,126361,0
July 31 2023,Arapahoe,CO,Passenger,1,1,2,77,79,2.53
April 30 2018,Lincoln,WA,Truck,0,0,0,4531,4531,0
October 31 2019,Calvert,MD,Passenger,0,2,2,92,94,2.13
August 31 2023,Tom Green,TX,Passenger,0,1,1,18,19,5.26
January 31 2023,Skamania,WA,Passenger,93,53,146,8093,8239,1.77
November 30 2021,Baltimore,MD,Passenger,1,0,1,99,100,1
March 31 2021,Alameda,CA,Passenger,4,0,4,270,274,1.46
October 31 2017,Adams,WA,Truck,0,0,0,5133,5133,0
July 31 2022,Marion,OR,Passenger,1,0,1,99,100,1
June 30 2017,Missoula,MT,Passenger,1,0,1,71,72,1.39
January 31 2024,Montgomery,MD,Passenger,6,1,7,181,188,3.72
July 31 2020,Klickitat,WA,Truck,0,0,0,8112,8112,0
October 31 2022,Goochland,VA,Passenger,1,2,3,113,116,2.59
January 31 2020,Greene,MO,Passenger,0,1,1,32,33,3.03
February 28 2019,San Diego,CA,Passenger,10,3,13,2633,2646,0.49
September 30 2018,St. Lucie,FL,Passenger,1,0,1,29,30,3.33
January 31 2021,Sedgwick,KS,Passenger,1,1,2,90,92,2.17
October 31 2019,Deschutes,OR,Passenger,4,0,4,166,170,2.35
October 31 2018,Hamilton,IN,Passenger,1,0,1,48,49,2.04
January 31 2017,Benton,WA,Truck,0,0,0,39812,39812,0
July 31 2024,Walla Walla,WA,Truck,11,0,11,13268,13279,0.08
January 31 2023,Duval,FL,Passenger,1,0,1,284,285,0.35
January 31 2020,Saginaw,MI,Passenger,1,0,1,11,12,8.33
February 29 2024,Lake,IN,Passenger,0,1,1,4,5,20
January 31 2022,Grant,WA,Truck,0,0,0,27977,27977,0
December 31 2018,Albemarle,VA,Passenger,1,0,1,26,27,3.7
July 31 2024,Garfield,OK,Passenger,1,0,1,14,15,6.67
August 31 2022,Suffolk,VA,Passenger,1,0,1,123,124,0.81
November 30 2021,Hillsborough,FL,Passenger,0,2,2,153,155,1.29
June 30 2023,Orange,NC,Passenger,0,1,1,5,6,16.67
January 31 2022,Shelby,OH,Passenger,0,1,1,3,4,25
April 30 2022,Skamania,WA,Truck,0,0,0,3975,3975,0
August 31 2021,Philadelphia,PA,Passenger,1,0,1,51,52,1.92
May 31 2022,Spartanburg,SC,Passenger,0,1,1,41,42,2.38
February 28 2022,El Paso,CO,Passenger,2,2,4,661,665,0.6
April 30 2017,Lincoln,WA,Truck,0,0,0,4464,4464,0
July 31 2019,Manassas,VA,Passenger,0,1,1,9,10,10
December 31 2017,Pend Oreille,WA,Truck,0,0,0,5619,5619,0
January 31 2017,DeKalb,GA,Passenger,1,0,1,93,94,1.06
July 31 2024,Whatcom,WA,Passenger,3412,1218,4630,144099,148729,3.11
May 31 2021,Adams,WA,Passenger,11,9,20,13031,13051,0.15
December 31 2017,DuPage,IL,Passenger,1,0,1,63,64,1.56
July 31 2024,Laramie,WY,Passenger,1,0,1,21,22,4.55
June 30 2018,Lumpkin,GA,Passenger,1,0,1,7,8,12.5
August 31 2021,Whatcom,WA,Truck,4,0,4,43840,43844,0.01
October 31 2020,Howard,MD,Passenger,0,1,1,72,73,1.37
October 31 2017,Lewis,WA,Truck,0,0,0,25215,25215,0
March 31 2018,Santa Clara,CA,Passenger,6,1,7,387,394,1.78
September 30 2018,Travis,TX,Passenger,1,0,1,209,210,0.48
March 31 2022,Pend Oreille,WA,Truck,0,0,0,5679,5679,0
November 30 2022,Hawaii,HI,Passenger,1,0,1,36,37,2.7
April 30 2024,Clallam,WA,Truck,30,0,30,21322,21352,0.14
June 30 2020,Suffolk,MA,Passenger,0,2,2,40,42,4.76
January 31 2017,DeKalb,IN,Passenger,1,0,1,1,2,50
March 31 2021,Clinton,PA,Passenger,1,0,1,0,1,100
January 31 2022,Clallam,WA,Passenger,392,241,633,50210,50843,1.25
April 30 2021,Sacramento,CA,Passenger,2,1,3,256,259,1.16
July 31 2019,Osceola,FL,Passenger,1,0,1,44,45,2.22
February 28 2021,Harford,MD,Passenger,0,1,1,59,60,1.67
August 31 2019,Nueces,TX,Passenger,1,1,2,91,93,2.15
October 31 2021,Hennepin,MN,Passenger,3,0,3,78,81,3.7
May 31 2024,Philadelphia,PA,Passenger,0,1,1,25,26,3.85
November 30 2022,Sevier,AR,Passenger,0,1,1,0,1,100
May 31 2021,El Dorado,CA,Passenger,1,0,1,33,34,2.94
October 31 2020,Williamson,TX,Passenger,0,2,2,143,145,1.38
January 31 2022,Meade,KY,Passenger,1,0,1,26,27,3.7
July 31 2022,Hawaii,HI,Passenger,1,0,1,43,44,2.27
July 31 2019,Shelby,OH,Passenger,0,1,1,2,3,33.33
April 30 2018,Ada,ID,Passenger,0,2,2,344,346,0.58
July 31 2023,New Haven,CT,Passenger,0,2,2,26,28,7.14
July 31 2021,Hillsborough,FL,Passenger,0,2,2,154,156,1.28
November 30 2020,King,WA,Truck,6,1,7,184110,184117,0
October 31 2017,Douglas,WA,Truck,0,0,0,11657,11657,0
March 31 2024,Los Angeles,CA,Passenger,10,4,14,542,556,2.52
March 31 2018,Monterey,CA,Passenger,0,2,2,194,196,1.02
April 30 2018,Richland,SC,Passenger,0,1,1,176,177,0.56
September 30 2023,Washington,MD,Passenger,1,0,1,14,15,6.67
December 31 2020,Clallam,WA,Passenger,273,185,458,49903,50361,0.91
July 31 2021,Tarrant,TX,Passenger,2,0,2,152,154,1.3
April 30 2023,Cumberland,PA,Passenger,1,0,1,39,40,2.5
June 30 2022,Solano,CA,Passenger,1,0,1,168,169,0.59
December 31 2020,Broward,FL,Passenger,2,1,3,113,116,2.59
August 31 2019,Fulton,GA,Passenger,0,3,3,105,108,2.78
April 30 2019,Grant,WA,Passenger,35,60,95,64378,64473,0.15
June 30 2020,Mason,WA,Truck,0,0,0,20596,20596,0
August 31 2018,St. Mary's,MD,Passenger,1,0,1,212,213,0.47
July 31 2017,Missoula,MT,Passenger,1,0,1,71,72,1.39
December 31 2022,Okanogan,WA,Truck,2,0,2,16424,16426,0.01
May 31 2022,Kittitas,WA,Truck,1,0,1,14675,14676,0.01
June 30 2023,Hardin,KY,Passenger,1,0,1,59,60,1.67
August 31 2022,Carroll,MD,Passenger,0,1,1,18,19,5.26
October 31 2017,Carroll,NH,Passenger,0,1,1,1,2,50
December 31 2023,Whatcom,WA,Truck,87,0,87,42535,42622,0.2
December 31 2017,Cowlitz,WA,Truck,0,0,0,28150,28150,0
March 31 2023,Garfield,WA,Truck,0,0,0,974,974,0
May 31 2020,Ulster,NY,Passenger,1,0,1,12,13,7.69
October 31 2023,Snohomish,WA,Passenger,15110,3399,18509,527269,545778,3.39
February 28 2019,Kootenai,ID,Passenger,1,2,3,213,216,1.39
October 31 2017,Riverside,CA,Passenger,1,2,3,757,760,0.39
October 31 2019,Pinal,AZ,Passenger,1,0,1,199,200,0.5
May 31 2018,Cowlitz,WA,Truck,0,0,0,28357,28357,0
November 30 2018,Richland,SC,Passenger,0,1,1,166,167,0.6
June 30 2024,Richland,SC,Passenger,0,1,1,84,85,1.18
August 31 2018,Douglas,NE,Passenger,0,1,1,72,73,1.37
December 31 2022,Lewis,WA,Truck,1,0,1,26272,26273,0
September 30 2023,Lincoln,OR,Passenger,0,1,1,17,18,5.56
July 31 2023,Flathead,MT,Passenger,1,0,1,24,25,4
March 31 2019,Douglas,NE,Passenger,0,1,1,65,66,1.52
September 30 2020,Klamath,OR,Passenger,1,0,1,34,35,2.86
June 30 2024,Goochland,VA,Passenger,1,0,1,21,22,4.55
December 31 2023,St. Louis,MO,Passenger,1,0,1,53,54,1.85
January 31 2019,Madison,ID,Passenger,1,0,1,36,37,2.7
May 31 2021,Meade,KY,Passenger,1,0,1,30,31,3.23
July 31 2017,Alameda,CA,Passenger,1,1,2,362,364,0.55
September 30 2021,Clackamas,OR,Passenger,2,0,2,177,179,1.12
May 31 2020,Saginaw,MI,Passenger,1,0,1,11,12,8.33
February 28 2022,Williamsburg,VA,Passenger,0,1,1,6,7,14.29
November 30 2022,Fairfax,VA,Truck,1,0,1,105,106,0.94
July 31 2021,Moore,NC,Passenger,0,1,1,129,130,0.77
September 30 2023,St. Mary's,MD,Passenger,2,0,2,177,179,1.12
October 31 2023,Pinal,AZ,Passenger,2,1,3,81,84,3.57
August 31 2021,Carson City,NV,Passenger,1,0,1,11,12,8.33
December 31 2022,Benton,WA,Passenger,930,498,1428,135572,137000,1.04
March 31 2018,Franklin,WA,Passenger,34,55,89,57201,57290,0.16
October 31 2019,Orange,CA,Passenger,7,3,10,531,541,1.85
August 31 2017,Juneau,AK,Passenger,0,1,1,45,46,2.17
July 31 2019,Spartanburg,SC,Passenger,0,1,1,42,43,2.33
February 28 2017,El Paso,CO,Passenger,1,1,2,845,847,0.24
January 31 2022,Santa Cruz,CA,Passenger,1,0,1,27,28,3.57
November 30 2019,Klamath,OR,Passenger,1,0,1,39,40,2.5
June 30 2019,Manatee,FL,Passenger,1,0,1,36,37,2.7
March 31 2019,Cook,IL,Passenger,1,0,1,250,251,0.4
October 31 2023,Williamson,TX,Passenger,1,1,2,53,55,3.64
September 30 2019,Twin Falls,ID,Passenger,0,1,1,28,29,3.45
July 31 2022,Rock Island,IL,Passenger,0,1,1,13,14,7.14
August 31 2020,Island,WA,Passenger,434,274,708,62698,63406,1.12
February 28 2019,Alameda,CA,Passenger,0,2,2,332,334,0.6
November 30 2022,Maricopa,AZ,Passenger,14,4,18,935,953,1.89
September 30 2023,Shasta,CA,Passenger,1,0,1,23,24,4.17
September 30 2023,Walla Walla,WA,Passenger,246,122,368,35425,35793,1.03
March 31 2023,Benton,WA,Passenger,1038,533,1571,135541,137112,1.15
January 31 2018,Klickitat,WA,Truck,0,0,0,7991,7991,0
March 31 2024,Stevens,WA,Truck,4,0,4,18674,18678,0.02
June 30 2022,Clallam,WA,Truck,3,0,3,21914,21917,0.01
August 31 2017,Essex,NJ,Passenger,1,0,1,15,16,6.25
October 31 2021,Pulaski,MO,Passenger,2,0,2,127,129,1.55
June 30 2018,Saratoga,NY,Passenger,1,1,2,62,64,3.12
February 28 2017,Prince George's,MD,Passenger,0,1,1,185,186,0.54
March 31 2017,Albemarle,VA,Passenger,0,1,1,30,31,3.23
March 31 2022,Wilson,NC,Passenger,1,0,1,0,1,100
August 31 2019,Kittitas,WA,Passenger,79,44,123,29740,29863,0.41
February 29 2020,Ferry,WA,Truck,0,0,0,3582,3582,0
November 30 2017,Manassas,VA,Passenger,0,1,1,9,10,10
September 30 2020,Albemarle,VA,Passenger,1,0,1,21,22,4.55
May 31 2017,Lewis,WA,Passenger,49,35,84,55363,55447,0.15
November 30 2023,Douglas,WA,Passenger,242,80,322,28877,29199,1.1
August 31 2018,Norfolk,VA,Passenger,2,2,4,337,341,1.17
November 30 2022,San Juan,WA,Truck,7,0,7,5935,5942,0.12
May 31 2020,Pulaski,MO,Passenger,1,0,1,148,149,0.67
September 30 2022,Allegheny,PA,Passenger,2,1,3,68,71,4.23
September 30 2023,Collier,FL,Passenger,1,0,1,12,13,7.69
August 31 2019,Garfield,WA,Passenger,0,1,1,1304,1305,0.08
October 31 2017,Orange,FL,Passenger,1,1,2,146,148,1.35
March 31 2021,Sedgwick,KS,Passenger,1,1,2,87,89,2.25
October 31 2021,Yamhill,OR,Passenger,1,0,1,39,40,2.5
August 31 2021,New Haven,CT,Passenger,0,2,2,32,34,5.88
June 30 2018,Island,WA,Passenger,197,189,386,62492,62878,0.61
November 30 2017,Whitman,WA,Truck,0,0,0,8438,8438,0
February 28 2018,Frederick,MD,Passenger,0,1,1,89,90,1.11
February 28 2018,Portsmouth,VA,Passenger,0,1,1,70,71,1.41
October 31 2023,Hardin,KY,Passenger,1,0,1,57,58,1.72
October 31 2021,DeKalb,GA,Passenger,1,0,1,64,65,1.54
September 30 2017,Benton,WA,Passenger,163,150,313,129243,129556,0.24
July 31 2018,Grays Harbor,WA,Passenger,54,62,116,46751,46867,0.25
October 31 2018,Maricopa,AZ,Passenger,2,2,4,1642,1646,0.24
May 31 2023,Carroll,MD,Passenger,0,1,1,20,21,4.76
January 31 2023,King,WA,Truck,462,2,464,177780,178244,0.26
September 30 2017,Anne Arundel,MD,Passenger,0,1,1,493,494,0.2
January 31 2023,Honolulu,HI,Passenger,5,3,8,351,359,2.23
April 30 2024,Stafford,VA,Passenger,3,0,3,69,72,4.17
November 30 2022,Alexandria,VA,Passenger,4,0,4,106,110,3.64
January 31 2020,Montgomery,AL,Passenger,1,1,2,40,42,4.76
November 30 2020,Randolph,NC,Passenger,1,0,1,7,8,12.5
December 31 2023,Whatcom,WA,Passenger,2963,1056,4019,147898,151917,2.65
May 31 2018,Grays Harbor,WA,Passenger,50,55,105,46400,46505,0.23
June 30 2020,Washington,OR,Passenger,1,0,1,461,462,0.22
February 29 2024,Middlesex,MA,Passenger,2,0,2,69,71,2.82
April 30 2024,Pima,AZ,Passenger,1,0,1,156,157,0.64
May 31 2021,Montgomery,PA,Passenger,1,0,1,25,26,3.85
December 31 2023,Onslow,NC,Passenger,0,1,1,128,129,0.78
July 31 2017,Albemarle,VA,Passenger,0,1,1,32,33,3.03
May 31 2024,Washtenaw,MI,Passenger,0,2,2,16,18,11.11
July 31 2024,,,Passenger,2,2,4,211,215,1.86
November 30 2019,Dallas,TX,Passenger,1,0,1,219,220,0.45
January 31 2020,Charles,MD,Passenger,0,1,1,85,86,1.16
April 30 2017,Dale,AL,Passenger,0,1,1,63,64,1.56
May 31 2021,Pend Oreille,WA,Truck,0,0,0,5745,5745,0
December 31 2018,Carroll,NH,Passenger,0,1,1,1,2,50
May 31 2022,El Paso,TX,Passenger,4,0,4,364,368,1.09
September 30 2019,Santa Rosa,FL,Passenger,1,0,1,90,91,1.1
December 31 2023,Wilson,TX,Passenger,0,1,1,3,4,25
September 30 2022,Walla Walla,WA,Passenger,187,104,291,35781,36072,0.81
August 31 2021,Cook,IL,Passenger,1,0,1,226,227,0.44
December 31 2023,Brown,WI,Passenger,1,0,1,4,5,20
April 30 2024,Spokane,WA,Truck,98,0,98,101001,101099,0.1
November 30 2019,Adams,WA,Passenger,6,7,13,12919,12932,0.1
May 31 2021,Maui,HI,Passenger,2,0,2,30,32,6.25
May 31 2021,Dallas,TX,Passenger,1,0,1,177,178,0.56
March 31 2018,Hamilton,TN,Passenger,1,0,1,25,26,3.85
November 30 2018,DeKalb,IN,Passenger,1,0,1,1,2,50
July 31 2024,Pulaski,AR,Truck,1,0,1,3,4,25
January 31 2017,Jefferson,NY,Passenger,1,1,2,252,254,0.79
July 31 2021,Bexar,TX,Passenger,2,4,6,554,560,1.07
May 31 2024,Hardin,KY,Passenger,1,0,1,55,56,1.79
October 31 2020,Skagit,WA,Passenger,468,231,699,91469,92168,0.76
June 30 2023,Cumberland,NC,Passenger,2,4,6,327,333,1.8
February 28 2017,Anne Arundel,MD,Passenger,0,1,1,510,511,0.2
January 31 2023,Pulaski,AR,Passenger,3,0,3,26,29,10.34
November 30 2023,Williamsburg,VA,Passenger,0,1,1,4,5,20
July 31 2023,Hudson,NJ,Passenger,2,0,2,18,20,10
January 31 2023,Escambia,FL,Passenger,0,1,1,140,141,0.71
May 31 2017,Palm Beach,FL,Passenger,0,2,2,98,100,2
October 31 2017,Skamania,WA,Passenger,10,7,17,8569,8586,0.2
September 30 2017,Riverside,CA,Passenger,1,2,3,765,768,0.39
April 30 2023,Contra Costa,CA,Passenger,0,2,2,186,188,1.06
February 29 2024,Contra Costa,CA,Passenger,2,1,3,144,147,2.04
May 31 2019,Duval,FL,Passenger,1,2,3,379,382,0.79
February 29 2020,RÃ­o Grande,PR,Passenger,1,0,1,1,2,50
July 31 2022,Clark,WA,Passenger,4224,1806,6030,315152,321182,1.88
July 31 2018,Okanogan,WA,Truck,0,0,0,16424,16424,0
January 31 2019,Ventura,CA,Passenger,0,2,2,328,330,0.61
November 30 2023,Placer,CA,Passenger,1,0,1,65,66,1.52
September 30 2018,Maui,HI,Passenger,1,0,1,58,59,1.69
July 31 2020,Monterey,CA,Passenger,0,2,2,174,176,1.14
March 31 2023,Williamsburg,VA,Passenger,0,1,1,7,8,12.5
January 31 2021,Calvert,MD,Passenger,0,2,2,87,89,2.25
June 30 2023,Norfolk,MA,Passenger,1,0,1,21,22,4.55
June 30 2022,Wilson,TX,Passenger,0,1,1,3,4,25
August 31 2021,Danville,VA,Passenger,1,0,1,0,1,100
January 31 2020,Ventura,CA,Passenger,0,2,2,319,321,0.62
June 30 2024,Norfolk,VA,Passenger,0,1,1,230,231,0.43
June 30 2023,Cowlitz,WA,Truck,9,0,9,28234,28243,0.03
June 30 2020,Stevens,WA,Passenger,37,33,70,30635,30705,0.23
January 31 2021,Lewis,WA,Passenger,126,133,259,58883,59142,0.44
July 31 2024,Douglas,WA,Passenger,293,100,393,28267,28660,1.37
May 31 2021,Deschutes,OR,Passenger,2,0,2,132,134,1.49
September 30 2023,Yakima,WA,Truck,15,0,15,60964,60979,0.02
August 31 2023,Orange,NC,Passenger,0,1,1,5,6,16.67
October 31 2023,Coryell,TX,Passenger,1,0,1,70,71,1.41
April 30 2023,Stevens,WA,Passenger,107,61,168,29691,29859,0.56
December 31 2023,Monterey,CA,Passenger,0,4,4,128,132,3.03
September 30 2020,Pulaski,MO,Passenger,1,0,1,148,149,0.67
April 30 2022,Grays Harbor,WA,Passenger,200,158,358,49179,49537,0.72
November 30 2021,Franklin,WA,Passenger,154,103,257,62226,62483,0.41
July 31 2024,Garfield,WA,Passenger,0,3,3,1284,1287,0.23
June 30 2024,Galveston,TX,Passenger,0,1,1,14,15,6.67
September 30 2020,Charleston,SC,Passenger,2,0,2,98,100,2
April 30 2019,Okanogan,WA,Passenger,20,22,42,26009,26051,0.16
August 31 2019,,,Passenger,6,2,8,417,425,1.88
June 30 2017,Arlington,VA,Passenger,1,1,2,175,177,1.13
April 30 2023,Escambia,FL,Passenger,0,1,1,140,141,0.71
February 28 2022,Eagle,CO,Passenger,1,0,1,6,7,14.29
May 31 2022,Hudson,NJ,Passenger,2,0,2,37,39,5.13
May 31 2024,Pulaski,AR,Passenger,2,0,2,16,18,11.11
July 31 2017,Okanogan,WA,Passenger,4,18,22,25624,25646,0.09
June 30 2019,Sedgwick,KS,Passenger,1,1,2,104,106,1.89
June 30 2018,Nassau,NY,Passenger,2,0,2,40,42,4.76
August 31 2019,Penobscot,ME,Passenger,0,1,1,13,14,7.14
January 31 2020,Goochland,VA,Passenger,2,1,3,277,280,1.07
September 30 2023,Sonoma,CA,Passenger,3,1,4,62,66,6.06
November 30 2019,Calvert,MD,Passenger,0,2,2,92,94,2.13
April 30 2022,,,Passenger,5,1,6,324,330,1.82
September 30 2021,Ferry,WA,Passenger,10,3,13,4401,4414,0.29
May 31 2024,Kittitas,WA,Truck,27,0,27,14587,14614,0.18
October 31 2023,Harris,TX,Passenger,2,1,3,137,140,2.14
March 31 2021,Polk,FL,Passenger,1,0,1,69,70,1.43
May 31 2021,New York,NY,Passenger,2,0,2,54,56,3.57
August 31 2019,Charles,MD,Passenger,0,1,1,92,93,1.08
December 31 2018,Garfield,WA,Truck,0,0,0,964,964,0
July 31 2021,Pierce,WA,Truck,0,0,0,145715,145715,0
August 31 2018,Grant,WA,Truck,0,0,0,26004,26004,0
May 31 2023,San Joaquin,CA,Passenger,0,1,1,83,84,1.19
September 30 2017,Hamilton,TN,Passenger,1,0,1,23,24,4.17
April 30 2023,Pierce,WA,Passenger,7126,2668,9794,531909,541703,1.81
February 28 2022,Sonoma,CA,Passenger,0,1,1,88,89,1.12
September 30 2023,Wayne,MI,Passenger,0,1,1,40,41,2.44
February 28 2019,Denver,CO,Passenger,1,0,1,135,136,0.74
July 31 2020,Thurston,WA,Truck,0,0,0,55869,55869,0
February 28 2021,Suffolk,MA,Passenger,0,2,2,36,38,5.26
February 28 2019,Montgomery,PA,Passenger,2,0,2,36,38,5.26
September 30 2017,Canyon,ID,Passenger,0,1,1,98,99,1.01
December 31 2021,Williamsburg,VA,Passenger,0,1,1,6,7,14.29
March 31 2023,Nassau,NY,Passenger,2,0,2,29,31,6.45
June 30 2018,Cook,IL,Passenger,1,0,1,269,270,0.37
February 28 2023,DeKalb,GA,Passenger,2,0,2,48,50,4
August 31 2022,Columbia,WA,Truck,0,0,0,1573,1573,0
May 31 2021,Montgomery,OH,Passenger,0,1,1,57,58,1.72
July 31 2021,RÃ­o Grande,PR,Passenger,1,0,1,0,1,100
September 30 2020,San Juan,WA,Passenger,331,100,431,13899,14330,3.01
January 31 2019,Nassau,NY,Passenger,3,0,3,39,42,7.14
August 31 2021,Anne Arundel,MD,Passenger,3,1,4,371,375,1.07
April 30 2018,Prince George,VA,Passenger,0,1,1,71,72,1.39
April 30 2018,Nantucket,MA,Passenger,1,0,1,4,5,20
June 30 2023,Sacramento,CA,Truck,1,0,1,30,31,3.23
November 30 2023,Benton,WA,Truck,35,0,35,43071,43106,0.08
October 31 2019,Fresno,CA,Passenger,1,0,1,207,208,0.48
May 31 2023,Newport,RI,Passenger,0,1,1,61,62,1.61
March 31 2024,Wichita,TX,Passenger,1,0,1,31,32,3.12
November 30 2021,Snohomish,WA,Truck,2,0,2,125622,125624,0
March 31 2019,Pinal,AZ,Passenger,2,0,2,204,206,0.97
December 31 2021,Pulaski,MO,Passenger,2,0,2,129,131,1.53
July 31 2019,DeKalb,IN,Passenger,1,0,1,1,2,50
May 31 2024,Okanogan,WA,Truck,13,0,13,16199,16212,0.08
June 30 2023,Douglas,WA,Truck,6,0,6,12996,13002,0.05
February 28 2019,Brevard,FL,Passenger,0,1,1,92,93,1.08
February 28 2021,King,WA,Truck,6,1,7,184246,184253,0
December 31 2018,,,Passenger,3,2,5,421,426,1.17
June 30 2021,Okanogan,WA,Truck,0,0,0,16745,16745,0
October 31 2018,Honolulu,HI,Passenger,1,2,3,525,528,0.57
October 31 2018,Whitman,WA,Truck,0,0,0,8534,8534,0
July 31 2020,Twin Falls,ID,Passenger,0,1,1,25,26,3.85
November 30 2019,Collier,FL,Passenger,1,0,1,21,22,4.55
October 31 2021,Snohomish,WA,Truck,2,0,2,125722,125724,0
February 28 2018,Pacific,WA,Passenger,15,17,32,15454,15486,0.21
April 30 2021,Douglas,CO,Passenger,0,1,1,84,85,1.18
November 30 2021,Sevier,AR,Passenger,0,1,1,0,1,100
December 31 2020,Grays Harbor,WA,Passenger,127,122,249,48629,48878,0.51
January 31 2023,Snohomish,WA,Truck,112,0,112,122321,122433,0.09
February 28 2019,Spokane,WA,Truck,1,0,1,93859,93860,0
December 31 2020,Douglas,CO,Passenger,0,1,1,86,87,1.15
March 31 2018,Kitsap,WA,Passenger,741,428,1169,176860,178029,0.66
July 31 2017,Los Angeles,CA,Passenger,2,1,3,1303,1306,0.23
February 29 2020,Snohomish,WA,Truck,0,0,0,123698,123698,0
September 30 2022,Chesapeake,VA,Passenger,3,1,4,350,354,1.13
December 31 2017,Chelan,WA,Truck,0,0,0,21615,21615,0
June 30 2020,Klickitat,WA,Truck,0,0,0,8097,8097,0
April 30 2021,Montgomery,AL,Passenger,1,0,1,41,42,2.38
December 31 2021,Washington,MD,Passenger,2,0,2,12,14,14.29
November 30 2019,Pierce,WA,Passenger,2082,1634,3716,547217,550933,0.67
January 31 2017,Okanogan,WA,Passenger,3,15,18,25808,25826,0.07
June 30 2020,Anne Arundel,MD,Passenger,0,1,1,412,413,0.24
January 31 2024,Lake,IL,Passenger,7,0,7,122,129,5.43
March 31 2022,Grays Harbor,WA,Truck,0,0,0,21353,21353,0
September 30 2021,Missoula,MT,Passenger,1,0,1,60,61,1.64
January 31 2021,Prince William,VA,Passenger,1,2,3,222,225,1.33
December 31 2019,Chesapeake,VA,Passenger,0,1,1,443,444,0.23
February 29 2024,Loudoun,VA,Passenger,2,1,3,53,56,5.36
December 31 2023,Moore,NC,Passenger,0,1,1,98,99,1.01
November 30 2019,Juneau,AK,Passenger,0,2,2,31,33,6.06
November 30 2022,Grant,WA,Passenger,221,110,331,66709,67040,0.49
May 31 2020,Clallam,WA,Truck,1,0,1,21662,21663,0
May 31 2018,Jefferson,NY,Passenger,1,0,1,227,228,0.44
February 28 2022,Clackamas,OR,Passenger,2,0,2,175,177,1.13
March 31 2022,Essex,MA,Passenger,1,0,1,16,17,5.88
December 31 2022,Sacramento,CA,Passenger,3,1,4,213,217,1.84
July 31 2019,Randolph,NC,Passenger,1,0,1,6,7,14.29
April 30 2023,Nassau,NY,Passenger,2,0,2,29,31,6.45
September 30 2022,Skagit,WA,Passenger,869,349,1218,89541,90759,1.34
October 31 2023,Skagit,WA,Passenger,1275,458,1733,88775,90508,1.91
November 30 2020,Skamania,WA,Passenger,33,21,54,8293,8347,0.65
May 31 2021,Kitsap,WA,Truck,0,0,0,54487,54487,0
September 30 2023,Clallam,WA,Truck,18,0,18,21674,21692,0.08
March 31 2024,Hoke,NC,Passenger,1,0,1,59,60,1.67
December 31 2022,Duval,FL,Passenger,1,0,1,288,289,0.35
October 31 2023,Rockdale,GA,Passenger,1,0,1,5,6,16.67
February 28 2021,Solano,CA,Passenger,1,0,1,202,203,0.49
June 30 2020,Guadalupe,TX,Passenger,1,0,1,70,71,1.41
August 31 2021,Norfolk,VA,Passenger,2,3,5,322,327,1.53
June 30 2019,Franklin,WA,Passenger,51,69,120,59891,60011,0.2
June 30 2022,San Mateo,CA,Passenger,2,0,2,92,94,2.13
August 31 2023,Cook,IL,Passenger,2,1,3,159,162,1.85
November 30 2020,San Juan,WA,Truck,0,0,0,5863,5863,0
January 31 2020,Washington,OR,Passenger,1,0,1,478,479,0.21
April 30 2019,Hennepin,MN,Passenger,2,0,2,106,108,1.85
February 28 2022,Jefferson,NY,Passenger,1,0,1,215,216,0.46
June 30 2024,Monterey,CA,Passenger,0,4,4,119,123,3.25
February 29 2024,,,Passenger,4,1,5,237,242,2.07
February 29 2024,Wake,NC,Passenger,4,0,4,72,76,5.26
December 31 2021,Calvert,MD,Passenger,0,2,2,86,88,2.27
February 28 2023,Currituck,NC,Passenger,1,0,1,19,20,5
June 30 2024,Kitsap,WA,Passenger,4561,1672,6233,172916,179149,3.48
March 31 2019,Pierce,WA,Truck,0,0,0,138955,138955,0
November 30 2018,Cowlitz,WA,Truck,0,0,0,28718,28718,0
October 31 2020,Grays Harbor,WA,Truck,0,0,0,21116,21116,0
February 28 2021,Lincoln,WA,Truck,0,0,0,4688,4688,0
December 31 2023,Kootenai,ID,Truck,1,0,1,24,25,4
March 31 2017,Santa Clara,CA,Passenger,6,2,8,423,431,1.86
January 31 2020,Dallas,TX,Passenger,1,0,1,219,220,0.45
December 31 2021,Howard,MD,Passenger,0,2,2,65,67,2.99
July 31 2021,Ventura,CA,Passenger,1,4,5,276,281,1.78
June 30 2020,Manassas,VA,Passenger,0,1,1,4,5,20
August 31 2023,Prince William,VA,Passenger,1,4,5,163,168,2.98
October 31 2017,Ferry,WA,Passenger,1,1,2,4397,4399,0.05
November 30 2023,New Castle,DE,Passenger,1,0,1,16,17,5.88
November 30 2018,Clallam,WA,Passenger,147,121,268,50325,50593,0.53
April 30 2024,Snohomish,WA,Truck,335,0,335,119473,119808,0.28
October 31 2019,Grays Harbor,WA,Truck,0,0,0,20724,20724,0
November 30 2018,Columbia,WA,Truck,0,0,0,1516,1516,0
July 31 2022,San Mateo,CA,Passenger,2,0,2,89,91,2.2
December 31 2022,Isle of Wight,VA,Passenger,0,1,1,18,19,5.26
May 31 2022,Solano,CA,Passenger,1,0,1,171,172,0.58
April 30 2019,Suffolk,MA,Passenger,0,1,1,43,44,2.27
July 31 2021,Gwinnett,GA,Passenger,1,0,1,66,67,1.49
May 31 2023,Orange,FL,Passenger,2,0,2,70,72,2.78
October 31 2023,Montgomery,AL,Passenger,1,1,2,34,36,5.56
February 28 2017,Lewis,NY,Passenger,0,1,1,10,11,9.09
January 31 2019,Rogers,OK,Passenger,1,0,1,6,7,14.29
June 30 2021,Clark,WA,Truck,0,0,0,84292,84292,0
February 28 2021,Lewis,WA,Truck,0,0,0,26703,26703,0
June 30 2018,Lewis,WA,Passenger,80,61,141,57686,57827,0.24
June 30 2023,San Diego,CA,Passenger,22,7,29,2169,2198,1.32
March 31 2023,Loudoun,VA,Passenger,3,1,4,61,65,6.15
July 31 2020,New London,CT,Passenger,1,1,2,235,237,0.84
October 31 2023,Dallas,TX,Passenger,1,0,1,77,78,1.28
July 31 2024,Hamilton,OH,Passenger,2,0,2,24,26,7.69
October 31 2021,El Paso,TX,Passenger,4,0,4,375,379,1.06
November 30 2021,Thurston,WA,Truck,0,0,0,56080,56080,0
May 31 2018,Kent,MI,Passenger,0,1,1,30,31,3.23
July 31 2020,Clay,FL,Passenger,0,1,1,87,88,1.14
June 30 2022,Greene,MO,Passenger,0,1,1,29,30,3.33
June 30 2019,Saginaw,MI,Passenger,1,0,1,12,13,7.69
January 31 2018,Spokane,WA,Passenger,300,255,555,300717,301272,0.18
August 31 2019,Cascade,MT,Passenger,0,1,1,65,66,1.52
December 31 2022,Anchorage,AK,Passenger,1,0,1,128,129,0.78
June 30 2022,San Francisco,CA,Passenger,1,0,1,92,93,1.08
September 30 2021,Montgomery,OH,Passenger,0,1,1,59,60,1.67
November 30 2017,Clallam,WA,Truck,0,0,0,21183,21183,0
December 31 2020,Pacific,WA,Truck,0,0,0,7786,7786,0
July 31 2021,Whatcom,WA,Truck,4,0,4,43845,43849,0.01
September 30 2022,Muscogee,GA,Passenger,1,2,3,123,126,2.38
April 30 2024,Escambia,FL,Truck,1,0,1,20,21,4.76
June 30 2018,Mason,WA,Passenger,82,90,172,45706,45878,0.37
March 31 2021,Hawaii,HI,Passenger,1,0,1,54,55,1.82
February 28 2017,Pinal,AZ,Passenger,2,0,2,265,267,0.75
March 31 2019,Flathead,MT,Passenger,1,0,1,65,66,1.52
January 31 2019,Clackamas,OR,Passenger,1,1,2,218,220,0.91
November 30 2018,Benton,WA,Passenger,209,223,432,132761,133193,0.32
June 30 2020,St. Louis,MO,Passenger,1,0,1,100,101,0.99
June 30 2022,Richland,SC,Passenger,0,2,2,141,143,1.4
December 31 2017,Anne Arundel,MD,Passenger,0,1,1,476,477,0.21
December 31 2021,King,WA,Passenger,35459,10217,45676,1357751,1403427,3.25
March 31 2020,Grant,WA,Passenger,58,71,129,65481,65610,0.2
February 29 2020,Fairfax,VA,Passenger,5,2,7,762,769,0.91
August 31 2020,Stafford,VA,Passenger,1,1,2,99,101,1.98
August 31 2021,Hudson,NJ,Passenger,1,0,1,42,43,2.33
March 31 2024,Thurston,WA,Passenger,4109,1480,5589,189027,194616,2.87
October 31 2019,Skagit,WA,Truck,1,0,1,32551,32552,0
April 30 2022,Pend Oreille,WA,Truck,0,0,0,5648,5648,0
July 31 2024,Pend Oreille,WA,Passenger,38,22,60,8438,8498,0.71
April 30 2022,St. Lawrence,NY,Passenger,1,0,1,5,6,16.67
April 30 2017,Jefferson,WA,Passenger,98,56,154,23743,23897,0.64
September 30 2021,Lewis,WA,Truck,0,0,0,26692,26692,0
September 30 2020,Adams,WA,Truck,0,0,0,5307,5307,0
October 31 2017,Garfield,WA,Truck,0,0,0,941,941,0
April 30 2020,Garfield,WA,Truck,0,0,0,966,966,0
July 31 2020,Frederick,MD,Passenger,1,1,2,70,72,2.78
August 31 2018,Benton,WA,Passenger,189,198,387,132185,132572,0.29
June 30 2021,Lewis,WA,Passenger,163,141,304,59643,59947,0.51
August 31 2021,Denver,CO,Passenger,1,0,1,123,124,0.81
February 28 2022,San Bernardino,CA,Passenger,2,1,3,379,382,0.79
March 31 2022,Kittitas,WA,Truck,0,0,0,14723,14723,0
February 28 2018,Chelan,WA,Truck,0,0,0,21663,21663,0
September 30 2019,San Francisco,CA,Passenger,2,1,3,109,112,2.68
February 28 2022,Richmond,NY,Passenger,1,0,1,4,5,20
December 31 2020,Skagit,WA,Passenger,499,238,737,91365,92102,0.8
July 31 2024,Wichita,TX,Passenger,1,0,1,28,29,3.45
January 31 2021,Randolph,NC,Passenger,1,0,1,7,8,12.5
February 28 2021,Clark,WA,Passenger,2507,1245,3752,318778,322530,1.16
March 31 2024,Douglas,WA,Passenger,271,89,360,28872,29232,1.23
July 31 2023,Salt Lake,UT,Passenger,4,1,5,120,125,4
March 31 2024,Snohomish,WA,Truck,320,0,320,119707,120027,0.27
January 31 2021,Ramsey,MN,Passenger,1,0,1,41,42,2.38
September 30 2023,Santa Clara,CA,Passenger,19,1,20,179,199,10.05
April 30 2021,Bradley,TN,Passenger,1,0,1,0,1,100
July 31 2019,Richland,SC,Passenger,0,1,1,162,163,0.61
August 31 2022,Multnomah,OR,Passenger,1,3,4,550,554,0.72
July 31 2022,Harris,TX,Passenger,1,0,1,170,171,0.58
February 28 2023,San Juan,WA,Truck,10,0,10,5899,5909,0.17
March 31 2020,Tulsa,OK,Passenger,1,1,2,56,58,3.45
August 31 2021,Wilson,TX,Passenger,0,1,1,4,5,20
April 30 2022,Marion,IA,Passenger,1,0,1,0,1,100
August 31 2022,Pinal,AZ,Passenger,0,1,1,131,132,0.76
January 31 2024,Spokane,WA,Truck,70,0,70,101523,101593,0.07
September 30 2020,Harris,TX,Passenger,1,0,1,260,261,0.38
October 31 2023,El Paso,CO,Passenger,5,2,7,485,492,1.42
July 31 2021,Anne Arundel,MD,Passenger,3,1,4,381,385,1.04
October 31 2021,Vigo,IN,Passenger,1,0,1,5,6,16.67
June 30 2019,Guadalupe,TX,Passenger,1,0,1,78,79,1.27
September 30 2019,Osceola,FL,Passenger,1,0,1,44,45,2.22
December 31 2022,Bartow,GA,Passenger,0,1,1,4,5,20
February 29 2024,Clark,NV,Passenger,7,3,10,380,390,2.56
February 28 2023,Spokane,WA,Passenger,2035,978,3013,323228,326241,0.92
December 31 2022,Skamania,WA,Passenger,89,52,141,8091,8232,1.71
December 31 2020,Franklin,WA,Passenger,85,82,167,61338,61505,0.27
April 30 2017,Orange,FL,Passenger,1,1,2,149,151,1.32
May 31 2022,Harford,MD,Passenger,1,1,2,51,53,3.77
December 31 2021,Santa Cruz,CA,Passenger,1,0,1,27,28,3.57
December 31 2020,Lake,FL,Passenger,1,0,1,25,26,3.85
April 30 2020,Columbia,WA,Passenger,3,3,6,2407,2413,0.25
June 30 2017,Norfolk,VA,Passenger,1,1,2,315,317,0.63
May 31 2018,San Francisco,CA,Passenger,0,1,1,131,132,0.76
June 30 2024,Skagit,WA,Passenger,1503,547,2050,87093,89143,2.3
February 28 2019,Pierce,WA,Passenger,1611,1428,3039,538687,541726,0.56
June 30 2017,Wahkiakum,WA,Passenger,0,2,2,2832,2834,0.07
December 31 2022,Spokane,WA,Passenger,1935,931,2866,323716,326582,0.88
April 30 2020,Denton,TX,Passenger,1,0,1,99,100,1
September 30 2022,Pierce,WA,Truck,46,0,46,140229,140275,0.03
June 30 2017,Pend Oreille,WA,Passenger,3,4,7,9317,9324,0.08
May 31 2024,Clark,WA,Truck,187,0,187,79972,80159,0.23
April 30 2024,Frederick,MD,Passenger,1,1,2,42,44,4.55
March 31 2023,Kern,CA,Passenger,1,1,2,197,199,1.01
June 30 2023,Lee,AL,Passenger,1,0,1,16,17,5.88
August 31 2021,Maui,HI,Passenger,1,0,1,29,30,3.33
May 31 2017,Thurston,WA,Passenger,389,334,723,185993,186716,0.39
April 30 2017,Clark,NV,Passenger,1,3,4,866,870,0.46
November 30 2019,Orange,CA,Passenger,7,2,9,526,535,1.68
August 31 2017,Grays Harbor,WA,Passenger,37,37,74,44957,45031,0.16
April 30 2019,Grant,WA,Truck,0,0,0,26422,26422,0
January 31 2020,Prince William,VA,Passenger,2,4,6,236,242,2.48
May 31 2021,Yakima,WA,Truck,0,0,0,61660,61660,0
May 31 2019,Allegheny,PA,Passenger,1,0,1,92,93,1.08
July 31 2019,Polk,FL,Passenger,1,0,1,75,76,1.32
September 30 2023,Columbia,GA,Passenger,1,0,1,76,77,1.3
July 31 2021,Mohave,AZ,Passenger,1,0,1,59,60,1.67
June 30 2023,Larimer,CO,Passenger,1,0,1,30,31,3.23
August 31 2020,Rogers,OK,Passenger,1,0,1,8,9,11.11
December 31 2020,Penobscot,ME,Passenger,0,1,1,9,10,10
December 31 2018,Pacific,WA,Truck,0,0,0,7607,7607,0
April 30 2024,Grant,WA,Truck,23,0,23,27998,28021,0.08
January 31 2020,Lake,IL,Passenger,1,0,1,174,175,0.57
May 31 2017,Mason,WA,Truck,0,0,0,19254,19254,0
June 30 2017,Jefferson,WA,Passenger,104,61,165,23848,24013,0.69
August 31 2018,Adams,WA,Truck,0,0,0,5171,5171,0
December 31 2017,Walla Walla,WA,Truck,0,0,0,13291,13291,0
June 30 2022,San Joaquin,CA,Passenger,1,1,2,98,100,2
October 31 2018,Klamath,OR,Passenger,1,0,1,36,37,2.7
April 30 2019,Goochland,VA,Passenger,1,1,2,258,260,0.77
October 31 2022,Washington,MD,Passenger,2,0,2,14,16,12.5
September 30 2019,Guadalupe,TX,Passenger,1,0,1,75,76,1.32
December 31 2020,Kauai,HI,Passenger,1,0,1,18,19,5.26
October 31 2022,Carroll,MD,Passenger,0,1,1,20,21,4.76
March 31 2020,Dallas,IA,Passenger,0,1,1,10,11,9.09
August 31 2018,Garfield,WA,Truck,0,0,0,954,954,0
November 30 2017,Whatcom,WA,Truck,1,0,1,41926,41927,0
November 30 2023,Maricopa,AZ,Passenger,12,4,16,661,677,2.36
October 31 2021,Adams,WA,Truck,0,0,0,5407,5407,0
June 30 2023,Pacific,WA,Passenger,74,92,166,15590,15756,1.05
September 30 2023,Portsmouth,VA,Passenger,0,2,2,62,64,3.12
April 30 2024,Virginia Beach,VA,Truck,1,0,1,95,96,1.04
September 30 2023,Marion,OR,Passenger,1,0,1,57,58,1.72
May 31 2024,Oldham,KY,Passenger,0,1,1,2,3,33.33
April 30 2020,Lake,FL,Passenger,1,0,1,24,25,4
January 31 2018,Whitman,WA,Truck,0,0,0,8473,8473,0
December 31 2020,Kern,CA,Passenger,0,1,1,217,218,0.46
September 30 2021,Lincoln,WA,Passenger,7,16,23,7675,7698,0.3
June 30 2023,Pierce,WA,Truck,164,0,164,137132,137296,0.12
June 30 2022,Douglas,WA,Passenger,132,58,190,28475,28665,0.66
November 30 2019,Kern,CA,Passenger,0,1,1,222,223,0.45
August 31 2020,Lincoln,WA,Truck,0,0,0,4647,4647,0
March 31 2020,Placer,CA,Passenger,2,0,2,103,105,1.9
November 30 2022,Saratoga,NY,Passenger,1,0,1,40,41,2.44
August 31 2023,Hamilton,OH,Passenger,1,0,1,32,33,3.03
October 31 2021,Skagit,WA,Truck,1,0,1,32810,32811,0
December 31 2022,Whitman,WA,Passenger,110,67,177,21888,22065,0.8
October 31 2022,Jefferson,WA,Truck,5,0,5,9385,9390,0.05
September 30 2021,Okanogan,WA,Passenger,66,44,110,26525,26635,0.41
June 30 2024,Pacific,WA,Passenger,115,106,221,15412,15633,1.41
July 31 2023,King,WA,Truck,782,2,784,174866,175650,0.45
October 31 2022,Bexar,TX,Passenger,4,3,7,451,458,1.53
November 30 2020,Denton,TX,Passenger,1,0,1,89,90,1.11
August 31 2022,New York,NY,Passenger,1,0,1,40,41,2.44
November 30 2022,Stafford,VA,Passenger,3,1,4,89,93,4.3
July 31 2020,Montgomery,OH,Passenger,0,1,1,48,49,2.04
February 28 2023,Lee,FL,Passenger,1,0,1,33,34,2.94
November 30 2021,Oldham,KY,Passenger,0,1,1,4,5,20
March 31 2022,Powhatan,VA,Passenger,1,0,1,2,3,33.33
February 28 2017,Spokane,WA,Truck,1,0,1,90224,90225,0
January 31 2024,Snohomish,WA,Passenger,16722,3690,20412,526195,546607,3.73
August 31 2019,Jefferson,WA,Passenger,205,122,327,25066,25393,1.29
December 31 2021,District of Columbia,DC,Passenger,4,0,4,179,183,2.19
May 31 2017,Montgomery,MD,Passenger,1,0,1,309,310,0.32
July 31 2020,San Francisco,CA,Passenger,2,1,3,97,100,3
November 30 2018,Clallam,WA,Truck,0,0,0,21611,21611,0
February 28 2023,Richland,SC,Passenger,0,1,1,120,121,0.83
March 31 2018,Kittitas,WA,Truck,0,0,0,13987,13987,0
September 30 2022,Arlington,VA,Passenger,1,0,1,129,130,0.77
February 29 2024,Travis,TX,Passenger,1,1,2,74,76,2.63
October 31 2023,Escambia,FL,Truck,1,0,1,26,27,3.7
September 30 2023,Cache,UT,Passenger,1,0,1,10,11,9.09
February 28 2021,Cowlitz,WA,Passenger,194,130,324,71910,72234,0.45
June 30 2018,Lewis,WA,Truck,0,0,0,25480,25480,0
September 30 2020,Pacific,WA,Passenger,32,34,66,15705,15771,0.42
January 31 2017,Maricopa,AZ,Passenger,2,1,3,2023,2026,0.15
July 31 2017,Kitsap,WA,Passenger,623,324,947,173366,174313,0.54
September 30 2018,Washoe,NV,Passenger,1,0,1,116,117,0.85
March 31 2018,Canyon,ID,Passenger,0,1,1,100,101,0.99
May 31 2022,Denton,TX,Passenger,2,0,2,71,73,2.74
August 31 2022,Washington,MD,Passenger,2,0,2,14,16,12.5
October 31 2022,Rock Island,IL,Passenger,0,1,1,14,15,6.67
June 30 2023,Maui,HI,Passenger,1,0,1,21,22,4.55
November 30 2021,Cowlitz,WA,Truck,0,1,1,29004,29005,0
October 31 2023,Grays Harbor,WA,Truck,9,0,9,20846,20855,0.04
August 31 2019,Mason,WA,Passenger,130,125,255,47415,47670,0.53
August 31 2019,Wahkiakum,WA,Passenger,2,2,4,3027,3031,0.13
March 31 2024,Wake,NC,Passenger,4,0,4,67,71,5.63
July 31 2017,Honolulu,HI,Passenger,3,2,5,583,588,0.85
June 30 2023,Hillsborough,FL,Passenger,1,2,3,120,123,2.44
May 31 2017,Missoula,MT,Passenger,1,0,1,73,74,1.35
October 31 2022,Lane,OR,Passenger,0,2,2,97,99,2.02
May 31 2022,Lake,FL,Passenger,1,0,1,22,23,4.35
April 30 2024,Fredericksburg,VA,Passenger,1,0,1,5,6,16.67
March 31 2018,Grays Harbor,WA,Passenger,45,46,91,46084,46175,0.2
December 31 2018,Franklin,WA,Truck,0,0,0,19051,19051,0
June 30 2024,Sacramento,CA,Passenger,1,1,2,124,126,1.59
May 31 2024,Cook,IL,Passenger,2,0,2,131,133,1.5
May 31 2024,Thurston,WA,Passenger,4348,1545,5893,188325,194218,3.03
July 31 2024,Chesapeake,VA,Passenger,2,0,2,234,236,0.85
November 30 2019,Chelan,WA,Passenger,196,75,271,54634,54905,0.49
May 31 2020,Franklin,WA,Truck,0,0,0,19861,19861,0
May 31 2022,Orange,FL,Passenger,2,0,2,104,106,1.89
December 31 2018,Richland,SC,Passenger,0,1,1,165,166,0.6
May 31 2024,Currituck,NC,Passenger,1,0,1,15,16,6.25
June 30 2022,Washtenaw,MI,Passenger,0,1,1,29,30,3.33
April 30 2019,Sangamon,IL,Passenger,2,0,2,7,9,22.22
January 31 2021,Eagle,CO,Passenger,1,0,1,7,8,12.5
January 31 2024,Bartow,GA,Passenger,0,1,1,3,4,25
March 31 2017,Pacific,WA,Truck,0,0,0,7476,7476,0
February 28 2022,Spokane,WA,Truck,0,0,0,102486,102486,0
December 31 2018,Cook,IL,Passenger,1,0,1,252,253,0.4
August 31 2020,Fulton,GA,Passenger,1,3,4,106,110,3.64
February 28 2021,Manassas,VA,Passenger,0,1,1,6,7,14.29
June 30 2023,Henrico,VA,Passenger,0,1,1,8,9,11.11
May 31 2019,Carroll,NH,Passenger,0,1,1,3,4,25
September 30 2021,Suffolk,MA,Passenger,0,2,2,30,32,6.25
February 28 2019,San Juan,PR,Passenger,0,1,1,3,4,25
April 30 2024,Fairfax,VA,Truck,1,0,1,79,80,1.25
June 30 2024,Atlantic,NJ,Passenger,1,0,1,10,11,9.09
March 31 2023,Eau Claire,WI,Passenger,1,0,1,1,2,50
December 31 2019,Mason,WA,Truck,0,0,0,20519,20519,0
November 30 2018,Skamania,WA,Truck,0,0,0,4007,4007,0
August 31 2022,Bell,TX,Passenger,1,0,1,326,327,0.31
December 31 2022,Richland,SC,Passenger,0,1,1,127,128,0.78
November 30 2023,Churchill,NV,Passenger,0,1,1,33,34,2.94
August 31 2017,Montgomery,PA,Passenger,1,0,1,39,40,2.5
April 30 2023,Richmond,NY,Passenger,1,0,1,4,5,20
March 31 2023,Denton,TX,Passenger,2,0,2,55,57,3.51
August 31 2020,Cowlitz,WA,Passenger,152,120,272,72110,72382,0.38
June 30 2018,Maricopa,AZ,Passenger,1,2,3,1656,1659,0.18
April 30 2019,Charles,MD,Passenger,0,1,1,87,88,1.14
June 30 2022,Nueces,TX,Passenger,1,1,2,59,61,3.28
May 31 2018,Sangamon,IL,Passenger,1,0,1,11,12,8.33
July 31 2023,Alameda,CA,Passenger,5,2,7,176,183,3.83
October 31 2021,Klamath,OR,Passenger,1,0,1,32,33,3.03
September 30 2018,Manatee,FL,Passenger,1,0,1,41,42,2.38
April 30 2021,RÃ­o Grande,PR,Passenger,1,0,1,1,2,50
July 31 2024,Sarpy,NE,Passenger,1,0,1,48,49,2.04
June 30 2024,Williamsburg,VA,Passenger,0,1,1,2,3,33.33
September 30 2021,Danville,VA,Passenger,1,0,1,0,1,100
April 30 2017,Lincoln,WA,Passenger,2,4,6,7479,7485,0.08
January 31 2021,Cowlitz,WA,Passenger,188,129,317,72141,72458,0.44
September 30 2022,Pend Oreille,WA,Truck,0,0,0,5630,5630,0
December 31 2020,Mason,WA,Truck,0,0,0,20933,20933,0
August 31 2021,Harford,MD,Passenger,0,1,1,54,55,1.82
November 30 2021,Onslow,NC,Passenger,0,1,1,166,167,0.6
April 30 2020,Hudson,NJ,Passenger,1,0,1,39,40,2.5
September 30 2022,Calvert,MD,Passenger,0,2,2,84,86,2.33
June 30 2022,Boulder,CO,Passenger,2,0,2,48,50,4
December 31 2018,Chelan,WA,Truck,0,0,0,22045,22045,0
September 30 2018,Bexar,TX,Passenger,3,4,7,738,745,0.94
December 31 2022,New London,CT,Passenger,3,3,6,186,192,3.12
October 31 2020,Clark,WA,Passenger,2214,1121,3335,318685,322020,1.04
July 31 2024,Skamania,WA,Truck,4,0,4,3707,3711,0.11
October 31 2020,Klickitat,WA,Truck,0,0,0,8082,8082,0
August 31 2019,Douglas,WA,Truck,0,0,0,12260,12260,0
July 31 2019,Pima,AZ,Passenger,0,1,1,422,423,0.24
May 31 2023,Walla Walla,WA,Passenger,215,114,329,35428,35757,0.92
October 31 2020,Rockingham,NH,Passenger,1,0,1,22,23,4.35
October 31 2017,Tarrant,TX,Passenger,1,0,1,229,230,0.43
September 30 2021,Arlington,VA,Passenger,1,1,2,144,146,1.37
February 28 2021,Kings,NY,Passenger,1,0,1,69,70,1.43
November 30 2020,Lake,FL,Passenger,1,0,1,25,26,3.85
March 31 2023,New London,CT,Passenger,2,3,5,179,184,2.72
July 31 2018,Maricopa,AZ,Passenger,1,2,3,1642,1645,0.18
July 31 2018,Kittitas,WA,Truck,0,0,0,14057,14057,0
May 31 2021,Klickitat,WA,Truck,0,0,0,8250,8250,0
July 31 2020,Pierce,WA,Passenger,2466,1696,4162,551063,555225,0.75
July 31 2023,Orange,CA,Passenger,9,3,12,344,356,3.37
January 31 2024,Yakima,WA,Passenger,666,305,971,166767,167738,0.58
August 31 2018,Cumberland,NC,Passenger,1,1,2,549,551,0.36
August 31 2020,Columbia,WA,Passenger,3,3,6,2423,2429,0.25
January 31 2024,Hillsborough,FL,Passenger,2,2,4,96,100,4
September 30 2021,St. Louis,MO,Passenger,1,0,1,85,86,1.16
February 29 2024,Dallas,TX,Passenger,1,0,1,68,69,1.45
November 30 2023,Anne Arundel,MD,Passenger,5,3,8,283,291,2.75
April 30 2024,Platte,MO,Passenger,2,0,2,17,19,10.53
January 31 2021,Salt Lake,UT,Passenger,1,1,2,188,190,1.05
February 28 2019,Hardin,KY,Passenger,0,1,1,101,102,0.98
June 30 2021,Carson City,NV,Passenger,1,0,1,11,12,8.33
August 31 2018,Mason,WA,Truck,0,0,0,20077,20077,0
February 28 2023,Salt Lake,UT,Passenger,2,1,3,132,135,2.22
April 30 2019,Walla Walla,WA,Passenger,46,57,103,36127,36230,0.28
October 31 2023,Pend Oreille,WA,Truck,0,0,0,5597,5597,0
April 30 2017,Asotin,WA,Passenger,6,2,8,12337,12345,0.06
September 30 2023,Charles,MD,Passenger,1,1,2,54,56,3.57
March 31 2019,Brevard,FL,Passenger,0,1,1,90,91,1.1
July 31 2020,Columbia,OR,Passenger,1,0,1,27,28,3.57
May 31 2017,Polk,FL,Passenger,1,0,1,69,70,1.43
June 30 2022,Allegheny,PA,Passenger,2,1,3,68,71,4.23
January 31 2023,Newport News,VA,Passenger,1,0,1,115,116,0.86
June 30 2019,Washtenaw,MI,Passenger,1,0,1,40,41,2.44
April 30 2017,Carroll,NH,Passenger,0,1,1,0,1,100
April 30 2023,Pend Oreille,WA,Truck,0,0,0,5622,5622,0
October 31 2020,King,WA,Truck,5,1,6,183995,184001,0
June 30 2022,Los Angeles,CA,Passenger,6,8,14,844,858,1.63
October 31 2020,Harris,TX,Passenger,1,0,1,260,261,0.38
May 31 2023,Anne Arundel,MD,Passenger,4,3,7,301,308,2.27
September 30 2021,Stevens,WA,Passenger,52,42,94,30287,30381,0.31
November 30 2019,Multnomah,OR,Passenger,4,6,10,749,759,1.32
August 31 2019,Williamson,TX,Passenger,0,2,2,158,160,1.25
October 31 2023,Currituck,NC,Passenger,1,0,1,19,20,5
March 31 2023,Lane,OR,Passenger,0,2,2,90,92,2.17
March 31 2024,New London,CT,Passenger,2,4,6,151,157,3.82
January 31 2021,San Mateo,CA,Passenger,1,1,2,121,123,1.63
May 31 2019,Tulsa,OK,Passenger,1,1,2,54,56,3.57
April 30 2017,Whitman,WA,Truck,0,0,0,8379,8379,0
October 31 2022,Newport,RI,Passenger,0,1,1,69,70,1.43
September 30 2023,Tom Green,TX,Passenger,0,1,1,17,18,5.56
May 31 2020,Grays Harbor,WA,Truck,0,0,0,20763,20763,0
June 30 2022,Placer,CA,Passenger,2,0,2,75,77,2.6
September 30 2023,Hudson,NJ,Passenger,2,0,2,16,18,11.11
December 31 2022,Larimer,CO,Passenger,1,0,1,36,37,2.7
November 30 2017,Ferry,WA,Truck,0,0,0,3545,3545,0
August 31 2017,DeKalb,IN,Passenger,1,0,1,1,2,50
August 31 2019,Chelan,WA,Passenger,165,70,235,54449,54684,0.43
April 30 2022,Mason,WA,Truck,0,0,0,21096,21096,0
February 28 2023,Bexar,TX,Passenger,4,3,7,427,434,1.61
December 31 2021,Fulton,GA,Passenger,0,1,1,83,84,1.19
December 31 2021,Saratoga,NY,Passenger,1,0,1,41,42,2.38
December 31 2023,Mercer,NJ,Passenger,0,1,1,7,8,12.5
May 31 2023,Botetourt,VA,Passenger,1,0,1,1,2,50
March 31 2019,Benton,WA,Passenger,236,251,487,132958,133445,0.36
September 30 2022,Adams,WA,Passenger,22,10,32,12975,13007,0.25
June 30 2019,Jefferson,NY,Passenger,0,1,1,217,218,0.46
September 30 2023,Hillsborough,FL,Passenger,2,2,4,109,113,3.54
February 28 2018,Carroll,NH,Passenger,0,1,1,1,2,50
June 30 2023,Whatcom,WA,Truck,57,0,57,42714,42771,0.13
December 31 2019,Mason,WA,Passenger,142,133,275,47622,47897,0.57
December 31 2022,Mason,WA,Passenger,369,189,558,46799,47357,1.18
November 30 2022,Benton,WA,Passenger,909,490,1399,135647,137046,1.02
January 31 2018,Norfolk,VA,Passenger,1,1,2,321,323,0.62
December 31 2017,Albemarle,VA,Passenger,0,1,1,32,33,3.03
January 31 2021,Orange,NC,Passenger,0,1,1,12,13,7.69
October 31 2022,Ray,MO,Passenger,0,1,1,1,2,50
April 30 2021,Deschutes,OR,Passenger,2,0,2,136,138,1.45
August 31 2018,Cook,IL,Passenger,1,0,1,256,257,0.39
July 31 2022,Island,WA,Truck,6,0,6,21275,21281,0.03
April 30 2021,Harford,MD,Passenger,0,1,1,57,58,1.72
July 31 2021,Greene,MO,Passenger,0,1,1,35,36,2.78
July 31 2018,Juneau,AK,Passenger,0,1,1,49,50,2
December 31 2023,San Benito,CA,Passenger,1,0,1,4,5,20
March 31 2023,Franklin,WA,Truck,5,0,5,20859,20864,0.02
February 28 2021,Thurston,WA,Passenger,1382,810,2192,196937,199129,1.1
November 30 2021,Whatcom,WA,Passenger,1611,660,2271,150061,152332,1.49
February 28 2017,Whitman,WA,Passenger,8,18,26,21933,21959,0.12
June 30 2017,Ferry,WA,Passenger,1,1,2,4397,4399,0.05
February 29 2020,Boone,MO,Passenger,0,1,1,11,12,8.33
May 31 2017,Pend Oreille,WA,Truck,0,0,0,5564,5564,0
September 30 2023,Los Angeles,CA,Passenger,9,4,13,634,647,2.01
February 28 2021,Prince George's,MD,Passenger,2,1,3,149,152,1.97
June 30 2022,Collin,TX,Passenger,4,0,4,99,103,3.88
February 28 2023,Cook,IL,Passenger,2,0,2,185,187,1.07
June 30 2024,Montgomery,MD,Passenger,5,1,6,169,175,3.43
April 30 2023,Sonoma,CA,Passenger,3,1,4,68,72,5.56
April 30 2022,Lincoln,OR,Passenger,0,1,1,33,34,2.94
July 31 2018,Franklin,MA,Passenger,0,1,1,2,3,33.33
April 30 2024,Anne Arundel,MD,Passenger,5,2,7,263,270,2.59
October 31 2018,Pend Oreille,WA,Passenger,6,5,11,9586,9597,0.11
February 28 2019,Los Angeles,CA,Passenger,4,5,9,1119,1128,0.8
June 30 2021,San Juan,WA,Truck,0,0,0,5938,5938,0
August 31 2020,Deschutes,OR,Passenger,2,0,2,145,147,1.36
October 31 2022,Richland,SC,Passenger,0,1,1,130,131,0.76
February 28 2018,Collier,FL,Passenger,1,0,1,23,24,4.17
May 31 2024,Atlantic,NJ,Passenger,1,0,1,10,11,9.09
March 31 2021,Montgomery,PA,Passenger,1,0,1,25,26,3.85
November 30 2022,Carroll,NH,Passenger,0,1,1,4,5,20
January 31 2022,Skagit,WA,Passenger,702,307,1009,90775,91784,1.1
May 31 2017,Walla Walla,WA,Passenger,23,24,47,34850,34897,0.13
February 29 2020,Pacific,WA,Passenger,30,32,62,16063,16125,0.38
October 31 2019,Maricopa,AZ,Passenger,6,7,13,1619,1632,0.8
June 30 2020,Tulsa,OK,Passenger,1,1,2,54,56,3.57
August 31 2023,Gwinnett,GA,Passenger,1,0,1,50,51,1.96
April 30 2022,Oldham,KY,Passenger,0,1,1,4,5,20
August 31 2018,Marion,IN,Passenger,1,0,1,121,122,0.82
June 30 2020,Palm Beach,FL,Passenger,0,2,2,82,84,2.38
July 31 2021,DeKalb,GA,Passenger,1,0,1,63,64,1.56
January 31 2024,Kent,DE,Passenger,1,0,1,38,39,2.56
May 31 2023,Kootenai,ID,Truck,1,0,1,30,31,3.23
November 30 2019,Clay,FL,Passenger,0,1,1,89,90,1.11
May 31 2021,Anne Arundel,MD,Passenger,3,1,4,388,392,1.02
June 30 2022,Deschutes,OR,Passenger,2,0,2,98,100,2
February 29 2024,Franklin,WA,Truck,11,0,11,20827,20838,0.05
August 31 2022,York,VA,Passenger,1,0,1,83,84,1.19
July 31 2021,Collier,FL,Passenger,1,0,1,20,21,4.76
April 30 2024,Atlantic,NJ,Passenger,1,0,1,10,11,9.09
July 31 2022,Lake,IN,Passenger,0,1,1,10,11,9.09
December 31 2020,Howard,IN,Passenger,0,1,1,3,4,25
December 31 2019,Kittitas,WA,Passenger,90,46,136,30046,30182,0.45
February 29 2024,Whitman,WA,Passenger,206,116,322,21936,22258,1.45
October 31 2023,Kauai,HI,Passenger,0,1,1,15,16,6.25
March 31 2021,Fresno,CA,Passenger,1,0,1,194,195,0.51
November 30 2021,Marion,IA,Passenger,1,0,1,1,2,50
March 31 2021,Howard,IN,Passenger,0,1,1,3,4,25
May 31 2024,Whitman,WA,Passenger,225,130,355,21794,22149,1.6
November 30 2019,Pacific,WA,Truck,0,0,0,7734,7734,0
July 31 2017,Benton,WA,Passenger,155,148,303,128650,128953,0.23
July 31 2017,Orange,FL,Passenger,1,1,2,131,133,1.5
October 31 2022,Frederick,MD,Passenger,1,0,1,60,61,1.64
December 31 2023,Washoe,NV,Passenger,2,0,2,48,50,4
November 30 2018,Beaufort,SC,Passenger,1,0,1,38,39,2.56
January 31 2024,Grant,WA,Passenger,381,163,544,67531,68075,0.8
December 31 2023,Yakima,WA,Passenger,649,300,949,166831,167780,0.57
March 31 2019,Klickitat,WA,Truck,0,0,0,8201,8201,0
December 31 2020,Grays Harbor,WA,Truck,0,0,0,21198,21198,0
March 31 2019,Calvert,MD,Passenger,0,1,1,87,88,1.14
May 31 2023,Santa Cruz,CA,Passenger,1,0,1,21,22,4.55
December 31 2018,New Haven,CT,Passenger,0,1,1,48,49,2.04
June 30 2022,Harford,MD,Passenger,1,1,2,52,54,3.7
October 31 2019,Ferry,WA,Truck,0,0,0,3576,3576,0
March 31 2022,Manassas,VA,Passenger,0,1,1,6,7,14.29
May 31 2021,Danville,VA,Passenger,1,0,1,0,1,100
March 31 2017,Charles,MD,Passenger,0,1,1,92,93,1.08
September 30 2019,Jones,GA,Passenger,1,0,1,1,2,50
March 31 2023,Pierce,WA,Truck,126,0,126,138007,138133,0.09
October 31 2018,Klickitat,WA,Passenger,24,32,56,15384,15440,0.36
May 31 2018,Douglas,WA,Passenger,44,31,75,27541,27616,0.27
May 31 2019,Solano,CA,Passenger,1,0,1,220,221,0.45
March 31 2021,Cowlitz,WA,Passenger,197,133,330,72133,72463,0.46
April 30 2023,Stevens,WA,Truck,1,0,1,18726,18727,0.01
July 31 2021,Sonoma,CA,Passenger,0,1,1,87,88,1.14
July 31 2019,Travis,TX,Passenger,4,1,5,217,222,2.25
December 31 2020,Harford,MD,Passenger,0,1,1,59,60,1.67
April 30 2022,Boone,MO,Passenger,0,1,1,10,11,9.09
March 31 2020,Twin Falls,ID,Passenger,0,1,1,31,32,3.12
July 31 2021,Missoula,MT,Passenger,1,0,1,62,63,1.59
January 31 2019,New Haven,CT,Passenger,0,1,1,48,49,2.04
March 31 2023,Maricopa,AZ,Passenger,15,5,20,841,861,2.32
August 31 2023,Contra Costa,CA,Passenger,1,2,3,166,169,1.78
September 30 2019,Skagit,WA,Truck,1,0,1,32507,32508,0
February 28 2018,Morris,NJ,Passenger,1,0,1,19,20,5
December 31 2023,Hamilton,OH,Passenger,1,0,1,27,28,3.57
December 31 2019,Snohomish,WA,Truck,0,0,0,123251,123251,0
March 31 2017,Kittitas,WA,Truck,0,0,0,13426,13426,0
February 28 2018,Whatcom,WA,Passenger,557,249,806,145537,146343,0.55
December 31 2022,Hillsborough,FL,Passenger,1,2,3,128,131,2.29
July 31 2024,Hardin,KY,Passenger,1,0,1,48,49,2.04
February 28 2022,Collier,FL,Passenger,1,0,1,18,19,5.26
March 31 2021,Cumberland,NC,Passenger,1,2,3,453,456,0.66
November 30 2021,Cumberland,NC,Passenger,2,4,6,418,424,1.42
August 31 2019,Grant,WA,Truck,0,0,0,26732,26732,0
December 31 2019,Harnett,NC,Passenger,1,1,2,213,215,0.93
December 31 2021,Yavapai,AZ,Passenger,0,1,1,40,41,2.44
September 30 2018,Sangamon,IL,Passenger,1,0,1,11,12,8.33
February 28 2017,Douglas,WA,Truck,0,0,0,11386,11386,0
September 30 2017,Benton,WA,Truck,0,0,0,40274,40274,0
December 31 2022,Thurston,WA,Truck,38,0,38,54569,54607,0.07
November 30 2018,Pend Oreille,WA,Truck,0,0,0,5746,5746,0
November 30 2017,Whitman,WA,Passenger,16,19,35,22386,22421,0.16
September 30 2017,Santa Clara,CA,Passenger,5,2,7,396,403,1.74
June 30 2019,Jefferson,CO,Passenger,0,2,2,55,57,3.51
March 31 2022,Shelby,OH,Passenger,0,1,1,4,5,20
December 31 2020,San Diego,CA,Passenger,14,2,16,2727,2743,0.58
February 28 2022,Island,WA,Passenger,744,349,1093,62166,63259,1.73
April 30 2023,Jefferson,NY,Passenger,2,0,2,196,198,1.01
August 31 2018,Pacific,WA,Truck,0,0,0,7620,7620,0
November 30 2019,Goochland,VA,Passenger,3,1,4,277,281,1.42
January 31 2018,St. Clair,IL,Passenger,0,1,1,161,162,0.62
May 31 2024,Norfolk,VA,Passenger,0,1,1,238,239,0.42
June 30 2019,Skagit,WA,Passenger,299,200,499,91926,92425,0.54
April 30 2018,Ferry,WA,Passenger,2,3,5,4414,4419,0.11
February 28 2022,Bexar,TX,Passenger,2,4,6,517,523,1.15
March 31 2021,Thurston,WA,Truck,0,0,0,56478,56478,0
June 30 2021,Williamson,TX,Passenger,0,2,2,124,126,1.59
July 31 2020,Douglas,NE,Passenger,0,1,1,56,57,1.75
May 31 2022,Saratoga,NY,Passenger,1,0,1,42,43,2.33
February 29 2020,Frederick,MD,Passenger,1,1,2,75,77,2.6
August 31 2019,Montgomery,AL,Passenger,1,1,2,43,45,4.44
November 30 2022,Kitsap,WA,Truck,27,0,27,52887,52914,0.05
April 30 2021,Whitman,WA,Passenger,59,44,103,21961,22064,0.47
April 30 2017,Maui,HI,Passenger,1,0,1,73,74,1.35
July 31 2020,Morris,NJ,Passenger,1,0,1,16,17,5.88
March 31 2018,Eagle,CO,Passenger,1,0,1,6,7,14.29
January 31 2022,Franklin,WA,Passenger,169,101,270,62099,62369,0.43
February 28 2021,Clackamas,OR,Passenger,3,0,3,184,187,1.6
February 29 2020,Yakima,WA,Truck,0,0,0,59613,59613,0
May 31 2023,San Juan,WA,Truck,12,0,12,5926,5938,0.2
June 30 2019,Cowlitz,WA,Truck,0,0,0,28859,28859,0
October 31 2018,Albemarle,VA,Passenger,1,0,1,27,28,3.57
April 30 2020,Suffolk,MA,Passenger,0,2,2,40,42,4.76
April 30 2018,Klamath,OR,Passenger,1,0,1,35,36,2.78
November 30 2021,Cowlitz,WA,Passenger,265,159,424,71723,72147,0.59
March 31 2022,Louisa,VA,Passenger,0,1,1,1,2,50
February 28 2023,Fairfax,VA,Truck,1,0,1,99,100,1
November 30 2020,Whatcom,WA,Passenger,1203,534,1737,149642,151379,1.15
October 31 2023,Pend Oreille,WA,Passenger,31,19,50,8831,8881,0.56
March 31 2023,Thurston,WA,Passenger,2825,1172,3997,190457,194454,2.06
November 30 2021,Kitsap,WA,Truck,0,0,0,54187,54187,0
November 30 2021,Calvert,MD,Passenger,0,2,2,88,90,2.22
January 31 2021,Pulaski,MO,Passenger,1,0,1,148,149,0.67
May 31 2019,Saginaw,MI,Passenger,1,0,1,11,12,8.33
August 31 2018,,,Passenger,2,2,4,427,431,0.93
February 28 2023,Honolulu,HI,Passenger,4,3,7,345,352,1.99
May 31 2019,Orange,CA,Passenger,6,1,7,547,554,1.26
August 31 2023,Fairfax,VA,Passenger,8,2,10,575,585,1.71
July 31 2020,Whitman,WA,Truck,0,0,0,8506,8506,0
February 28 2023,Lewis,WA,Passenger,292,191,483,59682,60165,0.8
December 31 2022,Salt Lake,UT,Passenger,2,1,3,141,144,2.08
March 31 2022,Riverside,CA,Passenger,7,1,8,517,525,1.52
February 29 2024,Moore,NC,Passenger,0,1,1,96,97,1.03
February 28 2018,Palm Beach,FL,Passenger,0,2,2,86,88,2.27
May 31 2020,Spartanburg,SC,Passenger,0,1,1,51,52,1.92
March 31 2022,Asotin,WA,Truck,0,0,0,6748,6748,0
January 31 2019,Mason,WA,Truck,0,0,0,20213,20213,0
November 30 2023,Honolulu,HI,Passenger,5,2,7,268,275,2.55
June 30 2021,DuPage,IL,Passenger,3,1,4,54,58,6.9
January 31 2019,Snohomish,WA,Truck,1,0,1,121983,121984,0
October 31 2020,Walla Walla,WA,Truck,0,0,0,13793,13793,0
October 31 2020,Garfield,WA,Passenger,0,1,1,1351,1352,0.07
August 31 2021,Montgomery,OH,Passenger,0,1,1,57,58,1.72
July 31 2017,Jackson,MO,Passenger,1,0,1,60,61,1.64
April 30 2020,Middlesex,MA,Passenger,1,0,1,97,98,1.02
December 31 2020,Thurston,WA,Passenger,1320,779,2099,197128,199227,1.05
April 30 2020,Walla Walla,WA,Passenger,69,63,132,35986,36118,0.37
February 28 2018,Franklin,WA,Passenger,32,51,83,56998,57081,0.15
April 30 2023,Cook,IL,Passenger,2,0,2,178,180,1.11
February 28 2022,Collin,TX,Passenger,4,0,4,116,120,3.33
August 31 2017,St. Clair,IL,Passenger,0,1,1,171,172,0.58
November 30 2022,Montgomery,MD,Passenger,4,2,6,204,210,2.86
August 31 2021,Fort Bend,TX,Passenger,1,0,1,35,36,2.78
March 31 2018,New Haven,CT,Passenger,0,1,1,52,53,1.89
March 31 2021,Dakota,MN,Passenger,0,1,1,27,28,3.57
November 30 2022,Wichita,TX,Passenger,1,0,1,41,42,2.38
May 31 2019,Marion,OR,Passenger,1,0,1,119,120,0.83
March 31 2022,Snohomish,WA,Truck,4,0,4,124745,124749,0
March 31 2020,Lincoln,WA,Passenger,2,12,14,7748,7762,0.18
April 30 2020,Yakima,WA,Passenger,129,115,244,165215,165459,0.15
August 31 2017,Okanogan,WA,Truck,0,0,0,16237,16237,0
May 31 2019,Yakima,WA,Passenger,94,104,198,164974,165172,0.12
May 31 2022,Santa Clara,CA,Passenger,14,1,15,265,280,5.36
August 31 2021,Nassau,NY,Passenger,3,0,3,35,38,7.89
October 31 2021,,,Passenger,5,2,7,332,339,2.06
April 30 2021,Owyhee,ID,Passenger,1,0,1,4,5,20
March 31 2022,Bartow,GA,Passenger,0,1,1,4,5,20
June 30 2018,Spokane,WA,Passenger,340,316,656,303039,303695,0.22
October 31 2020,Stevens,WA,Truck,0,0,0,18691,18691,0
April 30 2019,Island,WA,Truck,0,0,0,21238,21238,0
June 30 2024,Cowlitz,WA,Passenger,706,280,986,68538,69524,1.42
February 28 2018,El Paso,TX,Passenger,1,0,1,515,516,0.19
January 31 2019,San Juan,WA,Truck,0,0,0,5802,5802,0
December 31 2020,Clark,NV,Passenger,4,3,7,687,694,1.01
November 30 2019,Hawaii,HI,Passenger,1,0,1,61,62,1.61
July 31 2017,Flathead,MT,Passenger,1,0,1,62,63,1.59
October 31 2019,Clallam,WA,Passenger,194,150,344,50926,51270,0.67
August 31 2019,Whitman,WA,Truck,0,0,0,8628,8628,0
April 30 2020,Honolulu,HI,Passenger,4,2,6,484,490,1.22
December 31 2018,Nueces,TX,Passenger,1,1,2,93,95,2.11
April 30 2020,Dallas,TX,Passenger,1,0,1,219,220,0.45
May 31 2019,Prince George's,MD,Passenger,1,1,2,184,186,1.08
August 31 2020,Carson City,NV,Passenger,1,0,1,10,11,9.09
February 29 2024,Lane,OR,Passenger,0,1,1,59,60,1.67
July 31 2022,Philadelphia,PA,Passenger,1,0,1,46,47,2.13
June 30 2017,Manassas,VA,Passenger,0,1,1,9,10,10
September 30 2017,Franklin,MA,Passenger,0,1,1,5,6,16.67
April 30 2017,Sumter,FL,Passenger,0,1,1,11,12,8.33
December 31 2023,Benton,WA,Passenger,1395,652,2047,135587,137634,1.49
November 30 2017,Asotin,WA,Truck,0,0,0,6549,6549,0
October 31 2023,Prince George's,MD,Passenger,3,1,4,114,118,3.39
March 31 2021,Walla Walla,WA,Truck,0,0,0,13961,13961,0
October 31 2020,New Haven,CT,Passenger,0,2,2,33,35,5.71
June 30 2020,Henrico,VA,Passenger,0,1,1,19,20,5
January 31 2019,Fairfax,VA,Passenger,4,1,5,805,810,0.62
April 30 2018,Tulsa,OK,Passenger,0,1,1,53,54,1.85
December 31 2023,Providence,RI,Passenger,1,0,1,20,21,4.76
December 31 2022,Lee,FL,Passenger,1,0,1,33,34,2.94
November 30 2023,Marion,OR,Passenger,1,0,1,53,54,1.85
March 31 2024,Columbia,WA,Truck,0,0,0,1544,1544,0
November 30 2019,Jefferson,WA,Passenger,212,132,344,25173,25517,1.35
September 30 2022,St. Louis,MO,Passenger,2,0,2,62,64,3.12
August 31 2023,Sacramento,CA,Truck,1,0,1,31,32,3.12
April 30 2024,St. Louis,MO,Passenger,1,0,1,45,46,2.17
July 31 2018,Klickitat,WA,Truck,0,0,0,8120,8120,0
January 31 2017,Mason,WA,Passenger,48,58,106,42800,42906,0.25
March 31 2024,San Diego,CA,Truck,1,0,1,399,400,0.25
August 31 2020,Tulsa,OK,Passenger,1,1,2,53,55,3.64
August 31 2017,Northampton,PA,Passenger,0,1,1,96,97,1.03
November 30 2017,District of Columbia,DC,Passenger,0,3,3,203,206,1.46
December 31 2023,Allegheny,PA,Passenger,2,0,2,54,56,3.57
March 31 2020,Polk,FL,Passenger,1,0,1,80,81,1.23
October 31 2023,Stafford,VA,Passenger,3,0,3,74,77,3.9
December 31 2023,Dallas,TX,Passenger,1,0,1,75,76,1.32
September 30 2017,Lumpkin,GA,Passenger,1,0,1,9,10,10
July 31 2018,Nantucket,MA,Passenger,1,0,1,4,5,20
April 30 2017,Lewis,WA,Passenger,46,35,81,55192,55273,0.15
August 31 2019,Okanogan,WA,Passenger,25,26,51,26177,26228,0.19
October 31 2023,Fulton,GA,Passenger,1,1,2,55,57,3.51
November 30 2022,Garfield,WA,Passenger,1,3,4,1297,1301,0.31
October 31 2020,San Juan,WA,Truck,0,0,0,5861,5861,0
December 31 2022,Clark,WA,Truck,51,0,51,81809,81860,0.06
June 30 2019,Pinellas,FL,Passenger,1,0,1,119,120,0.83
May 31 2022,Suffolk,VA,Passenger,1,0,1,124,125,0.8
September 30 2020,Carroll,MD,Passenger,0,1,1,18,19,5.26
June 30 2022,Lee,FL,Passenger,1,0,1,36,37,2.7
February 28 2022,Columbia,OR,Passenger,1,0,1,26,27,3.7
February 29 2024,New Castle,DE,Passenger,1,0,1,16,17,5.88
January 31 2019,Skagit,WA,Truck,1,0,1,32310,32311,0
May 31 2019,Pend Oreille,WA,Passenger,4,5,9,9532,9541,0.09
November 30 2022,Yellowstone,MT,Passenger,0,1,1,18,19,5.26
October 31 2021,Cowlitz,WA,Truck,0,1,1,29049,29050,0
April 30 2018,Fulton,GA,Passenger,1,1,2,102,104,1.92
August 31 2018,Travis,TX,Passenger,1,1,2,208,210,0.95
May 31 2023,Ventura,CA,Passenger,3,3,6,236,242,2.48
June 30 2017,Orange,FL,Passenger,1,1,2,134,136,1.47
March 31 2019,Montgomery,PA,Passenger,2,0,2,37,39,5.13
February 28 2019,Camden,NJ,Passenger,0,1,1,27,28,3.57
March 31 2022,St. Lawrence,NY,Passenger,1,0,1,5,6,16.67
May 31 2018,New Haven,CT,Passenger,0,1,1,50,51,1.96
May 31 2024,Columbia,GA,Passenger,1,0,1,70,71,1.41
January 31 2022,Gwinnett,GA,Passenger,1,0,1,63,64,1.56
April 30 2022,Okaloosa,FL,Passenger,0,1,1,109,110,0.91
April 30 2022,Camden,NJ,Passenger,0,1,1,13,14,7.14
January 31 2022,Tom Green,TX,Passenger,0,1,1,24,25,4
April 30 2018,Cowlitz,WA,Passenger,55,73,128,71351,71479,0.18
March 31 2023,Skagit,WA,Truck,17,0,17,31994,32011,0.05
September 30 2021,Wahkiakum,WA,Passenger,16,8,24,3068,3092,0.78
February 29 2020,Denton,TX,Passenger,1,0,1,100,101,0.99
July 31 2020,Asotin,WA,Truck,0,0,0,6652,6652,0
February 28 2021,Hudson,NJ,Passenger,1,0,1,40,41,2.44
August 31 2023,New York,NY,Passenger,2,0,2,35,37,5.41
November 30 2021,Skagit,WA,Truck,1,0,1,32777,32778,0
February 28 2019,St. Mary's,MD,Passenger,1,0,1,204,205,0.49
October 31 2022,Kittitas,WA,Passenger,290,94,384,29550,29934,1.28
January 31 2020,Anne Arundel,MD,Passenger,1,1,2,427,429,0.47
December 31 2020,Grant,WA,Passenger,80,81,161,65901,66062,0.24
April 30 2024,Prince George's,MD,Passenger,3,1,4,104,108,3.7
May 31 2022,Jefferson,WA,Passenger,425,216,641,24584,25225,2.54
July 31 2017,Grant,WA,Truck,0,0,0,25267,25267,0
February 28 2018,Walla Walla,WA,Truck,0,0,0,13322,13322,0
January 31 2020,Maui,HI,Passenger,2,0,2,41,43,4.65
February 29 2020,Fulton,GA,Passenger,1,3,4,107,111,3.6
July 31 2024,San Diego,CA,Truck,1,0,1,363,364,0.27
August 31 2022,Charles,MD,Passenger,1,1,2,58,60,3.33
March 31 2019,San Mateo,CA,Passenger,2,1,3,133,136,2.21
January 31 2021,Washtenaw,MI,Passenger,1,1,2,33,35,5.71
March 31 2024,Loudoun,VA,Passenger,2,1,3,51,54,5.56
May 31 2021,Douglas,WA,Passenger,93,47,140,28511,28651,0.49
September 30 2017,Cumberland,NC,Passenger,1,0,1,579,580,0.17
February 29 2024,Thurston,WA,Passenger,4028,1450,5478,189270,194748,2.81
November 30 2020,Skagit,WA,Truck,1,0,1,32698,32699,0
April 30 2017,Klickitat,WA,Passenger,22,23,45,14771,14816,0.3
February 28 2021,Douglas,WA,Truck,0,0,0,12509,12509,0
November 30 2020,Palm Beach,FL,Passenger,1,2,3,81,84,3.57
June 30 2024,Calvert,MD,Passenger,1,1,2,67,69,2.9
April 30 2022,Rockdale,GA,Passenger,1,0,1,7,8,12.5
September 30 2021,Hanover,VA,Passenger,1,0,1,1,2,50
July 31 2020,Fairfax,VA,Passenger,5,2,7,742,749,0.93
April 30 2017,Island,WA,Passenger,108,129,237,59742,59979,0.4
June 30 2018,Santa Rosa,FL,Passenger,1,0,1,98,99,1.01
May 31 2017,Saratoga,NY,Passenger,1,1,2,72,74,2.7
April 30 2020,Sedgwick,KS,Passenger,1,1,2,96,98,2.04
April 30 2023,Deschutes,OR,Passenger,2,0,2,80,82,2.44
March 31 2018,San Mateo,CA,Passenger,1,1,2,136,138,1.45
June 30 2019,Kittitas,WA,Passenger,81,38,119,29607,29726,0.4
March 31 2022,Pacific,WA,Truck,0,0,0,8001,8001,0
May 31 2019,Harris,TX,Passenger,0,1,1,280,281,0.36
December 31 2022,Cowlitz,WA,Truck,4,0,4,28330,28334,0.01
March 31 2020,Spokane,WA,Truck,1,0,1,97421,97422,0
February 28 2018,Grays Harbor,WA,Passenger,42,44,86,45886,45972,0.19
December 31 2018,Walla Walla,WA,Passenger,41,52,93,36089,36182,0.26
March 31 2019,Middlesex,MA,Passenger,1,0,1,117,118,0.85
February 29 2024,Albemarle,VA,Passenger,2,0,2,13,15,13.33
May 31 2019,Wilson,TX,Passenger,0,1,1,7,8,12.5
January 31 2023,Adams,WA,Truck,1,0,1,5384,5385,0.02
October 31 2017,Whitman,WA,Passenger,12,20,32,22300,22332,0.14
April 30 2024,Okanogan,WA,Truck,13,0,13,16244,16257,0.08
November 30 2021,Mason,WA,Truck,0,0,0,21224,21224,0
June 30 2018,Maui,HI,Passenger,1,0,1,58,59,1.69
April 30 2022,Newport,RI,Passenger,0,1,1,78,79,1.27
June 30 2024,Lee,AL,Passenger,1,0,1,13,14,7.14
April 30 2022,Allen,IN,Passenger,1,0,1,19,20,5
November 30 2023,Orange,NC,Passenger,0,1,1,4,5,20
March 31 2020,Garfield,WA,Passenger,0,1,1,1348,1349,0.07
September 30 2023,Mason,WA,Passenger,499,215,714,46163,46877,1.52
September 30 2022,Columbia,WA,Truck,0,0,0,1573,1573,0
July 31 2020,Cowlitz,WA,Truck,0,0,0,28867,28867,0
February 28 2018,Columbia,WA,Passenger,2,1,3,2406,2409,0.12
May 31 2021,Montgomery,MD,Passenger,2,1,3,240,243,1.23
October 31 2017,Ramsey,MN,Passenger,1,0,1,43,44,2.27
June 30 2023,Yakima,WA,Truck,13,0,13,61079,61092,0.02
July 31 2023,Middlesex,MA,Passenger,2,0,2,82,84,2.38
March 31 2022,Kootenai,ID,Passenger,0,1,1,175,176,0.57
June 30 2021,Tom Green,TX,Passenger,0,1,1,22,23,4.35
April 30 2023,Howard,MD,Passenger,0,2,2,61,63,3.17
July 31 2021,Carson City,NV,Passenger,1,0,1,11,12,8.33
March 31 2021,Washtenaw,MI,Passenger,0,1,1,32,33,3.03
April 30 2022,Lexington,SC,Passenger,1,0,1,23,24,4.17
January 31 2024,Hudson,NJ,Passenger,2,0,2,15,17,11.76
July 31 2023,Botetourt,VA,Passenger,1,0,1,1,2,50
November 30 2018,Grant,WA,Truck,0,0,0,26154,26154,0
October 31 2021,Grays Harbor,WA,Truck,0,0,0,21389,21389,0
February 29 2020,Pinal,AZ,Passenger,1,0,1,203,204,0.49
January 31 2017,Columbia,WA,Passenger,0,1,1,2331,2332,0.04
November 30 2021,Pacific,WA,Passenger,51,64,115,16055,16170,0.71
June 30 2024,King,WA,Truck,1392,1,1393,168020,169413,0.82
April 30 2017,Ferry,WA,Passenger,2,1,3,4400,4403,0.07
June 30 2020,Fulton,GA,Passenger,1,3,4,105,109,3.67
May 31 2020,Manassas,VA,Passenger,0,1,1,5,6,16.67
August 31 2018,Carson City,NV,Passenger,1,0,1,14,15,6.67
February 28 2023,Eagle,CO,Passenger,1,0,1,6,7,14.29
December 31 2023,Spokane,WA,Truck,62,0,62,101623,101685,0.06
December 31 2021,Deschutes,OR,Passenger,2,0,2,120,122,1.64
December 31 2020,Nassau,NY,Passenger,4,0,4,34,38,10.53
January 31 2023,Allegheny,PA,Passenger,2,0,2,66,68,2.94
April 30 2019,Middlesex,MA,Passenger,1,0,1,116,117,0.85
July 31 2022,Okaloosa,FL,Passenger,0,1,1,106,107,0.93
August 31 2022,Owyhee,ID,Passenger,1,0,1,3,4,25
April 30 2018,Spokane,WA,Passenger,318,288,606,301832,302438,0.2
August 31 2017,Chelan,WA,Passenger,72,36,108,52308,52416,0.21
October 31 2019,Clackamas,OR,Passenger,2,1,3,219,222,1.35
February 29 2024,Whitman,WA,Truck,10,0,10,8645,8655,0.12
September 30 2019,Duval,FL,Passenger,1,2,3,373,376,0.8
October 31 2020,Arlington,VA,Passenger,0,2,2,150,152,1.32
May 31 2019,Kent,MI,Passenger,0,1,1,24,25,4
September 30 2018,Williamson,TX,Passenger,0,1,1,170,171,0.58
September 30 2022,Nassau,NY,Passenger,2,0,2,30,32,6.25
November 30 2021,Polk,FL,Passenger,1,0,1,70,71,1.41
June 30 2020,Okaloosa,FL,Passenger,0,1,1,147,148,0.68
January 31 2019,Mecklenburg,NC,Passenger,1,0,1,83,84,1.19
May 31 2024,Mobile,AL,Passenger,1,0,1,21,22,4.55
October 31 2023,Caddo,LA,Passenger,2,0,2,13,15,13.33
December 31 2021,Shelby,OH,Passenger,0,1,1,4,5,20
June 30 2020,King,WA,Passenger,24108,7710,31818,1370172,1401990,2.27
April 30 2024,King,WA,Passenger,76386,18670,95056,1307044,1402100,6.78
September 30 2021,Sacramento,CA,Passenger,2,1,3,253,256,1.17
October 31 2017,Richland,SC,Passenger,0,1,1,186,187,0.53
May 31 2024,Garfield,WA,Truck,0,0,0,999,999,0
October 31 2020,St. Louis,MO,Passenger,1,0,1,102,103,0.97
April 30 2024,El Paso,CO,Truck,1,0,1,118,119,0.84
May 31 2017,Northampton,PA,Passenger,1,0,1,167,168,0.6
February 28 2022,DeKalb,GA,Passenger,1,0,1,60,61,1.64
September 30 2021,Marion,IA,Passenger,1,0,1,1,2,50
April 30 2020,Goochland,VA,Passenger,2,1,3,274,277,1.08
May 31 2023,Champaign,IL,Passenger,1,0,1,10,11,9.09
October 31 2019,Shasta,CA,Passenger,1,0,1,42,43,2.33
April 30 2023,Orange,CA,Passenger,11,3,14,352,366,3.83
March 31 2019,Snohomish,WA,Passenger,3194,1519,4713,527816,532529,0.89
April 30 2024,Franklin,WA,Passenger,428,177,605,62163,62768,0.96
October 31 2021,Alameda,CA,Passenger,5,0,5,232,237,2.11
February 28 2021,Riverside,CA,Passenger,4,1,5,609,614,0.81
March 31 2024,Meade,KY,Passenger,1,0,1,16,17,5.88
April 30 2018,Lee,FL,Passenger,1,0,1,57,58,1.72
April 30 2023,Geary,KS,Passenger,1,0,1,73,74,1.35
January 31 2021,Lee,FL,Passenger,1,0,1,44,45,2.22
August 31 2021,Douglas,WA,Passenger,104,51,155,28568,28723,0.54
July 31 2021,Duval,FL,Passenger,0,2,2,351,353,0.57
November 30 2021,Columbia,WA,Passenger,6,2,8,2454,2462,0.32
May 31 2017,Jefferson,WA,Truck,0,0,0,9437,9437,0
September 30 2022,Pacific,WA,Truck,0,0,0,7854,7854,0
January 31 2018,Cumberland,NC,Passenger,1,0,1,566,567,0.18
February 28 2019,Skamania,WA,Passenger,20,15,35,8707,8742,0.4
November 30 2022,Hamilton,OH,Passenger,1,0,1,37,38,2.63
September 30 2019,Washtenaw,MI,Passenger,1,0,1,42,43,2.33
June 30 2021,Albemarle,VA,Passenger,2,0,2,21,23,8.7
July 31 2024,DeKalb,GA,Truck,1,0,1,0,1,100
April 30 2023,Rockingham,NH,Passenger,1,0,1,13,14,7.14
October 31 2020,Alameda,CA,Passenger,2,0,2,272,274,0.73
September 30 2022,Clark,WA,Truck,19,0,19,82211,82230,0.02
December 31 2020,Hennepin,MN,Passenger,2,0,2,89,91,2.2
May 31 2017,Jefferson,NY,Passenger,1,1,2,252,254,0.79
January 31 2021,San Diego,CA,Passenger,14,3,17,2705,2722,0.62
March 31 2022,St. Clair,IL,Passenger,1,0,1,133,134,0.75
June 30 2017,District of Columbia,DC,Passenger,0,3,3,215,218,1.38
November 30 2017,Nassau,NY,Passenger,1,1,2,41,43,4.65
December 31 2023,DeKalb,GA,Passenger,2,0,2,35,37,5.41
August 31 2022,Marion,IA,Passenger,1,0,1,0,1,100
April 30 2023,King,WA,Truck,635,2,637,176044,176681,0.36
May 31 2020,Lincoln,WA,Truck,0,0,0,4613,4613,0
September 30 2022,Sacramento,CA,Passenger,2,1,3,225,228,1.32
March 31 2020,Franklin,WA,Passenger,58,76,134,60994,61128,0.22
July 31 2022,Asotin,WA,Truck,0,0,0,6676,6676,0
September 30 2019,Sedgwick,KS,Passenger,1,1,2,101,103,1.94
December 31 2017,Sacramento,CA,Passenger,1,1,2,326,328,0.61
February 28 2017,Utah,UT,Passenger,0,1,1,177,178,0.56
December 31 2022,Douglas,CO,Passenger,0,1,1,73,74,1.35
July 31 2023,Kern,CA,Passenger,1,1,2,180,182,1.1
July 31 2023,Kent,DE,Passenger,1,0,1,42,43,2.33
February 28 2023,Virginia Beach,VA,Truck,1,0,1,114,115,0.87
December 31 2018,Williamson,TX,Passenger,0,1,1,158,159,0.63
July 31 2019,Sumter,FL,Passenger,0,1,1,11,12,8.33
January 31 2020,Jefferson,CO,Passenger,0,2,2,55,57,3.51
June 30 2022,Chesapeake,VA,Passenger,2,1,3,369,372,0.81
December 31 2019,Walla Walla,WA,Passenger,63,60,123,36292,36415,0.34
August 31 2018,Flathead,MT,Passenger,1,0,1,59,60,1.67
August 31 2017,San Juan,WA,Truck,0,0,0,5549,5549,0
April 30 2019,Portsmouth,VA,Passenger,0,1,1,74,75,1.33
December 31 2017,Deschutes,OR,Passenger,1,0,1,187,188,0.53
October 31 2017,Missoula,MT,Passenger,1,0,1,69,70,1.43
July 31 2023,Camden,NJ,Passenger,0,1,1,13,14,7.14
February 28 2023,Boulder,CO,Passenger,2,0,2,43,45,4.44
June 30 2017,Maui,HI,Passenger,1,0,1,70,71,1.41
January 31 2023,Walla Walla,WA,Truck,3,0,3,13865,13868,0.02
May 31 2021,Jones,GA,Passenger,1,0,1,1,2,50
December 31 2019,Jones,GA,Passenger,1,0,1,1,2,50
May 31 2020,Cascade,MT,Passenger,0,1,1,60,61,1.64
June 30 2021,DeKalb,GA,Passenger,1,0,1,63,64,1.56
October 31 2021,Leavenworth,KS,Passenger,0,1,1,106,107,0.93
March 31 2022,Ulster,NY,Passenger,1,0,1,14,15,6.67
August 31 2023,Collier,FL,Passenger,1,0,1,12,13,7.69
December 31 2018,Snohomish,WA,Passenger,2914,1437,4351,527081,531432,0.82
January 31 2019,Whitman,WA,Passenger,24,40,64,22837,22901,0.28
April 30 2024,Whatcom,WA,Passenger,3203,1154,4357,146663,151020,2.89
May 31 2018,Pima,AZ,Passenger,1,1,2,439,441,0.45
September 30 2021,Virginia Beach,VA,Passenger,2,0,2,603,605,0.33
February 28 2017,Klickitat,WA,Truck,0,0,0,7931,7931,0
January 31 2017,Chelan,WA,Truck,0,0,0,21257,21257,0
January 31 2019,Pend Oreille,WA,Truck,0,0,0,5745,5745,0
June 30 2018,Lee,AL,Passenger,1,0,1,36,37,2.7
May 31 2018,El Paso,TX,Passenger,1,0,1,516,517,0.19
May 31 2021,Tulsa,OK,Passenger,1,0,1,48,49,2.04
March 31 2022,Adams,CO,Passenger,1,0,1,42,43,2.33
February 28 2021,Hamilton,IN,Passenger,2,0,2,40,42,4.76
December 31 2023,Tooele,UT,Passenger,2,0,2,10,12,16.67
November 30 2023,Hawaii,HI,Passenger,1,0,1,29,30,3.33
November 30 2019,San Francisco,CA,Passenger,2,1,3,105,108,2.78
May 31 2020,San Juan,WA,Passenger,298,91,389,14053,14442,2.69
November 30 2020,Fairbanks North Star,AK,Passenger,0,1,1,97,98,1.02
July 31 2021,Maricopa,AZ,Passenger,9,6,15,1293,1308,1.15
December 31 2020,Wichita,TX,Passenger,1,0,1,44,45,2.22
July 31 2020,Harnett,NC,Passenger,1,0,1,203,204,0.49
July 31 2023,Hamilton,OH,Passenger,1,0,1,34,35,2.86
November 30 2019,Sumter,FL,Passenger,0,1,1,10,11,9.09
September 30 2023,Thurston,WA,Passenger,3454,1303,4757,189781,194538,2.45
March 31 2022,York,VA,Passenger,1,0,1,94,95,1.05
October 31 2018,Lincoln,WA,Passenger,2,6,8,7738,7746,0.1
May 31 2023,Harris,TX,Passenger,1,1,2,163,165,1.21
January 31 2017,Jefferson,WA,Truck,0,0,0,9467,9467,0
January 31 2024,Asotin,WA,Truck,0,0,0,6584,6584,0
June 30 2021,Pend Oreille,WA,Truck,0,0,0,5745,5745,0
February 28 2017,Lincoln,WA,Truck,0,0,0,4464,4464,0
October 31 2022,Washoe,NV,Passenger,1,0,1,64,65,1.54
January 31 2021,Maui,HI,Passenger,2,0,2,30,32,6.25
December 31 2022,Middlesex,NJ,Passenger,1,0,1,20,21,4.76
July 31 2020,Los Angeles,CA,Passenger,6,12,18,1043,1061,1.7
June 30 2021,Wahkiakum,WA,Passenger,15,8,23,3107,3130,0.73
November 30 2021,Essex,NJ,Passenger,2,0,2,14,16,12.5
August 31 2022,San Bernardino,CA,Passenger,2,1,3,351,354,0.85
August 31 2021,Grays Harbor,WA,Truck,0,0,0,21389,21389,0
April 30 2022,Asotin,WA,Truck,0,0,0,6740,6740,0
February 28 2019,Douglas,NE,Passenger,0,1,1,67,68,1.47
July 31 2018,Monterey,CA,Passenger,0,1,1,188,189,0.53
October 31 2022,Multnomah,OR,Passenger,2,3,5,530,535,0.93
February 28 2018,Snohomish,WA,Truck,1,0,1,121327,121328,0
June 30 2020,Denver,CO,Passenger,1,0,1,119,120,0.83
August 31 2023,Mobile,AL,Passenger,1,0,1,28,29,3.45
January 31 2022,Vigo,IN,Passenger,1,0,1,5,6,16.67
September 30 2023,Washtenaw,MI,Passenger,0,2,2,20,22,9.09
April 30 2022,Rogers,OK,Passenger,1,0,1,7,8,12.5
August 31 2022,Spokane,WA,Truck,10,0,10,101848,101858,0.01
September 30 2017,Pend Oreille,WA,Truck,0,0,0,5553,5553,0
July 31 2023,Stevens,WA,Passenger,117,68,185,29565,29750,0.62
October 31 2019,Harnett,NC,Passenger,1,1,2,218,220,0.91
January 31 2022,DeKalb,GA,Passenger,1,0,1,63,64,1.56
July 31 2021,Champaign,IL,Passenger,1,0,1,10,11,9.09
April 30 2023,Eau Claire,WI,Passenger,1,0,1,1,2,50
December 31 2017,St. Lucie,FL,Passenger,1,0,1,25,26,3.85
October 31 2023,Carroll,MD,Passenger,0,1,1,17,18,5.56
August 31 2018,Columbia,WA,Truck,0,0,0,1535,1535,0
January 31 2021,Orange,FL,Passenger,1,0,1,120,121,0.83
July 31 2023,El Paso,CO,Passenger,4,2,6,515,521,1.15
April 30 2018,Clay,FL,Passenger,0,1,1,100,101,0.99
July 31 2022,Skagit,WA,Passenger,813,345,1158,89707,90865,1.27
July 31 2019,Clark,NV,Passenger,5,3,8,713,721,1.11
May 31 2022,Broward,FL,Passenger,2,0,2,89,91,2.2
March 31 2024,Allegheny,PA,Passenger,2,0,2,50,52,3.85
March 31 2024,Riverside,CA,Passenger,5,0,5,343,348,1.44
October 31 2020,Carson City,NV,Passenger,1,0,1,11,12,8.33
April 30 2023,Leavenworth,KS,Passenger,0,1,1,89,90,1.11
December 31 2021,Alexandria,VA,Passenger,3,0,3,121,124,2.42
October 31 2021,Walla Walla,WA,Truck,0,0,0,14046,14046,0
October 31 2023,Kittitas,WA,Passenger,431,114,545,29365,29910,1.82
July 31 2022,Pend Oreille,WA,Truck,0,0,0,5641,5641,0
October 31 2019,,,Passenger,7,2,9,418,427,2.11
September 30 2017,Kittitas,WA,Truck,0,0,0,13660,13660,0
June 30 2020,Kittitas,WA,Truck,0,0,0,14591,14591,0
October 31 2020,Jefferson,WA,Truck,0,0,0,9571,9571,0
May 31 2018,Carroll,NH,Passenger,0,1,1,1,2,50
September 30 2019,DeKalb,GA,Passenger,1,0,1,85,86,1.16
January 31 2023,Napa,CA,Passenger,0,1,1,13,14,7.14
July 31 2021,Grays Harbor,WA,Passenger,176,146,322,49486,49808,0.65
June 30 2018,Travis,TX,Passenger,1,1,2,201,203,0.99
January 31 2020,Jefferson,WA,Passenger,224,139,363,25202,25565,1.42
October 31 2018,Lewis,WA,Passenger,88,72,160,58037,58197,0.27
November 30 2017,Sacramento,CA,Passenger,1,1,2,331,333,0.6
March 31 2020,Columbia,WA,Passenger,3,3,6,2416,2422,0.25
January 31 2019,Skagit,WA,Passenger,271,186,457,91345,91802,0.5
October 31 2023,St. Louis,MO,Passenger,1,0,1,53,54,1.85
July 31 2017,Portsmouth,VA,Passenger,0,1,1,64,65,1.54
August 31 2017,Jackson,MO,Passenger,1,0,1,60,61,1.64
March 31 2017,Arlington,VA,Passenger,1,1,2,173,175,1.14
July 31 2022,Palm Beach,FL,Passenger,1,1,2,60,62,3.23
May 31 2023,Williamsburg,VA,Passenger,0,1,1,5,6,16.67
February 29 2024,Newport News,VA,Passenger,1,0,1,96,97,1.03
November 30 2021,Saginaw,MI,Passenger,1,0,1,7,8,12.5
July 31 2018,Spokane,WA,Passenger,347,320,667,303920,304587,0.22
November 30 2022,Clallam,WA,Truck,8,0,8,21861,21869,0.04
August 31 2022,Snohomish,WA,Truck,45,0,45,123087,123132,0.04
April 30 2023,El Paso,TX,Passenger,4,1,5,311,316,1.58
January 31 2021,Maricopa,AZ,Passenger,6,8,14,1435,1449,0.97
June 30 2018,San Juan,WA,Truck,0,0,0,5711,5711,0
January 31 2020,Middlesex,MA,Passenger,1,0,1,105,106,0.94
April 30 2018,Madison,ID,Passenger,1,0,1,36,37,2.7
February 28 2019,Albemarle,VA,Passenger,1,0,1,25,26,3.85
September 30 2022,Mercer,NJ,Passenger,0,1,1,12,13,7.69
August 31 2023,San Bernardino,CA,Passenger,3,1,4,310,314,1.27
June 30 2022,Clackamas,OR,Passenger,2,0,2,160,162,1.23
February 28 2019,Mason,WA,Truck,0,0,0,20218,20218,0
September 30 2017,New Haven,CT,Passenger,0,1,1,55,56,1.79
December 31 2020,Fort Bend,TX,Passenger,1,0,1,40,41,2.44
December 31 2019,Cochise,AZ,Passenger,0,1,1,105,106,0.94
October 31 2023,Marion,IA,Passenger,1,0,1,0,1,100
July 31 2021,Ferry,WA,Truck,0,0,0,3648,3648,0
September 30 2018,San Francisco,CA,Passenger,1,1,2,121,123,1.63
October 31 2019,Columbia,WA,Truck,0,0,0,1533,1533,0
April 30 2017,Dallas,TX,Passenger,0,1,1,200,201,0.5
February 28 2022,Allegheny,PA,Passenger,2,1,3,69,72,4.17
January 31 2022,Fairbanks North Star,AK,Passenger,0,1,1,81,82,1.22
April 30 2021,El Paso,TX,Passenger,3,0,3,396,399,0.75
August 31 2023,Charles,MD,Passenger,1,1,2,53,55,3.64
October 31 2023,Alameda,CA,Passenger,5,2,7,163,170,4.12
September 30 2022,Rock Island,IL,Passenger,0,1,1,14,15,6.67
April 30 2021,Albemarle,VA,Passenger,1,0,1,21,22,4.55
August 31 2018,Mercer,NJ,Passenger,0,1,1,18,19,5.26
November 30 2022,Marin,CA,Passenger,1,1,2,34,36,5.56
March 31 2021,Penobscot,ME,Passenger,0,1,1,9,10,10
October 31 2019,Klickitat,WA,Truck,0,0,0,8306,8306,0
October 31 2018,Clark,WA,Truck,0,0,0,79554,79554,0
August 31 2019,Putnam,TN,Passenger,0,1,1,3,4,25
January 31 2021,Ray,MO,Passenger,0,1,1,1,2,50
February 28 2022,Providence,RI,Passenger,1,0,1,24,25,4
October 31 2020,Pend Oreille,WA,Truck,0,0,0,5716,5716,0
August 31 2019,Grays Harbor,WA,Passenger,88,85,173,48101,48274,0.36
July 31 2018,Columbia,WA,Passenger,2,2,4,2418,2422,0.17
September 30 2019,Wahkiakum,WA,Truck,0,0,0,1759,1759,0
July 31 2018,Clark,WA,Truck,0,0,0,79218,79218,0
May 31 2019,Jefferson,CO,Passenger,0,2,2,56,58,3.45
September 30 2023,District of Columbia,DC,Passenger,2,0,2,135,137,1.46
May 31 2024,Leavenworth,KS,Passenger,1,1,2,66,68,2.94
July 31 2019,Rogers,OK,Passenger,1,0,1,7,8,12.5
October 31 2018,King,WA,Passenger,15033,6219,21252,1375766,1397018,1.52
January 31 2023,Asotin,WA,Truck,0,0,0,6664,6664,0
April 30 2020,Adams,WA,Passenger,7,7,14,12747,12761,0.11
June 30 2023,Prince George's,MD,Passenger,3,1,4,120,124,3.23
February 28 2023,Columbia,WA,Passenger,8,1,9,2417,2426,0.37
November 30 2020,Contra Costa,CA,Passenger,4,3,7,281,288,2.43
October 31 2023,Santa Cruz,CA,Passenger,1,0,1,21,22,4.55
June 30 2024,Santa Cruz,CA,Passenger,1,0,1,15,16,6.25
February 29 2020,Alexandria,VA,Passenger,1,0,1,143,144,0.69
April 30 2021,Pend Oreille,WA,Passenger,14,5,19,9294,9313,0.2
February 28 2018,Whitman,WA,Passenger,18,21,39,22529,22568,0.17
August 31 2018,Stevens,WA,Truck,0,0,0,18668,18668,0
May 31 2020,Clark,NV,Passenger,4,3,7,711,718,0.97
March 31 2020,Stevens,WA,Passenger,34,33,67,31245,31312,0.21
May 31 2019,Denver,CO,Passenger,1,0,1,137,138,0.72
February 29 2020,Manassas,VA,Passenger,0,1,1,6,7,14.29
June 30 2023,Virginia Beach,VA,Truck,1,0,1,110,111,0.9
April 30 2023,Lexington,SC,Passenger,1,0,1,23,24,4.17
September 30 2023,DuPage,IL,Passenger,2,1,3,31,34,8.82
February 28 2023,Hamilton,OH,Truck,1,0,1,4,5,20
October 31 2021,Hanover,VA,Passenger,1,0,1,1,2,50
July 31 2019,Walla Walla,WA,Truck,0,0,0,13614,13614,0
September 30 2020,Spartanburg,SC,Passenger,0,1,1,53,54,1.85
December 31 2018,Cowlitz,WA,Passenger,72,94,166,72425,72591,0.23
September 30 2019,Walla Walla,WA,Passenger,59,63,122,36241,36363,0.34
December 31 2020,Duval,FL,Passenger,0,2,2,367,369,0.54
June 30 2017,Douglas,WA,Passenger,34,26,60,26713,26773,0.22
May 31 2023,DeKalb,GA,Passenger,2,0,2,46,48,4.17
November 30 2020,El Dorado,CA,Passenger,1,0,1,37,38,2.63
June 30 2023,Boulder,CO,Passenger,2,0,2,37,39,5.13
June 30 2023,San Juan,WA,Passenger,616,178,794,13808,14602,5.44
July 31 2018,Carson City,NV,Passenger,1,0,1,14,15,6.67
April 30 2023,Kittitas,WA,Passenger,328,96,424,29443,29867,1.42
June 30 2017,Chelan,WA,Passenger,67,37,104,52047,52151,0.2
June 30 2017,Moore,NC,Passenger,0,1,1,194,195,0.51
January 31 2021,Harrison,MS,Passenger,2,0,2,53,55,3.64
September 30 2022,Wood,OH,Passenger,0,1,1,5,6,16.67
March 31 2019,Lee,FL,Passenger,1,0,1,51,52,1.92
October 31 2021,Champaign,IL,Passenger,1,0,1,10,11,9.09
November 30 2022,Island,WA,Passenger,916,392,1308,61209,62517,2.09
June 30 2018,Clark,WA,Passenger,1009,719,1728,307912,309640,0.56
November 30 2019,Pacific,WA,Passenger,29,30,59,16107,16166,0.36
May 31 2024,Asotin,WA,Passenger,50,25,75,12235,12310,0.61
June 30 2018,Contra Costa,CA,Passenger,0,1,1,444,445,0.22
May 31 2024,Hamilton,OH,Passenger,2,0,2,24,26,7.69
April 30 2022,Rockingham,NH,Passenger,1,0,1,18,19,5.26
June 30 2019,Montgomery,MD,Passenger,1,0,1,285,286,0.35
June 30 2020,Boone,MO,Passenger,0,1,1,10,11,9.09
March 31 2023,Nueces,TX,Passenger,0,1,1,54,55,1.82
May 31 2024,Bay,FL,Passenger,1,0,1,18,19,5.26
March 31 2023,Sumter,SC,Passenger,0,1,1,36,37,2.7
April 30 2023,Okaloosa,FL,Passenger,0,1,1,99,100,1
October 31 2021,Fresno,CA,Passenger,1,0,1,187,188,0.53
July 31 2018,Clackamas,OR,Passenger,0,1,1,221,222,0.45
May 31 2023,Cumberland,NC,Passenger,2,4,6,330,336,1.79
May 31 2017,Grays Harbor,WA,Truck,0,0,0,19894,19894,0
September 30 2022,King,WA,Truck,241,2,243,179459,179702,0.14
March 31 2021,Harford,MD,Passenger,0,1,1,59,60,1.67
January 31 2024,Berkeley,SC,Passenger,2,1,3,88,91,3.3
November 30 2022,Isle of Wight,VA,Passenger,0,1,1,18,19,5.26
February 29 2024,San Mateo,CA,Passenger,2,0,2,56,58,3.45
July 31 2022,Lee,FL,Passenger,1,0,1,35,36,2.78
April 30 2017,Los Angeles,CA,Passenger,2,1,3,1372,1375,0.22
October 31 2020,Bexar,TX,Passenger,3,5,8,608,616,1.3
March 31 2020,Clackamas,OR,Passenger,2,1,3,216,219,1.37
December 31 2020,Douglas,WA,Truck,0,0,0,12486,12486,0
March 31 2022,Hennepin,MN,Passenger,3,0,3,70,73,4.11
June 30 2019,Saratoga,NY,Passenger,1,0,1,51,52,1.92
May 31 2020,Hamilton,IN,Passenger,1,0,1,42,43,2.33
February 29 2024,Tooele,UT,Passenger,2,0,2,9,11,18.18
January 31 2023,Rockdale,GA,Passenger,1,0,1,7,8,12.5
February 28 2018,Yakima,WA,Truck,0,0,0,58114,58114,0
October 31 2018,Lewis,WA,Truck,0,0,0,25613,25613,0
February 28 2023,Columbia,WA,Truck,0,0,0,1570,1570,0
April 30 2020,Adams,WA,Truck,0,0,0,5204,5204,0
February 29 2024,Portsmouth,VA,Passenger,0,2,2,57,59,3.39
July 31 2019,Moore,NC,Passenger,0,1,1,179,180,0.56
October 31 2019,Washoe,NV,Passenger,2,0,2,114,116,1.72
June 30 2020,Stafford,VA,Passenger,1,1,2,99,101,1.98
August 31 2023,Kootenai,ID,Truck,1,0,1,27,28,3.57
September 30 2020,Oldham,KY,Passenger,0,1,1,4,5,20
March 31 2020,Santa Cruz,CA,Passenger,1,0,1,40,41,2.44
September 30 2020,Garfield,WA,Passenger,0,1,1,1347,1348,0.07
July 31 2022,Loudoun,VA,Passenger,2,1,3,67,70,4.29
June 30 2020,Clark,WA,Truck,0,0,0,82190,82190,0
October 31 2017,Honolulu,HI,Passenger,2,2,4,573,577,0.69
December 31 2022,Columbia,WA,Truck,0,0,0,1580,1580,0
December 31 2017,Duval,FL,Passenger,1,2,3,368,371,0.81
August 31 2023,Virginia Beach,VA,Passenger,5,2,7,443,450,1.56
July 31 2022,Autauga,AL,Passenger,1,0,1,13,14,7.14
April 30 2021,Bexar,TX,Passenger,3,5,8,579,587,1.36
November 30 2022,Multnomah,OR,Passenger,2,2,4,512,516,0.78
August 31 2017,Fairfax,VA,Passenger,3,1,4,834,838,0.48
June 30 2019,Montgomery,AL,Passenger,1,1,2,45,47,4.26
December 31 2020,Vigo,IN,Passenger,1,0,1,6,7,14.29
March 31 2019,New Haven,CT,Passenger,0,2,2,49,51,3.92
December 31 2022,Lexington,SC,Passenger,1,0,1,23,24,4.17
April 30 2020,Montgomery,AL,Passenger,1,1,2,39,41,4.88
February 28 2017,San Juan,WA,Passenger,88,31,119,13401,13520,0.88
May 31 2019,Mercer,NJ,Passenger,0,1,1,16,17,5.88
February 28 2017,Oklahoma,OK,Passenger,0,1,1,194,195,0.51
June 30 2017,Collier,FL,Passenger,1,0,1,23,24,4.17
September 30 2023,Larimer,CO,Passenger,1,0,1,23,24,4.17
September 30 2018,Cumberland,NC,Passenger,1,1,2,542,544,0.37
June 30 2019,Santa Clara,CA,Passenger,5,2,7,375,382,1.83
March 31 2024,Pitt,NC,Passenger,0,1,1,6,7,14.29
May 31 2022,Providence,RI,Passenger,1,0,1,23,24,4.17
August 31 2017,Snohomish,WA,Passenger,1847,941,2788,513634,516422,0.54
February 28 2023,Clallam,WA,Passenger,505,272,777,49279,50056,1.55
August 31 2017,Wahkiakum,WA,Passenger,0,2,2,2834,2836,0.07
December 31 2023,Middlesex,NJ,Passenger,1,0,1,18,19,5.26
January 31 2021,Bexar,TX,Passenger,2,5,7,598,605,1.16
June 30 2018,Flathead,MT,Passenger,1,0,1,56,57,1.75
May 31 2018,Lake,CA,Passenger,0,1,1,8,9,11.11
June 30 2023,Coryell,TX,Passenger,1,0,1,79,80,1.25
April 30 2019,Mason,WA,Truck,0,0,0,20317,20317,0
March 31 2023,Lincoln,WA,Truck,0,0,0,4838,4838,0
May 31 2019,Klamath,OR,Passenger,1,0,1,40,41,2.44
December 31 2018,Larimer,CO,Passenger,1,0,1,59,60,1.67
August 31 2019,Fairbanks North Star,AK,Passenger,0,1,1,98,99,1.01
July 31 2020,Harrison,MS,Passenger,1,0,1,53,54,1.85
February 29 2024,Kauai,HI,Passenger,0,1,1,14,15,6.67
December 31 2023,Charlottesville,VA,Passenger,0,1,1,2,3,33.33
June 30 2024,Chelan,WA,Passenger,866,248,1114,53572,54686,2.04
April 30 2021,Pinellas,FL,Passenger,1,1,2,102,104,1.92
August 31 2019,Guadalupe,TX,Passenger,1,0,1,75,76,1.32
September 30 2021,Douglas,CO,Passenger,0,1,1,88,89,1.12
November 30 2019,District of Columbia,DC,Passenger,1,1,2,199,201,1
March 31 2020,Grant,WA,Truck,0,0,0,27046,27046,0
August 31 2021,District of Columbia,DC,Passenger,4,1,5,180,185,2.7
March 31 2017,Palm Beach,FL,Passenger,0,1,1,102,103,0.97
October 31 2022,Allen,IN,Passenger,1,0,1,19,20,5
March 31 2023,Sarpy,NE,Passenger,1,0,1,61,62,1.61
October 31 2019,Wilson,TX,Passenger,0,1,1,8,9,11.11
December 31 2020,Carroll,NH,Passenger,0,1,1,4,5,20
March 31 2018,Lewis,WA,Truck,0,0,0,25258,25258,0
March 31 2021,Fairfax,VA,Passenger,5,3,8,718,726,1.1
May 31 2019,Washoe,NV,Passenger,2,0,2,114,116,1.72
January 31 2019,Hawaii,HI,Passenger,1,0,1,65,66,1.52
June 30 2022,Kauai,HI,Passenger,1,0,1,17,18,5.56
November 30 2019,Lake,FL,Passenger,1,0,1,24,25,4
September 30 2020,Walla Walla,WA,Passenger,86,62,148,35926,36074,0.41
February 29 2024,Placer,CA,Passenger,1,0,1,60,61,1.64
October 31 2023,Montgomery,MD,Passenger,6,2,8,185,193,4.15
January 31 2021,Hennepin,MN,Passenger,2,0,2,86,88,2.27
June 30 2020,Solano,CA,Passenger,1,0,1,216,217,0.46
May 31 2018,Howard,MD,Passenger,0,1,1,91,92,1.09
December 31 2017,Santa Rosa,FL,Passenger,1,0,1,105,106,0.94
March 31 2019,Howard,MD,Passenger,0,1,1,85,86,1.16
January 31 2024,San Mateo,CA,Passenger,2,0,2,55,57,3.51
January 31 2024,Prince George's,MD,Passenger,3,1,4,106,110,3.64
September 30 2022,Clallam,WA,Passenger,443,249,692,49429,50121,1.38
February 28 2021,Maricopa,AZ,Passenger,6,8,14,1413,1427,0.98
September 30 2018,Pacific,WA,Truck,0,0,0,7627,7627,0
April 30 2020,RÃ­o Grande,PR,Passenger,1,0,1,1,2,50
April 30 2023,Alexandria,VA,Passenger,3,0,3,103,106,2.83
September 30 2020,Dakota,MN,Passenger,0,1,1,31,32,3.12
June 30 2021,Okaloosa,FL,Passenger,0,1,1,125,126,0.79
December 31 2020,Washtenaw,MI,Passenger,1,1,2,33,35,5.71
March 31 2022,Mercer,NJ,Passenger,0,1,1,11,12,8.33
April 30 2021,Botetourt,VA,Passenger,1,0,1,1,2,50
December 31 2019,Franklin,WA,Passenger,54,75,129,60958,61087,0.21
April 30 2024,Columbia,WA,Passenger,10,0,10,2389,2399,0.42
July 31 2022,Sonoma,CA,Passenger,0,1,1,89,90,1.11
September 30 2019,Prince George's,MD,Passenger,1,1,2,179,181,1.1
November 30 2019,Norfolk,MA,Passenger,1,0,1,39,40,2.5
November 30 2021,Yakima,WA,Passenger,272,167,439,168546,168985,0.26
July 31 2023,Okanogan,WA,Passenger,127,65,192,26080,26272,0.73
April 30 2021,Pima,AZ,Passenger,2,1,3,327,330,0.91
March 31 2017,Cowlitz,WA,Truck,0,0,0,27902,27902,0
December 31 2019,Monterey,CA,Passenger,0,1,1,191,192,0.52
May 31 2018,Nueces,TX,Passenger,1,1,2,90,92,2.17
September 30 2023,Monterey,CA,Passenger,0,3,3,130,133,2.26
November 30 2020,Garfield,WA,Truck,0,0,0,995,995,0
September 30 2020,Dallas,TX,Passenger,1,0,1,194,195,0.51
February 28 2021,Larimer,CO,Passenger,1,0,1,48,49,2.04
November 30 2018,Portsmouth,VA,Passenger,0,1,1,77,78,1.28
June 30 2018,Ferry,WA,Passenger,3,3,6,4425,4431,0.14
March 31 2024,Duval,FL,Passenger,1,0,1,203,204,0.49
July 31 2024,Stafford,VA,Passenger,3,0,3,60,63,4.76
August 31 2020,Calvert,MD,Passenger,0,2,2,89,91,2.2
October 31 2021,Lake,IL,Passenger,3,0,3,171,174,1.72
November 30 2019,Sedgwick,KS,Passenger,1,1,2,99,101,1.98
October 31 2022,Travis,TX,Passenger,2,1,3,114,117,2.56
March 31 2021,San Mateo,CA,Passenger,1,1,2,116,118,1.69
September 30 2023,Orange,FL,Passenger,2,0,2,59,61,3.28
April 30 2019,Pinal,AZ,Passenger,2,0,2,201,203,0.99
January 31 2022,New Haven,CT,Passenger,0,2,2,35,37,5.41
October 31 2017,Maricopa,AZ,Passenger,1,1,2,1696,1698,0.12
September 30 2022,Hudson,NJ,Passenger,3,0,3,33,36,8.33
January 31 2019,DuPage,IL,Passenger,1,0,1,64,65,1.54
September 30 2023,New London,CT,Passenger,2,3,5,166,171,2.92
April 30 2022,Rock Island,IL,Passenger,0,1,1,14,15,6.67
September 30 2023,Lake,IN,Passenger,0,1,1,7,8,12.5
March 31 2020,Whitman,WA,Passenger,42,46,88,22468,22556,0.39
October 31 2022,Pacific,WA,Passenger,68,74,142,15714,15856,0.9
June 30 2023,Currituck,NC,Passenger,1,0,1,19,20,5
December 31 2019,Thurston,WA,Passenger,1050,700,1750,199061,200811,0.87
June 30 2021,Salt Lake,UT,Passenger,1,1,2,188,190,1.05
June 30 2017,Kittitas,WA,Truck,0,0,0,13563,13563,0
June 30 2020,Loudoun,VA,Passenger,1,0,1,86,87,1.15
January 31 2018,Santa Rosa,FL,Passenger,1,0,1,104,105,0.95
June 30 2024,Chesterfield,VA,Passenger,1,0,1,27,28,3.57
June 30 2021,Bartow,GA,Passenger,0,1,1,4,5,20
January 31 2018,Essex,NJ,Passenger,1,0,1,12,13,7.69
July 31 2020,Chelan,WA,Truck,0,0,0,22615,22615,0
September 30 2022,Klickitat,WA,Truck,2,0,2,8252,8254,0.02
November 30 2020,Camden,NJ,Passenger,0,1,1,23,24,4.17
June 30 2021,Meade,KY,Passenger,1,0,1,29,30,3.33
June 30 2018,Asotin,WA,Passenger,9,6,15,12596,12611,0.12
January 31 2019,Clark,NV,Passenger,3,3,6,737,743,0.81
June 30 2021,Calvert,MD,Passenger,0,2,2,93,95,2.11
January 31 2017,Jackson,MO,Passenger,1,0,1,77,78,1.28
February 29 2024,Escambia,FL,Passenger,0,1,1,118,119,0.84
January 31 2020,Twin Falls,ID,Passenger,0,1,1,31,32,3.12
June 30 2024,Mercer,NJ,Passenger,0,1,1,5,6,16.67
March 31 2019,Kalamazoo,MI,Passenger,1,0,1,14,15,6.67
June 30 2023,Galveston,TX,Passenger,0,1,1,15,16,6.25
September 30 2021,Thurston,WA,Passenger,1745,908,2653,197112,199765,1.33
November 30 2023,Grant,WA,Truck,13,0,13,28110,28123,0.05
June 30 2023,Ferry,WA,Truck,0,0,0,3579,3579,0
July 31 2023,Kootenai,ID,Truck,1,0,1,28,29,3.45
August 31 2023,Currituck,NC,Passenger,1,0,1,19,20,5
June 30 2018,Hennepin,MN,Passenger,1,0,1,109,110,0.91
September 30 2019,Larimer,CO,Passenger,1,0,1,57,58,1.72
May 31 2023,Columbia,OR,Passenger,1,0,1,13,14,7.14
April 30 2017,Pierce,WA,Passenger,917,807,1724,525621,527345,0.33
January 31 2022,Snohomish,WA,Passenger,7215,2276,9491,536201,545692,1.74
December 31 2022,Island,WA,Truck,17,0,17,21171,21188,0.08
April 30 2019,Pima,AZ,Passenger,1,1,2,428,430,0.47
May 31 2021,Travis,TX,Passenger,3,3,6,183,189,3.17
August 31 2021,San Bernardino,CA,Passenger,1,0,1,396,397,0.25
June 30 2024,Montgomery,OH,Passenger,0,1,1,37,38,2.63
September 30 2021,Ray,MO,Passenger,0,1,1,1,2,50
October 31 2022,Lincoln,OR,Passenger,0,1,1,24,25,4
June 30 2021,Snohomish,WA,Passenger,5878,2046,7924,539947,547871,1.45
January 31 2018,Polk,FL,Passenger,1,0,1,66,67,1.49
November 30 2023,Alexandria,VA,Passenger,3,0,3,90,93,3.23
July 31 2019,Juneau,AK,Passenger,0,2,2,34,36,5.56
June 30 2019,Brevard,FL,Passenger,0,1,1,90,91,1.1
June 30 2018,Dale,AL,Passenger,0,1,1,55,56,1.79
February 29 2020,Walla Walla,WA,Passenger,68,62,130,36301,36431,0.36
March 31 2020,St. Louis,MO,Passenger,1,0,1,102,103,0.97
November 30 2021,Island,WA,Truck,0,0,0,21495,21495,0
December 31 2023,Shelby,AL,Passenger,1,0,1,5,6,16.67
October 31 2022,Marion,IA,Passenger,1,0,1,0,1,100
January 31 2022,Orange,NC,Passenger,0,1,1,12,13,7.69
January 31 2019,Ferry,WA,Passenger,3,2,5,4391,4396,0.11
February 28 2017,New London,CT,Passenger,2,0,2,260,262,0.76
February 28 2022,Yakima,WA,Truck,0,0,0,61627,61627,0
March 31 2017,Orange,FL,Passenger,1,1,2,151,153,1.31
January 31 2020,Contra Costa,CA,Passenger,3,2,5,334,339,1.47
January 31 2024,Bay,FL,Passenger,1,0,1,21,22,4.55
March 31 2022,Lake,IN,Passenger,0,1,1,10,11,9.09
January 31 2019,Orange,CA,Passenger,5,2,7,557,564,1.24
May 31 2021,Bradley,TN,Passenger,1,0,1,0,1,100
February 29 2020,Pierce,WA,Passenger,2252,1683,3935,550844,554779,0.71
April 30 2021,Whatcom,WA,Truck,4,0,4,43852,43856,0.01
October 31 2017,Ferry,WA,Truck,0,0,0,3550,3550,0
June 30 2021,Santa Clara,CA,Passenger,9,2,11,274,285,3.86
November 30 2022,Frederick,MD,Passenger,1,0,1,60,61,1.64
May 31 2023,San Mateo,CA,Passenger,2,0,2,72,74,2.7
September 30 2021,Travis,TX,Passenger,4,3,7,158,165,4.24
November 30 2022,Virginia Beach,VA,Truck,1,0,1,117,118,0.85
June 30 2022,Botetourt,VA,Passenger,1,0,1,1,2,50
May 31 2019,San Juan,WA,Passenger,207,71,278,14352,14630,1.9
May 31 2021,Columbia,WA,Passenger,6,3,9,2474,2483,0.36
December 31 2019,Klickitat,WA,Passenger,46,38,84,15669,15753,0.53
August 31 2022,Garfield,WA,Passenger,1,3,4,1312,1316,0.3
June 30 2017,Bexar,TX,Passenger,1,1,2,945,947,0.21
April 30 2019,San Mateo,CA,Passenger,2,1,3,128,131,2.29
February 28 2023,Travis,TX,Passenger,2,1,3,104,107,2.8
January 31 2022,Pulaski,MO,Passenger,2,0,2,125,127,1.57
July 31 2017,Nassau,NY,Passenger,1,1,2,40,42,4.76
November 30 2021,Powhatan,VA,Passenger,1,0,1,1,2,50
January 31 2022,El Paso,CO,Passenger,2,1,3,672,675,0.44
July 31 2017,Garfield,WA,Passenger,0,0,0,1296,1296,0
November 30 2018,Ada,ID,Passenger,0,2,2,327,329,0.61
February 28 2019,Grant,WA,Truck,0,0,0,26308,26308,0
April 30 2023,Rock Island,IL,Passenger,0,1,1,13,14,7.14
August 31 2023,Doña Ana,NM,Passenger,1,0,1,13,14,7.14
June 30 2024,Fairfax,VA,Truck,1,0,1,78,79,1.27
May 31 2017,Kitsap,WA,Passenger,595,302,897,172831,173728,0.52
July 31 2023,Columbia,WA,Passenger,11,1,12,2426,2438,0.49
September 30 2023,Douglas,WA,Passenger,223,71,294,28772,29066,1.01
November 30 2022,San Diego,CA,Passenger,23,7,30,2361,2391,1.25
November 30 2021,El Paso,CO,Passenger,2,1,3,679,682,0.44
February 28 2021,District of Columbia,DC,Passenger,2,1,3,184,187,1.6
January 31 2024,Chesterfield,VA,Passenger,1,0,1,31,32,3.12
September 30 2022,Prince William,VA,Passenger,1,3,4,194,198,2.02
December 31 2018,Lane,OR,Passenger,0,1,1,172,173,0.58
December 31 2020,Klickitat,WA,Truck,0,0,0,8079,8079,0
April 30 2022,Leavenworth,KS,Passenger,0,1,1,102,103,0.97
January 31 2018,Salt Lake,UT,Passenger,1,0,1,239,240,0.42
February 28 2021,Hampshire,MA,Passenger,1,0,1,9,10,10
February 28 2022,Williams,ND,Passenger,0,1,1,8,9,11.11
December 31 2022,Snohomish,WA,Passenger,10168,2760,12928,529519,542447,2.38
July 31 2021,Okanogan,WA,Truck,0,0,0,16738,16738,0
May 31 2017,Lane,OR,Passenger,0,1,1,246,247,0.4
April 30 2018,Norfolk,VA,Passenger,1,2,3,327,330,0.91
August 31 2020,Bucks,PA,Passenger,1,0,1,24,25,4
October 31 2022,Calvert,MD,Passenger,0,2,2,84,86,2.33
November 30 2018,Pierce,WA,Truck,0,0,0,139007,139007,0
July 31 2021,Adams,WA,Truck,0,0,0,5391,5391,0
November 30 2019,Alexandria,VA,Passenger,1,0,1,147,148,0.68
August 31 2020,Albemarle,VA,Passenger,1,0,1,21,22,4.55
November 30 2017,Island,WA,Truck,0,0,0,20689,20689,0
January 31 2023,Gwinnett,GA,Passenger,1,0,1,56,57,1.75
February 28 2019,,,Passenger,2,2,4,419,423,0.95
October 31 2021,Goochland,VA,Passenger,3,2,5,228,233,2.15
June 30 2023,Clallam,WA,Truck,19,0,19,21746,21765,0.09
April 30 2020,El Paso,TX,Passenger,3,0,3,429,432,0.69
May 31 2022,Geary,KS,Passenger,1,0,1,84,85,1.18
December 31 2019,Dallas,IA,Passenger,0,1,1,10,11,9.09
February 28 2023,Pierce,WA,Truck,111,0,111,138471,138582,0.08
October 31 2023,San Diego,CA,Passenger,20,9,29,2049,2078,1.4
December 31 2022,Riverside,CA,Passenger,7,0,7,457,464,1.51
April 30 2019,Montgomery,TX,Passenger,2,0,2,63,65,3.08
July 31 2021,Travis,TX,Passenger,4,3,7,176,183,3.83
September 30 2019,Honolulu,HI,Passenger,4,2,6,511,517,1.16
July 31 2020,Polk,FL,Passenger,1,0,1,76,77,1.3
January 31 2019,Kitsap,WA,Truck,1,0,1,53726,53727,0
October 31 2017,Juneau,AK,Passenger,0,1,1,46,47,2.13
September 30 2021,Clinton,PA,Passenger,1,0,1,0,1,100
May 31 2017,Multnomah,OR,Passenger,1,3,4,1036,1040,0.38
June 30 2022,Santa Clara,CA,Passenger,14,1,15,266,281,5.34
December 31 2021,Lake,IL,Passenger,3,0,3,166,169,1.78
August 31 2019,Thurston,WA,Passenger,926,660,1586,198220,199806,0.79
December 31 2019,Okanogan,WA,Truck,0,0,0,16546,16546,0
July 31 2017,Douglas,WA,Passenger,35,26,61,26753,26814,0.23
February 29 2024,Douglas,WA,Passenger,268,87,355,28863,29218,1.22
August 31 2018,Orange,CA,Passenger,4,1,5,570,575,0.87
August 31 2021,Stafford,VA,Passenger,2,1,3,107,110,2.73
April 30 2022,Pinellas,FL,Passenger,0,1,1,90,91,1.1
April 30 2024,Pend Oreille,WA,Passenger,34,21,55,8696,8751,0.63
November 30 2018,Goochland,VA,Passenger,0,1,1,250,251,0.4
June 30 2017,Garfield,WA,Passenger,0,0,0,1295,1295,0
July 31 2022,Gwinnett,GA,Passenger,1,0,1,58,59,1.69
September 30 2018,Hamilton,IN,Passenger,1,0,1,48,49,2.04
August 31 2019,Shelby,OH,Passenger,0,1,1,2,3,33.33
December 31 2021,Pend Oreille,WA,Passenger,18,9,27,9118,9145,0.3
April 30 2018,San Juan,WA,Passenger,141,53,194,13954,14148,1.37
April 30 2021,Stevens,WA,Truck,0,0,0,18868,18868,0
December 31 2021,Jefferson,WA,Truck,0,0,0,9599,9599,0
June 30 2017,Alameda,CA,Passenger,1,1,2,369,371,0.54
November 30 2020,Orange,FL,Passenger,1,0,1,123,124,0.81
April 30 2022,Philadelphia,PA,Passenger,1,0,1,44,45,2.22
January 31 2024,Pinal,AZ,Passenger,2,1,3,73,76,3.95
February 28 2017,Guilford,NC,Passenger,1,0,1,33,34,2.94
November 30 2018,Camden,NJ,Passenger,0,1,1,26,27,3.7
November 30 2018,Garfield,OK,Passenger,1,0,1,15,16,6.25
December 31 2019,Snohomish,WA,Passenger,4020,1708,5728,535894,541622,1.06
April 30 2024,Jefferson,WA,Passenger,721,299,1020,23910,24930,4.09
June 30 2022,Williams,ND,Passenger,0,1,1,7,8,12.5
May 31 2024,Suffolk,VA,Passenger,1,0,1,86,87,1.15
December 31 2020,San Joaquin,CA,Passenger,1,0,1,116,117,0.85
April 30 2024,Laramie,WY,Passenger,1,0,1,24,25,4
February 28 2023,Solano,CA,Passenger,4,0,4,151,155,2.58
May 31 2021,Lincoln,WA,Passenger,5,13,18,7727,7745,0.23
March 31 2022,Nassau,NY,Passenger,3,0,3,34,37,8.11
January 31 2023,Sarasota,FL,Passenger,1,0,1,29,30,3.33
October 31 2022,Montgomery,AL,Passenger,1,1,2,36,38,5.26
October 31 2022,Fredericksburg,VA,Passenger,1,0,1,7,8,12.5
August 31 2018,Spokane,WA,Passenger,360,336,696,304647,305343,0.23
March 31 2021,Kitsap,WA,Truck,0,0,0,54342,54342,0
March 31 2023,Kootenai,ID,Passenger,0,2,2,141,143,1.4
December 31 2022,Sarasota,FL,Passenger,1,0,1,30,31,3.23
July 31 2022,Harford,MD,Passenger,1,1,2,48,50,4
January 31 2024,Pierce,WA,Truck,247,0,247,134468,134715,0.18
January 31 2022,Clark,NV,Passenger,8,3,11,614,625,1.76
April 30 2021,Benton,WA,Truck,0,0,0,43676,43676,0
March 31 2019,San Juan,WA,Truck,0,0,0,5810,5810,0
November 30 2022,Larimer,CO,Passenger,1,0,1,37,38,2.63
April 30 2017,Santa Fe,NM,Passenger,0,1,1,44,45,2.22
March 31 2022,Owyhee,ID,Passenger,1,0,1,3,4,25
August 31 2020,Alexandria,VA,Passenger,3,0,3,135,138,2.17
December 31 2020,Denver,CO,Passenger,1,0,1,120,121,0.83
July 31 2024,Los Angeles,CA,Passenger,9,3,12,461,473,2.54
April 30 2022,Kittitas,WA,Truck,0,0,0,14714,14714,0
April 30 2022,Dorchester,SC,Passenger,1,0,1,70,71,1.41
November 30 2022,Geary,KS,Passenger,1,0,1,80,81,1.23
November 30 2020,St. Louis,MO,Passenger,1,0,1,100,101,0.99
March 31 2022,Collier,FL,Passenger,1,0,1,18,19,5.26
June 30 2017,Flathead,MT,Passenger,1,0,1,63,64,1.56
April 30 2023,Ada,ID,Passenger,2,0,2,135,137,1.46
June 30 2019,Frederick,MD,Passenger,1,1,2,76,78,2.56
July 31 2019,Lee,FL,Passenger,1,0,1,51,52,1.92
June 30 2019,Owyhee,ID,Passenger,1,0,1,6,7,14.29
November 30 2018,Clark,NV,Passenger,3,3,6,742,748,0.8
July 31 2022,Skamania,WA,Truck,0,0,0,3943,3943,0
April 30 2017,Jefferson,NY,Passenger,1,1,2,254,256,0.78
October 31 2022,Doña Ana,NM,Passenger,1,0,1,12,13,7.69
March 31 2017,Franklin,WA,Passenger,26,47,73,55300,55373,0.13
November 30 2018,Klickitat,WA,Passenger,23,32,55,15416,15471,0.36
January 31 2022,Contra Costa,CA,Passenger,1,3,4,245,249,1.61
February 28 2017,Marion,OR,Passenger,1,0,1,207,208,0.48
October 31 2021,Harford,MD,Passenger,1,1,2,55,57,3.51
December 31 2019,Fort Bend,TX,Passenger,1,0,1,46,47,2.13
May 31 2024,El Paso,TX,Passenger,3,1,4,232,236,1.69
December 31 2017,Bexar,TX,Passenger,1,2,3,829,832,0.36
March 31 2019,Suffolk,MA,Passenger,0,1,1,44,45,2.22
April 30 2020,San Juan,WA,Truck,0,0,0,5897,5897,0
November 30 2020,Norfolk,VA,Passenger,2,3,5,340,345,1.45
December 31 2022,Pierce,WA,Truck,82,0,82,139339,139421,0.06
June 30 2023,Los Angeles,CA,Passenger,6,4,10,697,707,1.41
March 31 2020,Howard,MD,Passenger,0,1,1,81,82,1.22
February 29 2020,District of Columbia,DC,Passenger,1,1,2,195,197,1.02
February 29 2020,Clark,WA,Passenger,1970,1059,3029,320429,323458,0.94
August 31 2020,Ulster,NY,Passenger,1,0,1,13,14,7.14
June 30 2021,Ray,MO,Passenger,0,1,1,1,2,50
February 29 2024,San Diego,CA,Passenger,19,10,29,1904,1933,1.5
January 31 2020,Grant,WA,Passenger,58,71,129,65612,65741,0.2
November 30 2020,Douglas,WA,Passenger,83,43,126,28121,28247,0.45
December 31 2019,Multnomah,OR,Passenger,4,6,10,749,759,1.32
October 31 2017,Dakota,MN,Passenger,0,2,2,39,41,4.88
March 31 2022,Orange,FL,Passenger,2,0,2,107,109,1.83
January 31 2023,Geary,KS,Passenger,1,0,1,77,78,1.28
September 30 2023,St. Louis,MN,Passenger,0,1,1,5,6,16.67
February 28 2021,Randolph,NC,Passenger,1,0,1,7,8,12.5
August 31 2019,Sumter,FL,Passenger,0,1,1,10,11,9.09
January 31 2020,Larimer,CO,Passenger,1,0,1,53,54,1.85
March 31 2020,Pinal,AZ,Passenger,1,0,1,199,200,0.5
September 30 2020,Fresno,CA,Passenger,1,0,1,198,199,0.5
February 29 2020,Harrison,MS,Passenger,1,0,1,62,63,1.59
October 31 2022,Denton,TX,Passenger,2,0,2,68,70,2.86
April 30 2017,Morris,NJ,Passenger,1,0,1,22,23,4.35
April 30 2018,Beaufort,SC,Passenger,1,0,1,42,43,2.33
November 30 2018,Valencia,NM,Passenger,1,0,1,12,13,7.69
October 31 2021,Pierce,WA,Passenger,3999,2078,6077,557127,563204,1.08
November 30 2018,Yakima,WA,Truck,0,0,0,58739,58739,0
March 31 2022,Ada,ID,Passenger,1,0,1,198,199,0.5
February 28 2018,Cook,IL,Passenger,1,0,1,288,289,0.35
May 31 2023,Ada,ID,Passenger,2,0,2,133,135,1.48
December 31 2019,Henrico,VA,Passenger,0,1,1,20,21,4.76
December 31 2020,Williams,ND,Passenger,0,1,1,10,11,9.09
April 30 2017,Benton,WA,Passenger,143,140,283,128065,128348,0.22
December 31 2022,Wake,NC,Passenger,1,0,1,88,89,1.12
January 31 2021,New Haven,CT,Passenger,0,2,2,38,40,5
June 30 2022,Grays Harbor,WA,Truck,1,0,1,21307,21308,0
October 31 2022,St. Mary's,MD,Passenger,2,0,2,186,188,1.06
November 30 2021,Shelby,OH,Passenger,0,1,1,4,5,20
June 30 2021,Kittitas,WA,Passenger,159,67,226,29975,30201,0.75
May 31 2017,Grant,WA,Truck,0,0,0,25219,25219,0
October 31 2018,Norfolk,VA,Passenger,2,2,4,336,340,1.18
May 31 2022,Onslow,NC,Passenger,0,1,1,162,163,0.61
June 30 2024,Pierce,WA,Passenger,11039,3552,14591,513915,528506,2.76
September 30 2022,Cumberland,PA,Passenger,1,0,1,43,44,2.27
November 30 2020,Henrico,VA,Passenger,0,1,1,18,19,5.26
November 30 2019,Allegheny,PA,Passenger,2,0,2,87,89,2.25
June 30 2019,Spartanburg,SC,Passenger,0,1,1,41,42,2.38
November 30 2020,RÃ­o Grande,PR,Passenger,1,0,1,1,2,50
April 30 2020,Franklin,WA,Passenger,58,75,133,60707,60840,0.22
July 31 2024,Ferry,WA,Truck,0,0,0,3348,3348,0
April 30 2020,Nueces,TX,Passenger,1,0,1,83,84,1.19
December 31 2023,Goochland,VA,Passenger,1,1,2,48,50,4
November 30 2020,Carson City,NV,Passenger,1,0,1,12,13,7.69
March 31 2023,Wahkiakum,WA,Truck,2,0,2,1787,1789,0.11
January 31 2020,Ferry,WA,Truck,0,0,0,3586,3586,0
July 31 2018,Orange,FL,Passenger,2,1,3,174,177,1.69
December 31 2021,Lexington,SC,Passenger,1,0,1,26,27,3.7
October 31 2019,Owyhee,ID,Passenger,1,0,1,4,5,20
November 30 2017,Adams,WA,Passenger,3,5,8,12354,12362,0.06
October 31 2018,Nantucket,MA,Passenger,1,0,1,4,5,20
November 30 2018,Mason,WA,Truck,0,0,0,20182,20182,0
May 31 2020,Salt Lake,UT,Passenger,1,0,1,207,208,0.48
February 28 2022,Nueces,TX,Passenger,1,1,2,64,66,3.03
February 28 2021,Norfolk,VA,Passenger,2,3,5,330,335,1.49
August 31 2023,Lee,AL,Passenger,1,0,1,14,15,6.67
October 31 2019,Monroe,IL,Passenger,1,0,1,4,5,20
June 30 2020,Pierce,WA,Passenger,2379,1691,4070,549277,553347,0.74
September 30 2020,Wahkiakum,WA,Passenger,6,6,12,3016,3028,0.4
October 31 2019,Bexar,TX,Passenger,0,5,5,675,680,0.74
May 31 2024,Island,WA,Truck,53,0,53,20630,20683,0.26
July 31 2021,Lincoln,WA,Truck,0,0,0,4757,4757,0
January 31 2022,Carroll,MD,Passenger,0,1,1,17,18,5.56
March 31 2021,Lewis,WA,Passenger,130,136,266,59262,59528,0.45
July 31 2021,Harris,TX,Passenger,1,1,2,226,228,0.88
January 31 2024,Kings,CA,Passenger,5,2,7,265,272,2.57
February 28 2022,Moore,NC,Passenger,0,1,1,122,123,0.81
November 30 2020,Hawaii,HI,Passenger,1,0,1,58,59,1.69
June 30 2019,Collin,TX,Passenger,2,1,3,149,152,1.97
July 31 2023,San Francisco,CA,Passenger,2,0,2,64,66,3.03
December 31 2020,DuPage,IL,Passenger,3,1,4,58,62,6.45
July 31 2022,Stevens,WA,Truck,1,0,1,18878,18879,0.01
November 30 2020,Moore,NC,Passenger,0,1,1,151,152,0.66
March 31 2021,Jefferson,WA,Truck,0,0,0,9585,9585,0
May 31 2020,Skamania,WA,Truck,0,0,0,4028,4028,0
August 31 2023,Ada,ID,Passenger,2,0,2,116,118,1.69
April 30 2021,Wilson,TX,Passenger,0,1,1,4,5,20
July 31 2022,Hudson,NJ,Passenger,2,0,2,36,38,5.26
October 31 2022,Albemarle,VA,Passenger,2,0,2,17,19,10.53
June 30 2021,Pennington,SD,Passenger,1,0,1,30,31,3.23
May 31 2022,Montgomery,AL,Passenger,1,1,2,37,39,5.13
September 30 2021,Yavapai,AZ,Passenger,0,1,1,43,44,2.27
February 28 2021,Monterey,CA,Passenger,0,2,2,163,165,1.21
February 28 2022,Lexington,SC,Passenger,1,0,1,24,25,4
April 30 2020,King,WA,Passenger,24082,7694,31776,1385198,1416974,2.24
February 28 2023,Skagit,WA,Passenger,984,377,1361,89137,90498,1.5
September 30 2019,Cowlitz,WA,Passenger,106,106,212,73288,73500,0.29
July 31 2017,Collin,TX,Passenger,0,1,1,148,149,0.67
December 31 2019,Howard,MD,Passenger,0,1,1,83,84,1.19
January 31 2022,Howard,MD,Passenger,0,2,2,66,68,2.94
August 31 2022,Douglas,NE,Passenger,1,2,3,42,45,6.67
January 31 2024,Kootenai,ID,Truck,1,0,1,24,25,4
January 31 2021,Columbia,WA,Passenger,5,3,8,2450,2458,0.33
March 31 2020,Suffolk,MA,Passenger,0,2,2,40,42,4.76
July 31 2024,Riverside,CA,Passenger,3,0,3,313,316,0.95
April 30 2024,Denton,TX,Passenger,1,0,1,35,36,2.78
May 31 2022,Albemarle,VA,Passenger,3,0,3,19,22,13.64
July 31 2022,York,VA,Passenger,1,0,1,88,89,1.12
April 30 2024,Madison,IL,Passenger,2,0,2,13,15,13.33
January 31 2017,Allegheny,PA,Passenger,1,0,1,94,95,1.05
February 29 2020,Dallas,IA,Passenger,0,1,1,10,11,9.09
July 31 2019,Harnett,NC,Passenger,1,1,2,217,219,0.91
February 28 2021,Kootenai,ID,Passenger,0,1,1,206,207,0.48
December 31 2023,Garfield,OK,Passenger,1,0,1,15,16,6.25
June 30 2024,Garfield,WA,Truck,0,0,0,997,997,0
July 31 2024,Saratoga,NY,Passenger,1,1,2,23,25,8
July 31 2020,Walla Walla,WA,Passenger,77,65,142,35887,36029,0.39
October 31 2017,Yakima,WA,Truck,0,0,0,57803,57803,0
September 30 2020,Stafford,VA,Passenger,1,1,2,101,103,1.94
January 31 2022,York,VA,Passenger,1,0,1,96,97,1.03
January 31 2022,Pennington,SD,Passenger,2,0,2,31,33,6.06
March 31 2023,Tarrant,TX,Passenger,2,0,2,96,98,2.04
March 31 2021,Clallam,WA,Passenger,299,199,498,50102,50600,0.98
December 31 2023,St. Mary's,MD,Passenger,2,0,2,175,177,1.13
December 31 2021,Hillsborough,FL,Passenger,0,2,2,149,151,1.32
May 31 2017,Klickitat,WA,Truck,0,0,0,7959,7959,0
April 30 2023,Philadelphia,PA,Passenger,0,1,1,45,46,2.17
March 31 2017,Missoula,MT,Passenger,1,0,1,79,80,1.25
January 31 2019,Goochland,VA,Passenger,0,1,1,251,252,0.4
September 30 2018,Oldham,KY,Passenger,0,1,1,5,6,16.67
March 31 2019,Kitsap,WA,Passenger,996,569,1565,179864,181429,0.86
June 30 2021,Orange,CA,Passenger,5,3,8,447,455,1.76
March 31 2021,Los Angeles,CA,Passenger,9,10,19,982,1001,1.9
April 30 2023,Whatcom,WA,Truck,52,0,52,42794,42846,0.12
July 31 2019,Kern,CA,Passenger,0,1,1,220,221,0.45
November 30 2021,Gwinnett,GA,Passenger,1,0,1,65,66,1.52
April 30 2023,Fulton,GA,Passenger,1,1,2,67,69,2.9
November 30 2019,Clallam,WA,Passenger,195,153,348,50898,51246,0.68
September 30 2023,Cowlitz,WA,Passenger,540,231,771,69910,70681,1.09
April 30 2023,Wichita,TX,Passenger,1,0,1,35,36,2.78
July 31 2022,Norfolk,MA,Passenger,1,0,1,26,27,3.7
August 31 2017,Orange,FL,Passenger,1,1,2,145,147,1.36
June 30 2018,Tarrant,TX,Passenger,1,0,1,222,223,0.45
July 31 2019,Prince George's,MD,Passenger,1,1,2,178,180,1.11
August 31 2020,Pulaski,MO,Passenger,1,0,1,147,148,0.68
April 30 2021,Boulder,CO,Passenger,1,1,2,53,55,3.64
February 28 2019,Owyhee,ID,Passenger,1,0,1,6,7,14.29
April 30 2018,Collier,FL,Passenger,1,0,1,22,23,4.35
November 30 2021,Champaign,IL,Passenger,1,0,1,9,10,10
August 31 2023,Montgomery,AL,Passenger,1,1,2,34,36,5.56
December 31 2017,Skagit,WA,Passenger,168,138,306,89542,89848,0.34
September 30 2019,Salt Lake,UT,Passenger,1,0,1,212,213,0.47
July 31 2022,Franklin,WA,Truck,1,0,1,20851,20852,0
June 30 2019,New London,CT,Passenger,0,1,1,234,235,0.43
July 31 2020,Pulaski,MO,Passenger,1,0,1,146,147,0.68
March 31 2018,Duval,FL,Passenger,1,2,3,373,376,0.8
May 31 2021,Skagit,WA,Passenger,579,265,844,91881,92725,0.91
June 30 2019,Cochise,AZ,Passenger,0,1,1,113,114,0.88
October 31 2019,Boone,MO,Passenger,0,1,1,11,12,8.33
December 31 2021,Loudoun,VA,Passenger,1,0,1,70,71,1.41
August 31 2021,Kings,NY,Passenger,1,0,1,72,73,1.37
December 31 2022,Lake,IN,Passenger,0,1,1,12,13,7.69
April 30 2023,Wayne,MI,Passenger,0,1,1,39,40,2.5
March 31 2024,Franklin,WA,Passenger,408,172,580,62168,62748,0.92
November 30 2023,San Diego,CA,Truck,1,0,1,415,416,0.24
July 31 2020,Chesapeake,VA,Passenger,0,1,1,429,430,0.23
January 31 2020,Whitman,WA,Passenger,42,48,90,22647,22737,0.4
January 31 2019,Spokane,WA,Passenger,470,379,849,307513,308362,0.28
June 30 2024,Pend Oreille,WA,Truck,3,0,3,5466,5469,0.05
October 31 2022,Orange,FL,Passenger,1,0,1,86,87,1.15
January 31 2017,Durham,NC,Passenger,0,1,1,39,40,2.5
December 31 2020,Tulsa,OK,Passenger,1,1,2,51,53,3.77
April 30 2023,Alameda,CA,Passenger,5,1,6,186,192,3.12
May 31 2023,Otero,NM,Passenger,0,1,1,29,30,3.33
April 30 2023,St. Louis,MO,Passenger,1,0,1,60,61,1.64
July 31 2024,Asotin,WA,Truck,3,0,3,6414,6417,0.05
May 31 2024,Grays Harbor,WA,Passenger,440,238,678,47570,48248,1.41
November 30 2023,El Paso,TX,Passenger,4,1,5,270,275,1.82
May 31 2020,Fresno,CA,Passenger,1,0,1,204,205,0.49
May 31 2017,Skamania,WA,Passenger,9,7,16,8529,8545,0.19
August 31 2021,Pend Oreille,WA,Passenger,16,7,23,9234,9257,0.25
September 30 2020,Harnett,NC,Passenger,1,0,1,200,201,0.5
April 30 2021,Howard,MD,Passenger,0,1,1,74,75,1.33
May 31 2021,St. Louis,MO,Passenger,1,0,1,87,88,1.14
February 29 2020,Goochland,VA,Passenger,2,1,3,276,279,1.08
January 31 2019,Eagle,CO,Passenger,1,0,1,5,6,16.67
October 31 2018,Fairfax,VA,Passenger,2,1,3,810,813,0.37
February 28 2023,Douglas,WA,Passenger,179,58,237,28592,28829,0.82
December 31 2021,DeKalb,GA,Passenger,1,0,1,65,66,1.52
April 30 2021,Norfolk,VA,Passenger,2,3,5,330,335,1.49
July 31 2022,Travis,TX,Passenger,2,1,3,118,121,2.48
November 30 2018,Ramsey,MN,Passenger,1,0,1,43,44,2.27
January 31 2018,Kent,MI,Passenger,0,1,1,35,36,2.78
May 31 2024,Williamson,TX,Passenger,1,1,2,42,44,4.55
October 31 2023,Philadelphia,PA,Passenger,0,1,1,36,37,2.7
April 30 2020,Mercer,NJ,Passenger,0,1,1,14,15,6.67
March 31 2019,Maui,HI,Passenger,2,0,2,51,53,3.77
August 31 2022,Bexar,TX,Passenger,4,3,7,472,479,1.46
April 30 2019,Virginia Beach,VA,Passenger,1,1,2,698,700,0.29
November 30 2020,Skagit,WA,Passenger,483,235,718,91351,92069,0.78
January 31 2019,Garfield,WA,Passenger,1,1,2,1331,1333,0.15
October 31 2018,Columbia,WA,Truck,0,0,0,1518,1518,0
August 31 2020,Harris,TX,Passenger,1,0,1,255,256,0.39
December 31 2019,District of Columbia,DC,Passenger,1,1,2,200,202,0.99
August 31 2021,Sonoma,CA,Passenger,0,1,1,91,92,1.09
December 31 2019,New Haven,CT,Passenger,0,2,2,45,47,4.26
April 30 2022,Santa Cruz,CA,Passenger,1,0,1,29,30,3.33
June 30 2024,Brevard,FL,Passenger,1,0,1,52,53,1.89
June 30 2021,Moore,NC,Passenger,0,1,1,128,129,0.78
February 29 2024,Hardin,KY,Truck,1,0,1,19,20,5
August 31 2019,Cowlitz,WA,Passenger,107,108,215,73268,73483,0.29
July 31 2024,Skagit,WA,Truck,53,0,53,30558,30611,0.17
November 30 2021,Clark,WA,Truck,0,0,0,84008,84008,0
August 31 2023,Chelan,WA,Passenger,670,173,843,54209,55052,1.53
August 31 2023,Prince George's,MD,Passenger,3,1,4,116,120,3.33
March 31 2018,Montgomery,MD,Passenger,1,0,1,302,303,0.33
December 31 2019,Columbia,WA,Truck,0,0,0,1537,1537,0
October 31 2019,Kitsap,WA,Truck,1,0,1,54336,54337,0
May 31 2018,Dale,AL,Passenger,0,1,1,57,58,1.72
June 30 2019,Monterey,CA,Passenger,0,1,1,196,197,0.51
February 28 2023,Pulaski,AR,Passenger,3,0,3,25,28,10.71
January 31 2023,Washoe,NV,Passenger,1,0,1,57,58,1.72
April 30 2023,Hanover,VA,Passenger,1,0,1,1,2,50
February 28 2023,Collin,TX,Passenger,4,0,4,68,72,5.56
June 30 2020,Shelby,TN,Passenger,0,1,1,93,94,1.06
March 31 2017,Pierce,WA,Passenger,876,784,1660,526235,527895,0.31
October 31 2021,Chelan,WA,Passenger,385,110,495,54654,55149,0.9
March 31 2020,Yakima,WA,Passenger,124,116,240,165791,166031,0.14
October 31 2023,Walla Walla,WA,Passenger,254,129,383,35424,35807,1.07
November 30 2017,Jefferson,WA,Truck,0,0,0,9455,9455,0
February 29 2024,District of Columbia,DC,Passenger,2,0,2,130,132,1.52
December 31 2021,Charleston,SC,Passenger,2,1,3,82,85,3.53
March 31 2021,Charleston,SC,Passenger,2,0,2,90,92,2.17
July 31 2023,Philadelphia,PA,Passenger,0,1,1,40,41,2.44
February 28 2017,Spokane,WA,Passenger,226,196,422,294970,295392,0.14
September 30 2023,San Diego,CA,Passenger,20,8,28,2071,2099,1.33
February 28 2021,Pend Oreille,WA,Passenger,12,4,16,9186,9202,0.17
August 31 2017,Franklin,WA,Passenger,27,48,75,55920,55995,0.13
May 31 2020,Grays Harbor,WA,Passenger,106,111,217,48003,48220,0.45
February 28 2021,Harnett,NC,Passenger,1,0,1,195,196,0.51
December 31 2020,Grant,WA,Truck,0,0,0,27494,27494,0
February 28 2022,Stevens,WA,Truck,0,0,0,18956,18956,0
May 31 2023,Wake,NC,Passenger,3,0,3,87,90,3.33
December 31 2019,Frederick,MD,Passenger,1,1,2,75,77,2.6
July 31 2021,Marion,IA,Passenger,1,0,1,1,2,50
August 31 2023,Moore,NC,Passenger,0,1,1,103,104,0.96
July 31 2024,Tooele,UT,Passenger,2,0,2,6,8,25
August 31 2023,Laramie,WY,Passenger,1,0,1,26,27,3.7
August 31 2023,Douglas,NE,Passenger,1,1,2,27,29,6.9
October 31 2019,Anne Arundel,MD,Passenger,1,1,2,431,433,0.46
February 29 2020,Asotin,WA,Truck,0,0,0,6696,6696,0
June 30 2023,Sonoma,CA,Passenger,3,1,4,65,69,5.8
November 30 2023,Escambia,FL,Passenger,0,1,1,125,126,0.79
March 31 2020,Oklahoma,OK,Passenger,0,1,1,135,136,0.74
February 28 2023,Hillsborough,FL,Passenger,1,2,3,125,128,2.34
August 31 2020,Hawaii,HI,Passenger,1,0,1,59,60,1.67
August 31 2019,San Joaquin,CA,Passenger,1,0,1,139,140,0.71
March 31 2020,Washoe,NV,Passenger,1,0,1,117,118,0.85
February 28 2023,Onslow,NC,Passenger,0,1,1,152,153,0.65
September 30 2019,Albemarle,VA,Passenger,1,0,1,24,25,4
August 31 2023,Oldham,KY,Passenger,0,1,1,3,4,25
February 28 2017,San Diego,CA,Passenger,4,1,5,2818,2823,0.18
March 31 2024,Yakima,WA,Truck,18,0,18,60736,60754,0.03
May 31 2022,Okanogan,WA,Truck,0,0,0,16648,16648,0
February 28 2018,Walla Walla,WA,Passenger,31,35,66,35378,35444,0.19
January 31 2023,Chesterfield,VA,Passenger,1,0,1,37,38,2.63
July 31 2024,Pinal,AZ,Passenger,2,1,3,57,60,5
May 31 2019,Manatee,FL,Passenger,1,0,1,35,36,2.78
October 31 2022,Spartanburg,SC,Passenger,0,1,1,30,31,3.23
September 30 2020,Dallas,IA,Passenger,0,1,1,10,11,9.09
June 30 2017,Snohomish,WA,Truck,1,0,1,121879,121880,0
May 31 2020,Island,WA,Truck,1,0,1,21119,21120,0
September 30 2022,Columbia,WA,Passenger,8,0,8,2435,2443,0.33
July 31 2022,Cook,IL,Passenger,1,0,1,204,205,0.49
May 31 2019,Chelan,WA,Passenger,153,67,220,54334,54554,0.4
October 31 2020,Orange,CA,Passenger,6,3,9,486,495,1.82
July 31 2018,Ferry,WA,Passenger,3,3,6,4424,4430,0.14
January 31 2017,Moore,NC,Passenger,0,1,1,206,207,0.48
May 31 2024,Kent,DE,Passenger,1,0,1,36,37,2.7
March 31 2018,Williamson,TX,Passenger,0,1,1,168,169,0.59
November 30 2023,Washtenaw,MI,Passenger,0,2,2,18,20,10
July 31 2022,Plaquemines,LA,Passenger,1,1,2,19,21,9.52
January 31 2024,Middlesex,NJ,Passenger,1,0,1,18,19,5.26
May 31 2019,Bergen,NJ,Passenger,1,0,1,27,28,3.57
June 30 2019,Pacific,WA,Passenger,25,29,54,15967,16021,0.34
August 31 2020,Skagit,WA,Passenger,434,222,656,91208,91864,0.71
March 31 2022,Sedgwick,KS,Passenger,0,1,1,84,85,1.18
August 31 2017,Duval,FL,Passenger,1,1,2,374,376,0.53
July 31 2021,Arapahoe,CO,Passenger,1,0,1,123,124,0.81
January 31 2019,Fresno,CA,Passenger,1,0,1,196,197,0.51
May 31 2022,Manassas,VA,Passenger,0,1,1,6,7,14.29
June 30 2022,New York,NY,Passenger,1,0,1,44,45,2.22
May 31 2020,Suffolk,MA,Passenger,0,2,2,40,42,4.76
October 31 2023,Harrison,MS,Passenger,1,0,1,29,30,3.33
January 31 2019,Albemarle,VA,Passenger,1,0,1,25,26,3.85
July 31 2017,Hamilton,TN,Passenger,1,0,1,20,21,4.76
March 31 2021,Benton,WA,Truck,0,0,0,43525,43525,0
December 31 2018,King,WA,Passenger,16279,6528,22807,1377587,1400394,1.63
September 30 2018,Charleston,SC,Passenger,1,0,1,128,129,0.78
September 30 2020,Kitsap,WA,Truck,0,0,0,54153,54153,0
August 31 2021,Escambia,FL,Passenger,0,1,1,146,147,0.68
September 30 2020,Los Angeles,CA,Passenger,8,12,20,1036,1056,1.89
June 30 2022,Portsmouth,VA,Passenger,0,1,1,77,78,1.28
September 30 2020,Clark,WA,Truck,0,0,0,82826,82826,0
April 30 2022,Asotin,WA,Passenger,24,19,43,12675,12718,0.34
November 30 2017,Okaloosa,FL,Passenger,1,0,1,187,188,0.53
May 31 2018,Norfolk,MA,Passenger,1,0,1,39,40,2.5
April 30 2017,Dane,WI,Passenger,1,0,1,140,141,0.71
April 30 2019,Twin Falls,ID,Passenger,0,1,1,24,25,4
March 31 2022,Autauga,AL,Passenger,1,0,1,13,14,7.14
October 31 2018,Beaufort,SC,Passenger,1,0,1,39,40,2.5
April 30 2022,Hamilton,OH,Passenger,1,0,1,36,37,2.7
April 30 2019,Clackamas,OR,Passenger,1,1,2,213,215,0.93
April 30 2019,Garfield,WA,Passenger,1,1,2,1297,1299,0.15
April 30 2023,Cumberland,NC,Passenger,2,4,6,333,339,1.77
October 31 2022,Snohomish,WA,Truck,76,0,76,122776,122852,0.06
June 30 2017,Chelan,WA,Truck,0,0,0,21299,21299,0
March 31 2022,Chelan,WA,Truck,0,0,0,23028,23028,0
February 28 2019,Williamson,TX,Passenger,0,1,1,160,161,0.62
January 31 2024,Mohave,AZ,Passenger,1,0,1,29,30,3.33
July 31 2021,DuPage,IL,Passenger,3,1,4,55,59,6.78
September 30 2021,Charleston,SC,Passenger,2,1,3,89,92,3.26
November 30 2023,Flathead,MT,Passenger,1,0,1,21,22,4.55
February 29 2020,Wilson,TX,Passenger,0,1,1,8,9,11.11
May 31 2022,Carroll,MD,Passenger,0,1,1,17,18,5.56
June 30 2021,Sevier,AR,Passenger,0,1,1,0,1,100
August 31 2021,Clinton,PA,Passenger,1,0,1,0,1,100
January 31 2022,Multnomah,OR,Passenger,2,4,6,631,637,0.94
May 31 2020,Wahkiakum,WA,Truck,0,0,0,1758,1758,0
October 31 2018,Spokane,WA,Truck,1,0,1,93409,93410,0
October 31 2023,Orange,FL,Passenger,2,0,2,56,58,3.45
March 31 2024,San Juan,WA,Truck,31,0,31,5853,5884,0.53
September 30 2017,Pima,AZ,Passenger,1,1,2,442,444,0.45
July 31 2019,Volusia,FL,Passenger,0,1,1,41,42,2.38
January 31 2020,Montgomery,PA,Passenger,2,0,2,35,37,5.41
June 30 2021,Multnomah,OR,Passenger,3,5,8,670,678,1.18
January 31 2019,San Juan,WA,Passenger,190,68,258,14248,14506,1.78
August 31 2022,Ventura,CA,Passenger,3,3,6,252,258,2.33
March 31 2023,Dorchester,SC,Passenger,1,0,1,53,54,1.85
September 30 2023,Garfield,WA,Passenger,0,3,3,1295,1298,0.23
October 31 2018,Ada,ID,Passenger,0,2,2,328,330,0.61
June 30 2024,Orange,FL,Passenger,1,0,1,35,36,2.78
February 29 2024,Pima,AZ,Passenger,1,0,1,172,173,0.58
September 30 2021,Montgomery,MD,Passenger,3,2,5,224,229,2.18
July 31 2019,Hennepin,MN,Passenger,2,1,3,107,110,2.73
December 31 2017,Saratoga,NY,Passenger,1,1,2,69,71,2.82
December 31 2022,Loudoun,VA,Passenger,3,1,4,64,68,5.88
December 31 2023,Sarasota,FL,Passenger,1,0,1,24,25,4
April 30 2024,New Haven,CT,Passenger,0,2,2,20,22,9.09
June 30 2018,DuPage,IL,Passenger,1,0,1,66,67,1.49
December 31 2022,Eau Claire,WI,Passenger,1,0,1,1,2,50
June 30 2022,Ray,MO,Passenger,0,1,1,1,2,50
January 31 2021,Pennington,SD,Passenger,1,0,1,33,34,2.94
May 31 2019,Franklin,MA,Passenger,0,1,1,2,3,33.33
April 30 2017,Whatcom,WA,Passenger,442,159,601,142421,143022,0.42
January 31 2018,Clallam,WA,Truck,0,0,0,21283,21283,0
June 30 2017,New London,CT,Passenger,1,0,1,246,247,0.4
August 31 2022,Chelan,WA,Passenger,486,134,620,54120,54740,1.13
January 31 2021,Prince George's,MD,Passenger,2,1,3,153,156,1.92
January 31 2023,Dallas,TX,Passenger,1,0,1,102,103,0.97
May 31 2023,Lincoln,OR,Passenger,0,1,1,18,19,5.26
July 31 2023,Sarasota,FL,Passenger,1,0,1,30,31,3.23
December 31 2023,Klickitat,WA,Passenger,181,76,257,15051,15308,1.68
January 31 2020,Denver,CO,Passenger,1,0,1,126,127,0.79
February 28 2022,Sacramento,CA,Passenger,1,1,2,240,242,0.83
December 31 2017,Montgomery,MD,Passenger,1,0,1,309,310,0.32
March 31 2017,Columbia,WA,Passenger,0,1,1,2355,2356,0.04
October 31 2021,Skagit,WA,Passenger,650,295,945,91390,92335,1.02
July 31 2019,Douglas,WA,Passenger,60,37,97,28070,28167,0.34
November 30 2023,Leavenworth,KS,Passenger,0,1,1,78,79,1.27
July 31 2021,Arlington,VA,Passenger,0,1,1,146,147,0.68
December 31 2022,Kauai,HI,Passenger,1,1,2,15,17,11.76
June 30 2022,Lewis,WA,Passenger,233,179,412,59664,60076,0.69
February 28 2018,Skamania,WA,Truck,0,0,0,3920,3920,0
July 31 2017,Whatcom,WA,Passenger,475,179,654,143146,143800,0.45
October 31 2017,Allegheny,PA,Passenger,1,0,1,93,94,1.06
February 28 2017,Skagit,WA,Passenger,114,86,200,87257,87457,0.23
January 31 2020,Douglas,WA,Truck,0,0,0,12309,12309,0
February 28 2019,Hawaii,HI,Passenger,1,0,1,68,69,1.45
April 30 2022,Jefferson,NY,Passenger,1,0,1,216,217,0.46
March 31 2023,Monterey,CA,Passenger,0,4,4,143,147,2.72
December 31 2023,Sarpy,NE,Passenger,1,0,1,56,57,1.75
September 30 2017,Grant,WA,Truck,0,0,0,25419,25419,0
February 28 2022,Skagit,WA,Truck,1,0,1,32606,32607,0
April 30 2017,Santa Rosa,FL,Passenger,1,0,1,110,111,0.9
February 28 2023,Bell,TX,Passenger,1,0,1,301,302,0.33
November 30 2021,Multnomah,OR,Passenger,3,6,9,652,661,1.36
February 28 2022,Saratoga,NY,Passenger,1,0,1,41,42,2.38
June 30 2021,Stafford,VA,Passenger,2,1,3,106,109,2.75
October 31 2018,Stevens,WA,Truck,0,0,0,18715,18715,0
May 31 2020,Snohomish,WA,Passenger,4401,1747,6148,533659,539807,1.14
October 31 2021,Jefferson,WA,Truck,0,0,0,9589,9589,0
March 31 2021,San Juan,WA,Truck,0,0,0,5881,5881,0
June 30 2017,San Diego,CA,Passenger,5,2,7,2727,2734,0.26
October 31 2021,Pend Oreille,WA,Truck,0,0,0,5681,5681,0
May 31 2021,Orange,CA,Passenger,5,3,8,454,462,1.73
March 31 2021,New Haven,CT,Passenger,0,2,2,35,37,5.41
September 30 2019,Hawaii,HI,Passenger,1,0,1,63,64,1.56
August 31 2018,Polk,FL,Passenger,1,0,1,69,70,1.43
September 30 2019,Cochise,AZ,Passenger,0,1,1,106,107,0.93
March 31 2022,Carson City,NV,Passenger,1,0,1,9,10,10
November 30 2018,Suffolk,MA,Passenger,0,1,1,46,47,2.13
October 31 2020,Mohave,AZ,Passenger,1,0,1,69,70,1.43
September 30 2023,Williamsburg,VA,Passenger,0,1,1,4,5,20
November 30 2019,Monroe,IL,Passenger,1,0,1,3,4,25
October 31 2023,King,WA,Passenger,66405,16175,82580,1319066,1401646,5.89
October 31 2017,Spokane,WA,Passenger,286,238,524,298841,299365,0.18
January 31 2021,Howard,MD,Passenger,0,1,1,74,75,1.33
September 30 2021,Stevens,WA,Truck,0,0,0,18878,18878,0
November 30 2021,St. Louis,MO,Passenger,1,0,1,77,78,1.28
April 30 2019,Grays Harbor,WA,Truck,0,0,0,20391,20391,0
December 31 2020,San Juan,WA,Truck,0,0,0,5870,5870,0
November 30 2021,Lewis,WA,Truck,0,0,0,26704,26704,0
December 31 2017,New Haven,CT,Passenger,0,1,1,55,56,1.79
February 29 2020,Alameda,CA,Passenger,3,1,4,297,301,1.33
March 31 2023,Alameda,CA,Passenger,5,1,6,186,192,3.12
April 30 2018,Orleans,LA,Passenger,0,1,1,48,49,2.04
September 30 2022,Jackson,OK,Passenger,0,1,1,35,36,2.78
May 31 2024,Marin,CA,Passenger,1,1,2,28,30,6.67
September 30 2022,Penobscot,ME,Passenger,0,1,1,8,9,11.11
December 31 2023,Hawaii,HI,Passenger,1,0,1,30,31,3.23
March 31 2017,Pierce,WA,Truck,0,0,0,138137,138137,0
October 31 2019,Mason,WA,Truck,0,0,0,20457,20457,0
October 31 2017,Okanogan,WA,Truck,0,0,0,16241,16241,0
March 31 2020,Kitsap,WA,Truck,1,0,1,54193,54194,0
August 31 2021,Lewis,WA,Truck,0,0,0,26737,26737,0
June 30 2018,San Juan,WA,Passenger,145,61,206,14062,14268,1.44
October 31 2023,Thurston,WA,Passenger,3599,1325,4924,189659,194583,2.53
December 31 2019,Riverside,CA,Passenger,4,1,5,655,660,0.76
June 30 2018,Nueces,TX,Passenger,1,1,2,87,89,2.25
September 30 2018,Clay,FL,Passenger,0,1,1,92,93,1.08
January 31 2022,Stafford,VA,Passenger,2,1,3,100,103,2.91
February 28 2017,DeKalb,GA,Passenger,1,0,1,86,87,1.15
April 30 2022,Alexandria,VA,Passenger,4,0,4,115,119,3.36
March 31 2022,Palm Beach,FL,Passenger,1,1,2,57,59,3.39
June 30 2020,Sarasota,FL,Passenger,2,0,2,37,39,5.13
November 30 2021,Botetourt,VA,Passenger,1,0,1,1,2,50
September 30 2019,Pend Oreille,WA,Truck,0,0,0,5711,5711,0
April 30 2021,Multnomah,OR,Passenger,3,5,8,685,693,1.15
October 31 2020,Klickitat,WA,Passenger,59,44,103,14996,15099,0.68
December 31 2017,Ferry,WA,Truck,0,0,0,3524,3524,0
May 31 2021,Prince William,VA,Passenger,1,3,4,220,224,1.79
September 30 2021,New Haven,CT,Passenger,0,2,2,32,34,5.88
March 31 2023,Pima,AZ,Passenger,1,0,1,228,229,0.44
May 31 2023,Charles,MD,Passenger,1,1,2,55,57,3.51
October 31 2019,Polk,FL,Passenger,1,0,1,78,79,1.27
June 30 2023,Onslow,NC,Passenger,0,1,1,144,145,0.69
May 31 2023,Mohave,AZ,Passenger,1,0,1,37,38,2.63
September 30 2020,Powhatan,VA,Passenger,1,0,1,1,2,50
May 31 2023,Walla Walla,WA,Truck,5,0,5,13757,13762,0.04
July 31 2023,Island,WA,Passenger,1112,441,1553,60838,62391,2.49
July 31 2019,Wahkiakum,WA,Passenger,2,2,4,3006,3010,0.13
February 28 2021,Orange,FL,Passenger,1,0,1,119,120,0.83
January 31 2022,Columbia,WA,Truck,0,0,0,1556,1556,0
December 31 2017,San Juan,WA,Truck,0,0,0,5603,5603,0
June 30 2018,Collin,TX,Passenger,1,0,1,171,172,0.58
July 31 2018,Kitsap,WA,Truck,1,0,1,53375,53376,0
May 31 2021,Norfolk,VA,Passenger,2,3,5,331,336,1.49
November 30 2019,Sacramento,CA,Passenger,0,1,1,309,310,0.32
February 28 2023,Burlington,NJ,Passenger,2,2,4,93,97,4.12
March 31 2024,Essex,NJ,Passenger,2,1,3,7,10,30
February 28 2022,Pinellas,FL,Passenger,0,1,1,92,93,1.08
March 31 2022,Santa Cruz,CA,Passenger,1,0,1,28,29,3.45
December 31 2018,Montgomery,PA,Passenger,2,0,2,35,37,5.41
February 29 2024,DuPage,IL,Passenger,2,1,3,27,30,10
April 30 2021,Sevier,AR,Passenger,0,1,1,0,1,100
January 31 2019,Whatcom,WA,Passenger,779,374,1153,149664,150817,0.76
October 31 2019,Columbia,WA,Passenger,3,2,5,2435,2440,0.2
June 30 2024,Solano,CA,Passenger,5,0,5,122,127,3.94
July 31 2022,Yakima,WA,Passenger,353,198,551,166538,167089,0.33
March 31 2021,Stevens,WA,Truck,0,0,0,18791,18791,0
October 31 2020,Spokane,WA,Truck,0,0,0,100164,100164,0
July 31 2023,Walla Walla,WA,Truck,6,0,6,13672,13678,0.04
September 30 2017,Allegheny,PA,Passenger,1,0,1,89,90,1.11
January 31 2017,Prince William,VA,Passenger,0,4,4,281,285,1.4
November 30 2021,Carson City,NV,Passenger,1,0,1,10,11,9.09
September 30 2023,Sarpy,NE,Passenger,1,0,1,56,57,1.75
May 31 2017,Mercer,NJ,Passenger,0,1,1,18,19,5.26
February 29 2024,Middlesex,NJ,Passenger,1,0,1,18,19,5.26
February 29 2020,Putnam,TN,Passenger,0,1,1,3,4,25
June 30 2019,Thurston,WA,Truck,0,0,0,55112,55112,0
December 31 2018,Dakota,MN,Passenger,0,2,2,33,35,5.71
May 31 2022,Jefferson,WA,Truck,0,0,0,9492,9492,0
February 28 2021,Denver,CO,Passenger,1,0,1,118,119,0.84
March 31 2023,Kauai,HI,Passenger,1,1,2,15,17,11.76
April 30 2024,Lexington,SC,Passenger,1,0,1,15,16,6.25
October 31 2020,Island,WA,Passenger,463,284,747,62791,63538,1.18
November 30 2018,Travis,TX,Passenger,1,1,2,214,216,0.93
May 31 2023,Frederick,MD,Passenger,1,1,2,51,53,3.77
August 31 2018,Suffolk,MA,Passenger,0,1,1,45,46,2.17
January 31 2018,Volusia,FL,Passenger,0,1,1,36,37,2.7
May 31 2023,Harrison,MS,Passenger,1,0,1,35,36,2.78
November 30 2019,Benton,WA,Passenger,310,308,618,135055,135673,0.46
July 31 2024,Columbia,WA,Passenger,8,0,8,2343,2351,0.34
March 31 2020,Dakota,MN,Passenger,0,1,1,30,31,3.23
April 30 2020,Lee,FL,Passenger,1,0,1,50,51,1.96
April 30 2023,,,Passenger,5,0,5,282,287,1.74
January 31 2020,Kootenai,ID,Passenger,1,2,3,235,238,1.26
September 30 2018,Douglas,NE,Passenger,0,1,1,70,71,1.41
December 31 2023,Galveston,TX,Passenger,0,1,1,14,15,6.67
January 31 2021,Asotin,WA,Truck,0,0,0,6686,6686,0
May 31 2023,Loudoun,VA,Passenger,2,1,3,62,65,4.62
January 31 2017,Palm Beach,FL,Passenger,0,1,1,106,107,0.93
November 30 2022,Goochland,VA,Passenger,2,2,4,111,115,3.48
April 30 2020,Sumter,FL,Passenger,0,1,1,10,11,9.09
August 31 2023,Richmond,NY,Passenger,1,0,1,4,5,20
March 31 2024,Whitman,WA,Truck,10,0,10,8630,8640,0.12
October 31 2019,Sarasota,FL,Passenger,2,0,2,36,38,5.26
September 30 2023,Kauai,HI,Passenger,0,1,1,15,16,6.25
December 31 2022,Kitsap,WA,Passenger,2763,1145,3908,176636,180544,2.16
October 31 2020,Ulster,NY,Passenger,1,0,1,13,14,7.14
October 31 2021,Spokane,WA,Truck,0,0,0,102491,102491,0
October 31 2019,Clark,WA,Truck,0,0,0,81123,81123,0
December 31 2022,Klickitat,WA,Truck,4,0,4,8228,8232,0.05
July 31 2021,Benton,WA,Passenger,538,396,934,136168,137102,0.68
January 31 2020,Pierce,WA,Passenger,2228,1678,3906,550316,554222,0.7
January 31 2017,Pacific,WA,Passenger,5,6,11,15024,15035,0.07
June 30 2018,Charleston,SC,Passenger,1,0,1,123,124,0.81
February 29 2024,Skamania,WA,Truck,3,0,3,3810,3813,0.08
August 31 2023,Escambia,FL,Passenger,0,1,1,136,137,0.73
June 30 2017,Marin,CA,Passenger,1,0,1,59,60,1.67
June 30 2018,Yakima,WA,Passenger,60,88,148,163753,163901,0.09
October 31 2020,Kittitas,WA,Passenger,120,49,169,29695,29864,0.57
August 31 2022,Contra Costa,CA,Passenger,0,3,3,220,223,1.35
June 30 2020,Howard,MD,Passenger,0,1,1,83,84,1.19
May 31 2024,Frederick,MD,Passenger,1,1,2,41,43,4.65
June 30 2024,Pend Oreille,WA,Passenger,36,19,55,8570,8625,0.64
January 31 2018,Portsmouth,VA,Passenger,0,1,1,69,70,1.43
April 30 2020,Osceola,FL,Passenger,1,0,1,45,46,2.17
May 31 2020,Franklin,WA,Passenger,58,74,132,60547,60679,0.22
February 28 2023,Whitman,WA,Passenger,124,70,194,21949,22143,0.88
May 31 2019,Alexandria,VA,Passenger,1,0,1,147,148,0.68
October 31 2022,Champaign,IL,Passenger,1,0,1,11,12,8.33
September 30 2021,Anchorage,AK,Passenger,1,0,1,152,153,0.65
January 31 2018,Mason,WA,Passenger,65,75,140,44973,45113,0.31
November 30 2017,Norfolk,VA,Passenger,1,1,2,309,311,0.64
March 31 2020,Maricopa,AZ,Passenger,7,9,16,1583,1599,1
December 31 2018,Portsmouth,VA,Passenger,0,1,1,79,80,1.25
February 29 2024,Okanogan,WA,Truck,10,0,10,16352,16362,0.06
January 31 2020,Shelby,TN,Passenger,0,1,1,101,102,0.98
November 30 2023,Burlington,NJ,Passenger,2,2,4,82,86,4.65
June 30 2019,Larimer,CO,Passenger,1,0,1,56,57,1.75
November 30 2017,St. Lucie,FL,Passenger,1,0,1,25,26,3.85
November 30 2023,Denton,TX,Passenger,1,0,1,41,42,2.38
May 31 2017,Hawaii,HI,Passenger,1,0,1,90,91,1.1
February 28 2021,Sevier,AR,Passenger,0,1,1,0,1,100
March 31 2019,Wahkiakum,WA,Passenger,1,1,2,3006,3008,0.07
May 31 2019,Clay,FL,Passenger,0,1,1,88,89,1.12
November 30 2020,DuPage,IL,Passenger,4,1,5,58,63,7.94
July 31 2022,Santa Cruz,CA,Passenger,1,0,1,26,27,3.7
September 30 2022,Okaloosa,FL,Passenger,0,1,1,104,105,0.95
April 30 2021,Marion,IA,Passenger,1,0,1,1,2,50
May 31 2021,Ray,MO,Passenger,0,1,1,1,2,50
July 31 2024,Thurston,WA,Truck,148,0,148,51804,51952,0.28
March 31 2024,Pulaski,MO,Passenger,2,0,2,87,89,2.25
April 30 2021,Hennepin,MN,Passenger,2,0,2,84,86,2.33
May 31 2021,Middlesex,MA,Passenger,1,0,1,99,100,1
August 31 2018,Mason,WA,Passenger,92,95,187,46039,46226,0.4
December 31 2023,,,Passenger,4,1,5,247,252,1.98
April 30 2024,Santa Cruz,CA,Passenger,1,0,1,17,18,5.56
October 31 2021,Solano,CA,Passenger,1,0,1,183,184,0.54
May 31 2023,Mason,WA,Truck,11,0,11,20700,20711,0.05
September 30 2018,Sacramento,CA,Passenger,0,1,1,320,321,0.31
November 30 2021,Carroll,MD,Passenger,0,1,1,18,19,5.26
April 30 2023,Hamilton,OH,Passenger,1,0,1,34,35,2.86
September 30 2018,Fairfax,VA,Passenger,3,1,4,810,814,0.49
November 30 2017,Latah,ID,Passenger,0,1,1,80,81,1.23
August 31 2017,Nueces,TX,Passenger,0,1,1,93,94,1.06
November 30 2022,Whitman,WA,Truck,3,0,3,8609,8612,0.03
April 30 2024,Ferry,WA,Truck,0,0,0,3499,3499,0
July 31 2023,Goochland,VA,Passenger,2,2,4,62,66,6.06
December 31 2020,Mercer,NJ,Passenger,0,1,1,11,12,8.33
September 30 2022,Cowlitz,WA,Passenger,367,180,547,70259,70806,0.77
August 31 2017,Virginia Beach,VA,Passenger,2,1,3,641,644,0.47
January 31 2018,Garfield,WA,Passenger,1,0,1,1329,1330,0.08
March 31 2020,Columbia,OR,Passenger,1,0,1,26,27,3.7
December 31 2023,Caddo,LA,Passenger,2,0,2,11,13,15.38
August 31 2020,Whatcom,WA,Passenger,1111,512,1623,149106,150729,1.08
March 31 2020,Monterey,CA,Passenger,0,1,1,188,189,0.53
October 31 2017,Nueces,TX,Passenger,0,1,1,92,93,1.08
June 30 2021,Skamania,WA,Passenger,44,34,78,8391,8469,0.92
October 31 2019,Honolulu,HI,Passenger,4,2,6,505,511,1.17
July 31 2018,Douglas,NE,Passenger,0,1,1,73,74,1.35
August 31 2019,Saginaw,MI,Passenger,1,0,1,13,14,7.14
November 30 2018,Lake,CA,Passenger,0,1,1,11,12,8.33
November 30 2021,Ray,MO,Passenger,0,1,1,1,2,50
March 31 2020,El Paso,TX,Passenger,3,0,3,431,434,0.69
June 30 2020,Cowlitz,WA,Truck,0,0,0,28857,28857,0
December 31 2021,St. Clair,IL,Passenger,1,0,1,130,131,0.76
November 30 2018,Rogers,OK,Passenger,1,0,1,7,8,12.5
January 31 2022,Bartow,GA,Passenger,0,1,1,4,5,20
December 31 2019,Oldham,KY,Passenger,0,1,1,4,5,20
April 30 2023,Walla Walla,WA,Truck,5,0,5,13738,13743,0.04
February 28 2019,Salt Lake,UT,Passenger,1,0,1,218,219,0.46
March 31 2023,Clark,WA,Passenger,5290,2158,7448,313484,320932,2.32
November 30 2017,Island,WA,Passenger,147,157,304,61305,61609,0.49
September 30 2020,El Paso,TX,Passenger,3,0,3,418,421,0.71
March 31 2020,Randolph,NC,Passenger,1,0,1,8,9,11.11
February 28 2018,Montgomery,MD,Passenger,1,0,1,304,305,0.33
March 31 2022,Mohave,AZ,Passenger,1,0,1,50,51,1.96
October 31 2022,Mohave,AZ,Passenger,1,0,1,43,44,2.27
February 28 2018,Manassas,VA,Passenger,0,1,1,9,10,10
April 30 2022,Albemarle,VA,Passenger,3,0,3,20,23,13.04
May 31 2023,New York,NY,Passenger,2,0,2,36,38,5.26
June 30 2018,Beaufort,SC,Passenger,1,0,1,42,43,2.33
May 31 2023,Fredericksburg,VA,Passenger,1,0,1,6,7,14.29
March 31 2023,Clark,NV,Passenger,9,3,12,480,492,2.44
January 31 2020,Arlington,VA,Passenger,0,2,2,158,160,1.25
May 31 2024,Fairfax,VA,Passenger,11,5,16,509,525,3.05
July 31 2019,Palm Beach,FL,Passenger,0,2,2,86,88,2.27
May 31 2021,Suffolk,VA,Passenger,1,0,1,126,127,0.79
February 28 2022,Pennington,SD,Passenger,2,0,2,30,32,6.25
September 30 2020,Fort Bend,TX,Passenger,1,0,1,43,44,2.27
May 31 2021,Kitsap,WA,Passenger,1796,831,2627,180221,182848,1.44
October 31 2021,Dorchester,SC,Passenger,1,0,1,77,78,1.28
October 31 2020,Harrison,MS,Passenger,1,0,1,52,53,1.89
February 29 2024,Shelby,AL,Passenger,1,0,1,5,6,16.67
January 31 2022,Salt Lake,UT,Passenger,2,1,3,177,180,1.67
May 31 2022,St. Mary's,MD,Passenger,2,0,2,198,200,1
November 30 2022,San Bernardino,CA,Passenger,2,1,3,345,348,0.86
December 31 2022,Kootenai,ID,Passenger,0,1,1,149,150,0.67
February 28 2017,Ferry,WA,Truck,0,0,0,3562,3562,0
February 28 2018,Ferry,WA,Truck,0,0,0,3527,3527,0
February 29 2020,Lee,FL,Passenger,1,0,1,51,52,1.92
October 31 2023,San Juan,WA,Passenger,663,188,851,13735,14586,5.83
April 30 2021,Pacific,WA,Passenger,41,41,82,16051,16133,0.51
August 31 2022,Whitman,WA,Passenger,94,62,156,21922,22078,0.71
January 31 2020,Flathead,MT,Passenger,1,0,1,69,70,1.43
May 31 2023,Geary,KS,Passenger,1,0,1,71,72,1.39
April 30 2019,Denver,CO,Passenger,1,0,1,136,137,0.73
August 31 2020,Alameda,CA,Passenger,2,0,2,282,284,0.7
November 30 2020,Adams,WA,Passenger,10,6,16,12934,12950,0.12
June 30 2019,Polk,FL,Passenger,1,0,1,76,77,1.3
September 30 2021,Walla Walla,WA,Truck,0,0,0,14071,14071,0
March 31 2022,Tarrant,TX,Passenger,4,0,4,146,150,2.67
May 31 2018,Wahkiakum,WA,Truck,0,0,0,1674,1674,0
February 28 2023,Nassau,NY,Passenger,2,0,2,29,31,6.45
July 31 2020,Snohomish,WA,Passenger,4581,1774,6355,535385,541740,1.17
November 30 2022,Grays Harbor,WA,Passenger,242,161,403,48597,49000,0.82
November 30 2017,Pinal,AZ,Passenger,2,0,2,225,227,0.88
July 31 2024,Yakima,WA,Truck,19,0,19,58583,58602,0.03
March 31 2021,Greene,MO,Passenger,0,1,1,36,37,2.7
July 31 2021,Louisa,VA,Passenger,0,1,1,1,2,50
August 31 2021,Owyhee,ID,Passenger,1,0,1,3,4,25
October 31 2019,Pierce,WA,Passenger,2057,1628,3685,546653,550338,0.67
May 31 2019,Grant,WA,Truck,0,0,0,26525,26525,0
December 31 2017,Thurston,WA,Passenger,469,391,860,189964,190824,0.45
October 31 2023,Camden,NJ,Passenger,0,1,1,13,14,7.14
October 31 2022,Sonoma,CA,Passenger,2,1,3,84,87,3.45
March 31 2017,Wahkiakum,WA,Truck,0,0,0,1635,1635,0
October 31 2017,Queens,NY,Passenger,1,0,1,62,63,1.59
March 31 2018,Maui,HI,Passenger,1,0,1,66,67,1.49
June 30 2021,Middlesex,MA,Passenger,1,0,1,100,101,0.99
December 31 2017,Lewis,WA,Passenger,54,42,96,56571,56667,0.17
February 29 2020,Franklin,WA,Truck,0,0,0,19892,19892,0
May 31 2018,San Mateo,CA,Passenger,1,1,2,138,140,1.43
November 30 2017,Clay,FL,Passenger,0,1,1,108,109,0.92
July 31 2023,York,VA,Passenger,1,0,1,74,75,1.33
October 31 2021,Suffolk,VA,Passenger,1,0,1,124,125,0.8
July 31 2022,Tom Green,TX,Passenger,0,1,1,23,24,4.17
April 30 2024,Isle of Wight,VA,Passenger,0,1,1,16,17,5.88
June 30 2024,Tooele,UT,Passenger,2,0,2,6,8,25
June 30 2023,Washington,MD,Passenger,1,0,1,14,15,6.67
June 30 2017,Pierce,WA,Truck,0,0,0,137502,137502,0
October 31 2023,Mason,WA,Truck,17,0,17,20588,20605,0.08
May 31 2020,Guadalupe,TX,Passenger,1,0,1,70,71,1.41
February 29 2024,Santa Barbara,CA,Passenger,1,0,1,60,61,1.64
April 30 2017,Kitsap,WA,Truck,1,0,1,52314,52315,0
April 30 2022,King,WA,Truck,26,1,27,181617,181644,0.01
July 31 2018,Jefferson,WA,Passenger,147,99,246,24576,24822,0.99
June 30 2021,Riverside,CA,Passenger,5,1,6,578,584,1.03
July 31 2021,Manassas,VA,Passenger,0,1,1,6,7,14.29
November 30 2018,Broward,FL,Passenger,2,1,3,135,138,2.17
October 31 2019,Albemarle,VA,Passenger,1,0,1,26,27,3.7
May 31 2019,Collier,FL,Passenger,1,0,1,22,23,4.35
April 30 2018,Twin Falls,ID,Passenger,0,1,1,25,26,3.85
April 30 2021,Benton,WA,Passenger,494,376,870,136011,136881,0.64
May 31 2017,Kitsap,WA,Truck,1,0,1,52380,52381,0
November 30 2022,Fairbanks North Star,AK,Passenger,0,1,1,70,71,1.41
March 31 2019,San Juan,WA,Passenger,197,70,267,14285,14552,1.83
March 31 2021,Asotin,WA,Truck,0,0,0,6720,6720,0
April 30 2017,Dakota,MN,Passenger,0,1,1,41,42,2.38
August 31 2022,Manassas,VA,Passenger,0,1,1,7,8,12.5
July 31 2024,New York,NY,Passenger,2,0,2,25,27,7.41
September 30 2017,El Paso,CO,Passenger,2,1,3,780,783,0.38
November 30 2019,Lincoln,WA,Truck,0,0,0,4693,4693,0
December 31 2021,Adams,WA,Truck,0,0,0,5418,5418,0
November 30 2018,Manatee,FL,Passenger,1,0,1,43,44,2.27
June 30 2023,Grant,WA,Passenger,282,126,408,67122,67530,0.6
June 30 2022,Jefferson,WA,Passenger,435,218,653,24558,25211,2.59
April 30 2017,Cobb,GA,Passenger,0,1,1,79,80,1.25
June 30 2022,Okanogan,WA,Truck,1,0,1,16631,16632,0.01
June 30 2018,Allegheny,PA,Passenger,1,0,1,84,85,1.18
November 30 2022,Newport News,VA,Passenger,1,0,1,115,116,0.86
March 31 2023,Ferry,WA,Truck,0,0,0,3568,3568,0
May 31 2018,Marion,IN,Passenger,1,0,1,120,121,0.83
December 31 2017,Ventura,CA,Passenger,0,1,1,341,342,0.29
April 30 2022,Spartanburg,SC,Passenger,0,1,1,41,42,2.38
April 30 2020,Eagle,CO,Passenger,1,0,1,8,9,11.11
July 31 2024,Charles,MD,Passenger,1,1,2,46,48,4.17
November 30 2019,Greene,MO,Passenger,0,1,1,33,34,2.94
March 31 2023,Whitman,WA,Passenger,131,71,202,21950,22152,0.91
September 30 2020,Lake,FL,Passenger,1,0,1,26,27,3.7
June 30 2023,Kitsap,WA,Passenger,3233,1292,4525,175540,180065,2.51
June 30 2023,Adams,WA,Passenger,25,12,37,13085,13122,0.28
October 31 2019,Loudoun,VA,Passenger,1,0,1,96,97,1.03
July 31 2022,San Joaquin,CA,Passenger,1,1,2,95,97,2.06
January 31 2024,Garfield,OK,Passenger,1,0,1,15,16,6.25
October 31 2018,Richland,SC,Passenger,0,1,1,168,169,0.59
July 31 2019,Pinal,AZ,Passenger,2,0,2,199,201,1
April 30 2017,Juneau,AK,Passenger,0,1,1,55,56,1.79
January 31 2017,Carroll,NH,Passenger,0,1,1,0,1,100
April 30 2023,Snohomish,WA,Passenger,11688,2927,14615,528177,542792,2.69
June 30 2018,Madison,ID,Passenger,1,0,1,38,39,2.56
April 30 2022,Sarpy,NE,Passenger,1,0,1,65,66,1.52
February 28 2021,Placer,CA,Passenger,2,0,2,86,88,2.27
June 30 2019,Skamania,WA,Truck,0,0,0,4063,4063,0
September 30 2017,Montgomery,TX,Passenger,1,0,1,62,63,1.59
December 31 2021,Santa Clara,CA,Passenger,10,1,11,268,279,3.94
September 30 2022,Douglas,CO,Passenger,0,1,1,78,79,1.27
January 31 2019,Lumpkin,GA,Passenger,1,0,1,6,7,14.29
November 30 2021,Coryell,TX,Passenger,1,0,1,109,110,0.91
December 31 2020,Lincoln,WA,Passenger,5,12,17,7638,7655,0.22
August 31 2018,Kent,MI,Passenger,0,1,1,28,29,3.45
November 30 2021,Wahkiakum,WA,Truck,0,0,0,1816,1816,0
March 31 2023,Harrison,MS,Passenger,1,0,1,37,38,2.63
August 31 2022,Orange,NC,Passenger,0,1,1,8,9,11.11
September 30 2023,Cook,IL,Passenger,2,1,3,154,157,1.91
October 31 2023,Howard,MD,Passenger,0,2,2,60,62,3.23
August 31 2020,Pinellas,FL,Passenger,1,1,2,114,116,1.72
August 31 2019,DuPage,IL,Passenger,3,0,3,64,67,4.48
February 28 2023,Rockdale,GA,Passenger,1,0,1,6,7,14.29
January 31 2022,Lake,IN,Passenger,0,1,1,9,10,10
September 30 2017,Lake,CA,Passenger,0,1,1,13,14,7.14
June 30 2023,Eau Claire,WI,Passenger,1,0,1,1,2,50
September 30 2023,Kitsap,WA,Passenger,3611,1407,5018,175384,180402,2.78
February 28 2018,Whatcom,WA,Truck,1,0,1,42036,42037,0
March 31 2019,Clallam,WA,Truck,0,0,0,21615,21615,0
September 30 2021,Franklin,WA,Passenger,138,100,238,62082,62320,0.38
March 31 2024,Pinal,AZ,Passenger,2,1,3,74,77,3.9
January 31 2021,Hillsborough,FL,Passenger,0,1,1,172,173,0.58
May 31 2022,Harrison,MS,Passenger,2,0,2,52,54,3.7
January 31 2023,Boulder,CO,Passenger,2,0,2,44,46,4.35
June 30 2020,Yakima,WA,Truck,0,0,0,59883,59883,0
March 31 2021,Vigo,IN,Passenger,1,0,1,5,6,16.67
December 31 2017,Lake,CA,Passenger,0,1,1,10,11,9.09
May 31 2022,Essex,NJ,Passenger,2,0,2,13,15,13.33
April 30 2021,San Diego,CA,Passenger,17,4,21,2662,2683,0.78
January 31 2019,El Paso,CO,Passenger,3,2,5,771,776,0.64
November 30 2022,Escambia,FL,Passenger,0,1,1,145,146,0.68
July 31 2022,New Haven,CT,Passenger,0,2,2,33,35,5.71
November 30 2017,Snohomish,WA,Passenger,1986,1018,3004,515925,518929,0.58
July 31 2018,Whitman,WA,Truck,0,0,0,8498,8498,0
August 31 2021,Hennepin,MN,Passenger,3,0,3,79,82,3.66
October 31 2018,St. Lucie,FL,Passenger,1,0,1,28,29,3.45
April 30 2020,Carroll,NH,Passenger,0,1,1,4,5,20
November 30 2020,Thurston,WA,Passenger,1289,762,2051,196987,199038,1.03
February 28 2023,Ada,ID,Passenger,2,0,2,142,144,1.39
March 31 2024,Autauga,AL,Passenger,2,1,3,12,15,20
May 31 2021,Nassau,NY,Passenger,3,0,3,34,37,8.11
July 31 2022,Essex,NJ,Passenger,2,0,2,12,14,14.29
September 30 2020,Columbia,WA,Passenger,4,3,7,2421,2428,0.29
April 30 2018,St. Clair,IL,Passenger,0,1,1,153,154,0.65
July 31 2022,Honolulu,HI,Passenger,5,3,8,387,395,2.03
March 31 2017,Moore,NC,Passenger,0,1,1,205,206,0.49
August 31 2021,Washtenaw,MI,Passenger,0,1,1,31,32,3.12
June 30 2018,Wahkiakum,WA,Passenger,1,2,3,2915,2918,0.1
April 30 2017,Skagit,WA,Truck,1,0,1,31390,31391,0
May 31 2020,Chelan,WA,Truck,0,0,0,22425,22425,0
July 31 2022,Bexar,TX,Passenger,3,3,6,479,485,1.24
August 31 2022,Tarrant,TX,Passenger,4,0,4,125,129,3.1
November 30 2023,Nueces,TX,Passenger,0,1,1,49,50,2
May 31 2024,Pitt,NC,Passenger,0,1,1,6,7,14.29
January 31 2024,Newport,RI,Passenger,0,2,2,53,55,3.64
December 31 2023,Pierce,WA,Passenger,9466,3212,12678,525652,538330,2.36
August 31 2023,DuPage,IL,Passenger,2,1,3,32,35,8.57
December 31 2021,Fairfax,VA,Passenger,5,3,8,686,694,1.15
June 30 2022,Stevens,WA,Truck,0,0,0,18919,18919,0
July 31 2017,Island,WA,Truck,0,0,0,20496,20496,0
August 31 2017,Gwinnett,GA,Passenger,0,1,1,88,89,1.12
June 30 2017,Whitman,WA,Truck,0,0,0,8429,8429,0
August 31 2021,Eagle,CO,Passenger,1,0,1,8,9,11.11
January 31 2023,Danville,VA,Passenger,1,0,1,0,1,100
May 31 2023,Prince George's,MD,Passenger,2,1,3,120,123,2.44
December 31 2019,Wahkiakum,WA,Truck,0,0,0,1753,1753,0
July 31 2017,Anne Arundel,MD,Passenger,0,1,1,500,501,0.2
March 31 2017,Saratoga,NY,Passenger,1,1,2,76,78,2.56
December 31 2019,Solano,CA,Passenger,1,0,1,213,214,0.47
February 29 2020,Garfield,WA,Passenger,0,1,1,1347,1348,0.07
December 31 2019,San Juan,WA,Truck,0,0,0,5933,5933,0
February 28 2017,Manassas,VA,Passenger,0,1,1,8,9,11.11
August 31 2023,Philadelphia,PA,Passenger,0,1,1,39,40,2.5
October 31 2022,Wichita,TX,Passenger,1,0,1,41,42,2.38
July 31 2024,Hennepin,MN,Passenger,1,0,1,22,23,4.35
October 31 2018,Utah,UT,Passenger,0,1,1,148,149,0.67
October 31 2023,Champaign,IL,Passenger,1,0,1,11,12,8.33
January 31 2022,Columbia,OR,Passenger,1,0,1,25,26,3.85
February 28 2022,Norfolk,MA,Passenger,1,0,1,28,29,3.45
January 31 2023,Harford,MD,Passenger,1,1,2,42,44,4.55
April 30 2019,Clay,FL,Passenger,0,1,1,88,89,1.12
October 31 2023,Portsmouth,VA,Passenger,0,2,2,61,63,3.17
October 31 2019,Williamson,TX,Passenger,0,2,2,155,157,1.27
January 31 2024,Charles,MD,Passenger,1,1,2,51,53,3.77
May 31 2022,Pacific,WA,Passenger,60,68,128,15892,16020,0.8
April 30 2020,Kitsap,WA,Truck,1,0,1,53888,53889,0
April 30 2021,Polk,FL,Passenger,1,0,1,70,71,1.41
September 30 2021,San Luis Obispo,CA,Passenger,1,0,1,68,69,1.45
November 30 2022,Sonoma,CA,Passenger,2,1,3,80,83,3.61
November 30 2021,Island,WA,Passenger,701,341,1042,62759,63801,1.63
June 30 2018,Pacific,WA,Passenger,17,20,37,15561,15598,0.24
January 31 2017,Pend Oreille,WA,Passenger,1,4,5,9345,9350,0.05
January 31 2020,Island,WA,Truck,1,0,1,21343,21344,0
April 30 2023,New London,CT,Passenger,2,3,5,177,182,2.75
April 30 2018,New Haven,CT,Passenger,0,1,1,50,51,1.96
May 31 2021,San Francisco,CA,Passenger,1,1,2,102,104,1.92
January 31 2017,Hardin,KY,Passenger,0,1,1,122,123,0.81
April 30 2024,San Juan,WA,Passenger,732,202,934,13535,14469,6.46
August 31 2020,King,WA,Truck,5,1,6,183259,183265,0
February 28 2017,Harnett,NC,Passenger,1,0,1,262,263,0.38
December 31 2021,Denton,TX,Passenger,2,0,2,81,83,2.41
January 31 2023,Flathead,MT,Passenger,1,0,1,32,33,3.03
October 31 2017,Alameda,CA,Passenger,0,1,1,358,359,0.28
September 30 2019,Tarrant,TX,Passenger,3,0,3,201,204,1.47
February 28 2023,Washington,MD,Passenger,2,0,2,14,16,12.5
December 31 2019,Clallam,WA,Passenger,196,157,353,50858,51211,0.69
July 31 2023,Skagit,WA,Passenger,1150,420,1570,88708,90278,1.74
November 30 2019,Asotin,WA,Passenger,13,8,21,12649,12670,0.17
April 30 2024,Chelan,WA,Truck,52,0,52,22975,23027,0.23
November 30 2023,Salt Lake,UT,Passenger,5,1,6,98,104,5.77
June 30 2019,Clark,NV,Passenger,4,3,7,708,715,0.98
October 31 2017,Albemarle,VA,Passenger,0,1,1,32,33,3.03
September 30 2023,Williamson,TX,Passenger,1,1,2,53,55,3.64
October 31 2017,Twin Falls,ID,Passenger,0,1,1,26,27,3.7
December 31 2021,Wilson,NC,Passenger,1,0,1,0,1,100
November 30 2022,Pacific,WA,Passenger,70,79,149,15715,15864,0.94
May 31 2019,El Paso,CO,Passenger,2,2,4,748,752,0.53
July 31 2017,Benton,WA,Truck,0,0,0,40129,40129,0
October 31 2019,Alexandria,VA,Passenger,1,0,1,146,147,0.68
May 31 2018,Twin Falls,ID,Passenger,0,1,1,25,26,3.85
January 31 2022,Douglas,NE,Passenger,1,2,3,51,54,5.56
October 31 2019,Powhatan,VA,Passenger,1,0,1,1,2,50
April 30 2018,Mason,WA,Passenger,71,85,156,45389,45545,0.34
September 30 2021,Clark,NV,Passenger,6,3,9,642,651,1.38
November 30 2022,Pierce,WA,Truck,71,0,71,139692,139763,0.05
August 31 2023,Spokane,WA,Truck,41,0,41,101764,101805,0.04
July 31 2022,Ferry,WA,Truck,0,0,0,3562,3562,0
August 31 2022,Brown,WI,Passenger,1,0,1,9,10,10
August 31 2023,Thurston,WA,Passenger,3351,1280,4631,189811,194442,2.38
February 29 2024,Fresno,CA,Passenger,0,1,1,126,127,0.79
April 30 2020,Wahkiakum,WA,Passenger,6,5,11,2973,2984,0.37
May 31 2020,Deschutes,OR,Passenger,4,0,4,149,153,2.61
August 31 2017,,,Passenger,3,0,3,443,446,0.67
August 31 2019,Carroll,NH,Passenger,0,1,1,3,4,25
June 30 2019,Grays Harbor,WA,Truck,0,0,0,20451,20451,0
December 31 2017,Clark,NV,Passenger,2,3,5,766,771,0.65
September 30 2019,Klickitat,WA,Truck,0,0,0,8293,8293,0
August 31 2017,Wahkiakum,WA,Truck,0,0,0,1655,1655,0
May 31 2018,Ventura,CA,Passenger,0,1,1,327,328,0.3
January 31 2024,Carroll,MD,Passenger,0,1,1,14,15,6.67
June 30 2023,Plaquemines,LA,Passenger,1,1,2,16,18,11.11
August 31 2022,Ferry,WA,Passenger,20,4,24,4395,4419,0.54
November 30 2023,Shasta,CA,Passenger,1,0,1,24,25,4
April 30 2020,Klickitat,WA,Truck,0,0,0,8188,8188,0
January 31 2021,DeKalb,GA,Passenger,1,0,1,69,70,1.43
July 31 2022,Middlesex,NJ,Passenger,1,0,1,22,23,4.35
September 30 2021,Saginaw,MI,Passenger,1,0,1,7,8,12.5
October 31 2020,Lake,FL,Passenger,1,0,1,25,26,3.85
August 31 2022,Eagle,CO,Passenger,1,0,1,6,7,14.29
February 28 2019,Jefferson,WA,Passenger,179,113,292,24855,25147,1.16
November 30 2022,Arlington,VA,Passenger,1,0,1,124,125,0.8
November 30 2018,Marion,OR,Passenger,1,0,1,124,125,0.8
March 31 2021,Allegheny,PA,Passenger,2,1,3,79,82,3.66
May 31 2022,DeKalb,GA,Passenger,1,0,1,54,55,1.82
July 31 2020,Tulsa,OK,Passenger,1,1,2,53,55,3.64
July 31 2022,Flathead,MT,Passenger,1,0,1,35,36,2.78
May 31 2020,Frederick,MD,Passenger,1,1,2,69,71,2.82
May 31 2022,Frederick,MD,Passenger,1,1,2,65,67,2.99
October 31 2022,Hudson,NJ,Passenger,3,0,3,33,36,8.33
May 31 2020,Pacific,WA,Truck,0,0,0,7619,7619,0
August 31 2020,Kitsap,WA,Passenger,1401,698,2099,179512,181611,1.16
July 31 2023,Spokane,WA,Truck,41,0,41,101576,101617,0.04
June 30 2020,Ada,ID,Passenger,0,1,1,287,288,0.35
July 31 2020,Albemarle,VA,Passenger,1,0,1,21,22,4.55
February 29 2020,Richland,SC,Passenger,0,1,1,159,160,0.62
February 28 2019,Arlington,VA,Passenger,1,2,3,165,168,1.79
November 30 2022,Grays Harbor,WA,Truck,3,0,3,21086,21089,0.01
October 31 2017,Essex,NJ,Passenger,1,0,1,15,16,6.25
February 28 2022,Palm Beach,FL,Passenger,1,1,2,59,61,3.28
April 30 2022,Mason,WA,Passenger,292,176,468,47458,47926,0.98
June 30 2019,Contra Costa,CA,Passenger,2,2,4,379,383,1.04
July 31 2020,Ramsey,MN,Passenger,1,0,1,45,46,2.17
November 30 2022,Anne Arundel,MD,Passenger,3,3,6,313,319,1.88
August 31 2023,Douglas,CO,Passenger,0,2,2,58,60,3.33
September 30 2022,Lewis,WA,Passenger,251,179,430,59735,60165,0.71
September 30 2018,Snohomish,WA,Truck,1,0,1,121755,121756,0
May 31 2022,Pulaski,MO,Passenger,2,0,2,118,120,1.67
March 31 2021,Kittitas,WA,Passenger,145,55,200,29884,30084,0.66
May 31 2018,,,Passenger,3,2,5,429,434,1.15
October 31 2023,Berkeley,SC,Passenger,2,1,3,95,98,3.06
December 31 2019,Cowlitz,WA,Truck,0,0,0,29029,29029,0
February 29 2020,Harford,MD,Passenger,0,1,1,60,61,1.64
July 31 2021,New London,CT,Passenger,1,2,3,216,219,1.37
December 31 2019,Spokane,WA,Passenger,642,471,1113,314929,316042,0.35
June 30 2018,Ferry,WA,Truck,0,0,0,3511,3511,0
December 31 2023,San Mateo,CA,Passenger,2,0,2,57,59,3.39
December 31 2023,Santa Clara,CA,Passenger,18,1,19,162,181,10.5
December 31 2022,Cook,IL,Passenger,2,0,2,191,193,1.04
March 31 2024,Palm Beach,FL,Passenger,1,0,1,39,40,2.5
September 30 2021,Santa Cruz,CA,Passenger,1,0,1,28,29,3.45
May 31 2020,Lake,FL,Passenger,1,0,1,24,25,4
November 30 2017,Utah,UT,Passenger,0,1,1,147,148,0.68
June 30 2022,Fredericksburg,VA,Passenger,1,0,1,8,9,11.11
February 28 2022,Powhatan,VA,Passenger,1,0,1,1,2,50
March 31 2021,Kings,NY,Passenger,1,0,1,72,73,1.37
January 31 2022,Kings,NY,Passenger,1,0,1,72,73,1.37
January 31 2020,Garfield,WA,Passenger,0,1,1,1319,1320,0.08
November 30 2023,Wahkiakum,WA,Passenger,30,22,52,3043,3095,1.68
February 28 2022,Santa Clara,CA,Passenger,11,1,12,267,279,4.3
March 31 2019,Monterey,CA,Passenger,0,1,1,197,198,0.51
May 31 2020,Denton,TX,Passenger,1,0,1,98,99,1.01
May 31 2019,Portsmouth,VA,Passenger,0,1,1,73,74,1.35
January 31 2021,Montgomery,OH,Passenger,0,1,1,53,54,1.85
October 31 2023,Orange,NC,Passenger,0,1,1,4,5,20
December 31 2021,Powhatan,VA,Passenger,1,0,1,1,2,50
April 30 2024,Kitsap,WA,Passenger,4359,1610,5969,174405,180374,3.31
January 31 2021,Pacific,WA,Passenger,35,37,72,15783,15855,0.45
April 30 2023,Columbia,WA,Passenger,8,1,9,2404,2413,0.37
March 31 2022,Wichita,TX,Passenger,1,0,1,43,44,2.27
October 31 2022,Ada,ID,Passenger,1,0,1,161,162,0.62
August 31 2021,Orange,FL,Passenger,2,0,2,119,121,1.65
May 31 2019,Bucks,PA,Passenger,1,0,1,21,22,4.55
July 31 2023,Grant,WA,Passenger,297,131,428,67109,67537,0.63
February 28 2022,Alameda,CA,Passenger,5,1,6,225,231,2.6
September 30 2018,Deschutes,OR,Passenger,2,0,2,174,176,1.14
June 30 2023,Camden,NJ,Passenger,0,1,1,15,16,6.25
September 30 2017,Santa Rosa,FL,Passenger,1,0,1,112,113,0.88
July 31 2021,Newport,RI,Passenger,0,1,1,80,81,1.23
September 30 2022,Sumter,SC,Passenger,0,1,1,34,35,2.86
May 31 2024,Monterey,CA,Truck,1,0,1,24,25,4
September 30 2023,Spokane,WA,Passenger,2555,1237,3792,322346,326138,1.16
May 31 2022,Pierce,WA,Passenger,4945,2283,7228,545694,552922,1.31
February 28 2019,Clark,WA,Passenger,1337,866,2203,311764,313967,0.7
March 31 2018,Lewis,WA,Passenger,55,49,104,57153,57257,0.18
February 29 2020,Columbia,WA,Truck,0,0,0,1535,1535,0
May 31 2018,Orange,FL,Passenger,2,1,3,173,176,1.7
March 31 2018,Fulton,GA,Passenger,1,0,1,101,102,0.98
July 31 2019,Shelby,TN,Passenger,0,1,1,97,98,1.02
May 31 2019,Whatcom,WA,Passenger,838,412,1250,150383,151633,0.82
February 28 2019,Franklin,WA,Passenger,49,70,119,59281,59400,0.2
July 31 2019,Asotin,WA,Passenger,12,8,20,12652,12672,0.16
May 31 2023,Lincoln,WA,Passenger,17,18,35,7687,7722,0.45
July 31 2020,Charleston,SC,Passenger,2,0,2,102,104,1.92
December 31 2021,Montgomery,PA,Passenger,2,0,2,23,25,8
December 31 2020,Pennington,SD,Passenger,1,0,1,33,34,2.94
February 29 2024,Beaufort,SC,Passenger,1,0,1,27,28,3.57
September 30 2019,Chelan,WA,Passenger,174,71,245,54503,54748,0.45
April 30 2017,Fulton,GA,Passenger,1,1,2,118,120,1.67
April 30 2020,Moore,NC,Passenger,0,1,1,158,159,0.63
December 31 2021,Okaloosa,FL,Passenger,0,1,1,118,119,0.84
June 30 2023,Hudson,NJ,Passenger,2,0,2,18,20,10
June 30 2021,Clinton,PA,Passenger,1,0,1,0,1,100
February 28 2022,Garfield,WA,Passenger,0,3,3,1347,1350,0.22
January 31 2022,Orange,CA,Passenger,7,3,10,424,434,2.3
May 31 2023,Calvert,MD,Passenger,1,1,2,80,82,2.44
June 30 2018,Clallam,WA,Truck,0,0,0,21444,21444,0
July 31 2019,Riverside,CA,Passenger,3,2,5,669,674,0.74
July 31 2023,Chelan,WA,Truck,31,0,31,23166,23197,0.13
March 31 2021,Ray,MO,Passenger,0,1,1,1,2,50
November 30 2022,Prince George's,MD,Passenger,3,1,4,132,136,2.94
August 31 2017,Twin Falls,ID,Passenger,0,1,1,24,25,4
January 31 2019,Clallam,WA,Truck,0,0,0,21631,21631,0
August 31 2018,Walla Walla,WA,Truck,0,0,0,13498,13498,0
October 31 2017,Deschutes,OR,Passenger,1,0,1,195,196,0.51
April 30 2023,Kern,CA,Passenger,1,1,2,191,193,1.04
January 31 2023,Frederick,MD,Passenger,1,0,1,58,59,1.69
August 31 2017,Pinal,AZ,Passenger,2,0,2,230,232,0.86
October 31 2018,Sumter,FL,Passenger,0,1,1,11,12,8.33
July 31 2023,Sacramento,CA,Truck,1,0,1,31,32,3.12
May 31 2024,Ferry,WA,Passenger,31,4,35,4249,4284,0.82
November 30 2019,Lewis,WA,Passenger,109,105,214,59495,59709,0.36
December 31 2018,El Paso,CO,Passenger,3,2,5,774,779,0.64
February 29 2020,Lake,IL,Passenger,1,0,1,176,177,0.56
September 30 2020,Clackamas,OR,Passenger,2,0,2,191,193,1.04
March 31 2022,Pulaski,MO,Passenger,2,0,2,121,123,1.63
December 31 2021,Howard,IN,Passenger,0,1,1,6,7,14.29
December 31 2018,Nantucket,MA,Passenger,1,0,1,4,5,20
April 30 2021,Chelan,WA,Truck,0,0,0,23050,23050,0
January 31 2021,Wahkiakum,WA,Truck,0,0,0,1768,1768,0
September 30 2019,Collier,FL,Passenger,1,0,1,22,23,4.35
May 31 2019,Nassau,NY,Passenger,3,0,3,42,45,6.67
May 31 2022,Lee,FL,Passenger,1,0,1,36,37,2.7
October 31 2023,Essex,NJ,Passenger,2,0,2,8,10,20
July 31 2019,Lake,CA,Passenger,0,1,1,9,10,10
August 31 2021,Pennington,SD,Passenger,1,0,1,31,32,3.12
October 31 2023,Island,WA,Truck,35,0,35,20901,20936,0.17
August 31 2017,Manatee,FL,Passenger,1,0,1,45,46,2.17
June 30 2022,Middlesex,MA,Passenger,2,0,2,95,97,2.06
September 30 2019,Stafford,VA,Passenger,1,1,2,104,106,1.89
April 30 2021,Dakota,MN,Passenger,0,1,1,28,29,3.45
April 30 2021,Jones,GA,Passenger,1,0,1,1,2,50
April 30 2017,Clallam,WA,Passenger,80,68,148,48126,48274,0.31
August 31 2019,Stafford,VA,Passenger,1,1,2,105,107,1.87
July 31 2023,DuPage,IL,Passenger,2,1,3,34,37,8.11
June 30 2021,Kings,CA,Passenger,1,0,1,330,331,0.3
October 31 2021,Rockingham,NH,Passenger,1,0,1,20,21,4.76
June 30 2021,Orange,NC,Passenger,0,1,1,13,14,7.14
March 31 2021,Anne Arundel,MD,Passenger,3,1,4,389,393,1.02
October 31 2020,San Diego,CA,Passenger,15,2,17,2730,2747,0.62
July 31 2021,Fairfax,VA,Passenger,5,3,8,714,722,1.11
October 31 2020,Suffolk,VA,Passenger,1,0,1,126,127,0.79
November 30 2017,Orange,FL,Passenger,1,1,2,145,147,1.36
August 31 2017,Norfolk,MA,Passenger,1,0,1,40,41,2.44
May 31 2017,Wahkiakum,WA,Passenger,0,2,2,2837,2839,0.07
December 31 2020,San Francisco,CA,Passenger,1,1,2,102,104,1.92
February 28 2017,Mason,WA,Truck,0,0,0,19189,19189,0
March 31 2020,Hudson,NJ,Passenger,1,0,1,40,41,2.44
November 30 2022,Washtenaw,MI,Passenger,0,1,1,25,26,3.85
January 31 2021,San Juan,WA,Passenger,377,113,490,14017,14507,3.38
March 31 2021,District of Columbia,DC,Passenger,2,1,3,184,187,1.6
November 30 2017,Pacific,WA,Truck,0,0,0,7531,7531,0
August 31 2023,Randolph,NC,Passenger,1,0,1,2,3,33.33
June 30 2021,Botetourt,VA,Passenger,1,0,1,1,2,50
March 31 2024,Chesapeake,VA,Passenger,2,0,2,266,268,0.75
March 31 2020,Columbia,WA,Truck,0,0,0,1533,1533,0
May 31 2024,Pierce,WA,Truck,307,0,307,132474,132781,0.23
September 30 2022,Whatcom,WA,Truck,14,0,14,43064,43078,0.03
August 31 2022,Sarpy,NE,Passenger,1,0,1,63,64,1.56
June 30 2020,Monterey,CA,Passenger,0,2,2,174,176,1.14
June 30 2021,Danville,VA,Passenger,1,0,1,0,1,100
August 31 2018,Los Angeles,CA,Passenger,5,4,9,1167,1176,0.77
August 31 2017,Jefferson,NY,Passenger,1,0,1,245,246,0.41
July 31 2019,Monterey,CA,Passenger,0,1,1,196,197,0.51
July 31 2022,Moore,NC,Passenger,0,1,1,113,114,0.88
May 31 2022,Okanogan,WA,Passenger,80,51,131,26376,26507,0.49
June 30 2020,Prince William,VA,Passenger,2,4,6,222,228,2.63
August 31 2021,Riverside,CA,Passenger,5,1,6,566,572,1.05
May 31 2024,Prince George's,MD,Passenger,3,1,4,101,105,3.81
June 30 2022,Montgomery,TX,Passenger,1,0,1,40,41,2.44
April 30 2023,Montgomery,AL,Passenger,1,0,1,35,36,2.78
January 31 2023,Mercer,NJ,Passenger,0,1,1,13,14,7.14
December 31 2019,Tarrant,TX,Passenger,3,0,3,197,200,1.5
September 30 2018,Polk,FL,Passenger,1,0,1,68,69,1.45
April 30 2024,St. Mary's,MD,Passenger,2,0,2,161,163,1.23
May 31 2021,Franklin,WA,Passenger,117,95,212,61920,62132,0.34
August 31 2019,Pacific,WA,Truck,0,0,0,7674,7674,0
May 31 2020,Whitman,WA,Truck,0,0,0,8513,8513,0
June 30 2020,RÃ­o Grande,PR,Passenger,1,0,1,1,2,50
July 31 2022,Ada,ID,Passenger,1,0,1,180,181,0.55
October 31 2023,Rock Island,IL,Passenger,0,1,1,12,13,7.69
August 31 2018,Pierce,WA,Passenger,1303,1224,2527,534689,537216,0.47
October 31 2023,Lincoln,WA,Passenger,21,24,45,7604,7649,0.59
May 31 2021,Allegheny,PA,Passenger,2,1,3,78,81,3.7
January 31 2023,Wayne,MI,Passenger,0,1,1,36,37,2.7
April 30 2022,Island,WA,Passenger,777,365,1142,61959,63101,1.81
December 31 2021,Whitman,WA,Passenger,67,59,126,21924,22050,0.57
September 30 2023,Boulder,CO,Passenger,2,0,2,32,34,5.88
March 31 2024,Contra Costa,CA,Passenger,2,1,3,138,141,2.13
June 30 2023,Rockingham,NH,Passenger,1,0,1,13,14,7.14
December 31 2022,Tooele,UT,Passenger,1,0,1,8,9,11.11
August 31 2018,District of Columbia,DC,Passenger,0,3,3,189,192,1.56
September 30 2023,Pima,AZ,Passenger,1,0,1,193,194,0.52
February 29 2024,Fairfax,VA,Passenger,9,5,14,529,543,2.58
January 31 2023,Henrico,VA,Passenger,0,1,1,10,11,9.09
September 30 2020,Flathead,MT,Passenger,2,0,2,64,66,3.03
September 30 2022,Isle of Wight,VA,Passenger,0,1,1,17,18,5.56
June 30 2018,Chelan,WA,Passenger,110,53,163,53548,53711,0.3
January 31 2021,Whatcom,WA,Truck,3,0,3,43590,43593,0.01
March 31 2024,Cowlitz,WA,Truck,15,0,15,27782,27797,0.05
November 30 2019,Frederick,MD,Passenger,1,1,2,77,79,2.53
April 30 2024,Thurston,WA,Truck,118,0,118,53066,53184,0.22
November 30 2019,Santa Rosa,FL,Passenger,1,0,1,92,93,1.08
May 31 2017,Ramsey,MN,Passenger,1,0,1,45,46,2.17
December 31 2017,Manatee,FL,Passenger,1,0,1,41,42,2.38
September 30 2020,Manassas,VA,Passenger,0,1,1,5,6,16.67
August 31 2021,Wilson,NC,Passenger,1,0,1,0,1,100
November 30 2020,Snohomish,WA,Truck,0,0,0,125436,125436,0
May 31 2018,Pend Oreille,WA,Truck,0,0,0,5674,5674,0
May 31 2020,Garfield,WA,Passenger,0,1,1,1346,1347,0.07
September 30 2021,Spokane,WA,Passenger,1187,703,1890,325829,327719,0.58
May 31 2018,Pierce,WA,Passenger,1185,1125,2310,530327,532637,0.43
May 31 2017,Los Angeles,CA,Passenger,2,1,3,1352,1355,0.22
July 31 2020,Collin,TX,Passenger,2,1,3,135,138,2.17
July 31 2023,Mason,WA,Truck,13,0,13,20607,20620,0.06
March 31 2022,Loudoun,VA,Passenger,1,1,2,71,73,2.74
January 31 2023,Lake,IL,Passenger,2,0,2,133,135,1.48
July 31 2019,St. Clair,IL,Passenger,0,1,1,162,163,0.61
September 30 2018,Camden,NJ,Passenger,0,1,1,27,28,3.57
December 31 2023,Orange,FL,Passenger,2,0,2,51,53,3.77
November 30 2022,Whatcom,WA,Passenger,2057,798,2855,148588,151443,1.89
April 30 2020,Harford,MD,Passenger,0,1,1,60,61,1.64
August 31 2020,Okaloosa,FL,Passenger,0,1,1,149,150,0.67
December 31 2021,Moore,NC,Passenger,0,1,1,120,121,0.83
September 30 2018,Kitsap,WA,Passenger,841,499,1340,179419,180759,0.74
March 31 2023,Skamania,WA,Passenger,96,53,149,8107,8256,1.8
November 30 2022,Hillsborough,FL,Passenger,1,2,3,133,136,2.21
August 31 2022,Clark,WA,Truck,17,0,17,82306,82323,0.02
June 30 2020,District of Columbia,DC,Passenger,1,1,2,193,195,1.03
February 28 2019,Contra Costa,CA,Passenger,1,2,3,384,387,0.78
October 31 2023,Grant,WA,Truck,12,0,12,28093,28105,0.04
April 30 2024,Wake,NC,Passenger,4,0,4,65,69,5.8
October 31 2023,Allegheny,PA,Passenger,2,0,2,57,59,3.39
September 30 2022,Cass,MN,Passenger,0,1,1,3,4,25
September 30 2020,King,WA,Passenger,25384,7893,33277,1370647,1403924,2.37
December 31 2020,Spokane,WA,Truck,0,0,0,100666,100666,0
September 30 2017,Jefferson,WA,Truck,0,0,0,9414,9414,0
February 29 2024,New York,NY,Passenger,2,0,2,34,36,5.56
March 31 2020,Nueces,TX,Passenger,1,0,1,84,85,1.18
October 31 2022,Gwinnett,GA,Passenger,1,0,1,60,61,1.64
January 31 2019,Chelan,WA,Passenger,140,64,204,54202,54406,0.37
January 31 2023,Allen,IN,Passenger,1,0,1,18,19,5.26
May 31 2021,Rockingham,NH,Passenger,1,0,1,23,24,4.17
April 30 2024,Plaquemines,LA,Passenger,1,1,2,16,18,11.11
November 30 2020,Putnam,TN,Passenger,0,1,1,3,4,25
April 30 2024,Walla Walla,WA,Passenger,283,149,432,35186,35618,1.21
May 31 2021,Hamilton,IN,Passenger,2,0,2,39,41,4.88
October 31 2023,Asotin,WA,Truck,0,0,0,6636,6636,0
February 28 2018,Wahkiakum,WA,Truck,0,0,0,1673,1673,0
February 29 2020,Franklin,WA,Passenger,58,75,133,61105,61238,0.22
May 31 2018,San Juan,WA,Passenger,141,56,197,14039,14236,1.38
January 31 2020,Grant,WA,Truck,0,0,0,27026,27026,0
October 31 2023,DeKalb,GA,Passenger,2,0,2,38,40,5
August 31 2021,Allen,IN,Passenger,1,0,1,20,21,4.76
October 31 2021,Pierce,WA,Truck,0,0,0,145084,145084,0
January 31 2020,Pierce,WA,Truck,0,0,0,141276,141276,0
March 31 2018,Grays Harbor,WA,Truck,0,0,0,20072,20072,0
September 30 2021,Grant,WA,Truck,0,0,0,27993,27993,0
January 31 2020,Broward,FL,Passenger,2,1,3,127,130,2.31
July 31 2024,Kern,CA,Passenger,1,1,2,129,131,1.53
June 30 2018,Morris,NJ,Passenger,1,0,1,18,19,5.26
May 31 2020,Boone,MO,Passenger,0,1,1,10,11,9.09
March 31 2021,Putnam,TN,Passenger,0,1,1,1,2,50
January 31 2022,Pinellas,FL,Passenger,0,1,1,95,96,1.04
October 31 2021,Kings,CA,Passenger,2,0,2,335,337,0.59
November 30 2018,Mecklenburg,NC,Passenger,1,0,1,80,81,1.23
August 31 2017,Dale,AL,Passenger,0,1,1,61,62,1.61
February 28 2021,Pierce,WA,Passenger,3027,1809,4836,554927,559763,0.86
June 30 2023,Travis,TX,Passenger,1,1,2,98,100,2
October 31 2021,Essex,NJ,Passenger,2,0,2,14,16,12.5
March 31 2024,Spokane,WA,Truck,84,0,84,101253,101337,0.08
June 30 2019,Whitman,WA,Passenger,31,46,77,22701,22778,0.34
August 31 2020,St. Mary's,MD,Passenger,1,0,1,210,211,0.47
July 31 2023,Arlington,VA,Passenger,1,0,1,115,116,0.86
March 31 2017,Norfolk,VA,Passenger,1,1,2,306,308,0.65
January 31 2021,DuPage,IL,Passenger,4,1,5,59,64,7.81
December 31 2020,Tarrant,TX,Passenger,1,0,1,177,178,0.56
May 31 2023,Columbia,GA,Passenger,1,0,1,77,78,1.28
November 30 2019,Lake,CA,Passenger,0,1,1,11,12,8.33
April 30 2019,Ada,ID,Passenger,0,2,2,322,324,0.62
September 30 2017,Fairfax,VA,Passenger,3,1,4,837,841,0.48
December 31 2023,Cook,IL,Passenger,2,1,3,148,151,1.99
December 31 2018,DuPage,IL,Passenger,1,0,1,63,64,1.56
June 30 2021,Rockingham,NH,Passenger,1,0,1,21,22,4.55
July 31 2024,St. Mary's,MD,Passenger,2,0,2,151,153,1.31
December 31 2020,Pacific,WA,Passenger,34,35,69,15713,15782,0.44
January 31 2020,Benton,WA,Truck,0,0,0,42549,42549,0
September 30 2019,Kootenai,ID,Passenger,1,2,3,227,230,1.3
June 30 2022,Contra Costa,CA,Passenger,0,3,3,232,235,1.28
January 31 2022,Richmond,NY,Passenger,1,0,1,4,5,20
December 31 2019,Kitsap,WA,Passenger,1199,652,1851,182258,184109,1.01
December 31 2021,Bexar,TX,Passenger,2,4,6,524,530,1.13
May 31 2019,Middlesex,MA,Passenger,1,0,1,116,117,0.85
December 31 2022,Pulaski,MO,Passenger,3,0,3,104,107,2.8
December 31 2021,Onslow,NC,Passenger,0,1,1,167,168,0.6
May 31 2018,Washtenaw,MI,Passenger,1,0,1,37,38,2.63
January 31 2023,Louisa,VA,Passenger,0,1,1,1,2,50
October 31 2020,El Paso,TX,Passenger,3,0,3,415,418,0.72
November 30 2022,Sacramento,CA,Passenger,2,1,3,218,221,1.36
July 31 2020,Suffolk,MA,Passenger,0,2,2,41,43,4.65
June 30 2020,Klamath,OR,Passenger,1,0,1,34,35,2.86
June 30 2024,Rockingham,NH,Passenger,1,0,1,8,9,11.11
March 31 2024,Whitman,WA,Passenger,210,121,331,21896,22227,1.49
January 31 2021,Cumberland,NC,Passenger,1,2,3,453,456,0.66
January 31 2022,Lane,OR,Passenger,0,2,2,120,122,1.64
April 30 2023,Middlesex,MA,Passenger,2,0,2,85,87,2.3
April 30 2024,Lee,AL,Passenger,1,0,1,13,14,7.14
June 30 2024,San Joaquin,CA,Passenger,1,0,1,59,60,1.67
August 31 2021,Montgomery,AL,Passenger,1,0,1,40,41,2.44
January 31 2019,Lake,CA,Passenger,0,1,1,11,12,8.33
May 31 2021,Montgomery,TX,Passenger,1,1,2,51,53,3.77
July 31 2018,Klamath,OR,Passenger,1,0,1,37,38,2.63
December 31 2020,Suffolk,VA,Passenger,1,0,1,124,125,0.8
May 31 2024,Jefferson,NY,Passenger,2,0,2,166,168,1.19
September 30 2019,Montgomery,AL,Passenger,1,1,2,44,46,4.35
January 31 2019,Randolph,NC,Passenger,1,0,1,6,7,14.29
October 31 2023,Skamania,WA,Passenger,129,55,184,8039,8223,2.24
March 31 2018,Arlington,VA,Passenger,1,2,3,180,183,1.64
January 31 2022,Benton,WA,Truck,0,0,0,43581,43581,0
May 31 2017,Dane,WI,Passenger,1,0,1,123,124,0.81
April 30 2018,Jefferson,WA,Passenger,134,88,222,24348,24570,0.9
July 31 2019,Santa Clara,CA,Passenger,4,2,6,376,382,1.57
November 30 2017,Franklin,WA,Truck,0,0,0,18410,18410,0
October 31 2021,Dallas,TX,Passenger,1,0,1,164,165,0.61
March 31 2021,Klamath,OR,Passenger,1,0,1,32,33,3.03
October 31 2023,Richmond,NY,Passenger,1,0,1,4,5,20
May 31 2023,Alexandria,VA,Passenger,3,0,3,100,103,2.91
December 31 2023,Middlesex,MA,Passenger,2,0,2,76,78,2.56
February 28 2018,Madison,ID,Passenger,1,0,1,38,39,2.56
February 29 2024,Grant,WA,Passenger,385,169,554,67435,67989,0.81
December 31 2017,Pima,AZ,Passenger,1,1,2,435,437,0.46
April 30 2021,Greene,MO,Passenger,0,1,1,36,37,2.7
April 30 2023,Clark,WA,Passenger,5457,2213,7670,313357,321027,2.39
September 30 2018,Grays Harbor,WA,Passenger,55,65,120,47153,47273,0.25
March 31 2022,Bell,TX,Passenger,1,0,1,345,346,0.29
December 31 2020,Asotin,WA,Passenger,16,13,29,12399,12428,0.23
December 31 2021,Riverside,CA,Passenger,5,1,6,537,543,1.1
November 30 2022,Island,WA,Truck,15,0,15,21195,21210,0.07
July 31 2023,Charles,MD,Passenger,1,1,2,54,56,3.57
July 31 2017,Mason,WA,Passenger,57,69,126,43629,43755,0.29
October 31 2022,Sacramento,CA,Passenger,2,1,3,222,225,1.33
February 28 2019,Ramsey,MN,Passenger,1,0,1,42,43,2.33
September 30 2017,Hardin,KY,Passenger,0,1,1,110,111,0.9
January 31 2023,Doña Ana,NM,Passenger,1,0,1,13,14,7.14
December 31 2022,Currituck,NC,Passenger,1,0,1,19,20,5
January 31 2020,RÃ­o Grande,PR,Passenger,1,0,1,1,2,50
March 31 2023,Hanover,VA,Passenger,1,0,1,1,2,50
December 31 2021,Clinton,PA,Passenger,1,0,1,0,1,100
June 30 2022,Frederick,MD,Passenger,1,1,2,63,65,3.08
May 31 2018,Lee,FL,Passenger,1,0,1,56,57,1.75
April 30 2021,Lake,FL,Passenger,1,0,1,25,26,3.85
September 30 2020,Mason,WA,Passenger,162,129,291,47444,47735,0.61
January 31 2024,Whatcom,WA,Passenger,3016,1076,4092,147818,151910,2.69
February 28 2017,Okaloosa,FL,Passenger,1,0,1,191,192,0.52
April 30 2020,Lake,CA,Passenger,0,1,1,10,11,9.09
November 30 2021,Ventura,CA,Passenger,2,3,5,274,279,1.79
February 28 2023,Grant,WA,Truck,7,0,7,28051,28058,0.02
January 31 2018,New Haven,CT,Passenger,0,1,1,54,55,1.82
September 30 2018,Utah,UT,Passenger,0,1,1,149,150,0.67
April 30 2024,Harris,TX,Passenger,2,2,4,108,112,3.57
December 31 2017,Nueces,TX,Passenger,1,1,2,91,93,2.15
June 30 2022,Ulster,NY,Passenger,1,0,1,15,16,6.25
October 31 2017,Pierce,WA,Truck,0,0,0,136981,136981,0
April 30 2021,Virginia Beach,VA,Passenger,2,0,2,634,636,0.31
September 30 2017,Jefferson,NY,Passenger,1,0,1,242,243,0.41
June 30 2023,Honolulu,HI,Passenger,4,3,7,308,315,2.22
October 31 2021,Orange,CA,Passenger,6,2,8,429,437,1.83
March 31 2019,Nantucket,MA,Passenger,1,0,1,4,5,20
July 31 2020,Brevard,FL,Passenger,0,1,1,89,90,1.11
January 31 2019,Polk,FL,Passenger,1,0,1,72,73,1.37
November 30 2020,Allegheny,PA,Passenger,2,1,3,80,83,3.61
June 30 2020,Putnam,TN,Passenger,0,1,1,3,4,25
March 31 2019,Berkshire,MA,Passenger,0,1,1,4,5,20
May 31 2019,Kittitas,WA,Truck,0,0,0,14382,14382,0
February 28 2021,Benton,WA,Passenger,458,362,820,135008,135828,0.6
July 31 2018,Tulsa,OK,Passenger,1,1,2,53,55,3.64
September 30 2023,Orange,CA,Passenger,8,3,11,328,339,3.24
March 31 2022,Newport,RI,Passenger,0,1,1,79,80,1.25
June 30 2018,Lake,CA,Passenger,0,1,1,9,10,10
November 30 2021,Fairfax,VA,Passenger,5,3,8,696,704,1.14
May 31 2022,Penobscot,ME,Passenger,0,1,1,7,8,12.5
November 30 2022,Snohomish,WA,Passenger,9868,2713,12581,529946,542527,2.32
August 31 2020,Williamson,TX,Passenger,0,2,2,142,144,1.39
June 30 2018,Clackamas,OR,Passenger,0,1,1,231,232,0.43
September 30 2020,Denton,TX,Passenger,1,0,1,93,94,1.06
January 31 2020,Lincoln,WA,Truck,0,0,0,4668,4668,0
October 31 2017,Spokane,WA,Truck,1,0,1,91316,91317,0
January 31 2020,Lewis,WA,Passenger,109,106,215,59585,59800,0.36
February 28 2023,Lincoln,WA,Passenger,16,17,33,7739,7772,0.42
August 31 2020,Sarasota,FL,Passenger,2,0,2,34,36,5.56
June 30 2017,Santa Rosa,FL,Passenger,1,0,1,114,115,0.87
February 28 2021,Montgomery,AL,Passenger,1,0,1,42,43,2.33
November 30 2021,Montgomery,AL,Passenger,1,0,1,40,41,2.44
July 31 2024,Pierce,WA,Passenger,11307,3595,14902,506996,521898,2.86
June 30 2017,Pacific,WA,Passenger,10,7,17,15139,15156,0.11
January 31 2023,Pend Oreille,WA,Passenger,23,14,37,8926,8963,0.41
February 28 2018,Pima,AZ,Passenger,1,1,2,438,440,0.45
April 30 2019,Kittitas,WA,Truck,0,0,0,14301,14301,0
September 30 2020,Clark,NV,Passenger,3,3,6,700,706,0.85
May 31 2019,Kern,CA,Passenger,0,1,1,225,226,0.44
November 30 2019,Clallam,WA,Truck,1,0,1,21838,21839,0
November 30 2022,Jackson,OK,Passenger,0,1,1,36,37,2.7
November 30 2023,Marion,IA,Passenger,1,0,1,0,1,100
October 31 2018,Ferry,WA,Passenger,3,2,5,4409,4414,0.11
August 31 2017,Honolulu,HI,Passenger,3,2,5,573,578,0.87
February 29 2024,Williamson,TX,Passenger,1,1,2,49,51,3.92
November 30 2017,Grant,WA,Truck,0,0,0,25514,25514,0
March 31 2023,Walla Walla,WA,Truck,5,0,5,13786,13791,0.04
December 31 2018,Dallas,TX,Passenger,0,1,1,215,216,0.46
February 28 2022,Chelan,WA,Passenger,429,121,550,54534,55084,1
October 31 2022,Grays Harbor,WA,Passenger,231,166,397,48663,49060,0.81
March 31 2023,Fairfax,VA,Passenger,8,2,10,607,617,1.62
July 31 2022,Sacramento,CA,Passenger,2,1,3,231,234,1.28
June 30 2018,Jefferson,CO,Passenger,0,1,1,59,60,1.67
June 30 2019,Walla Walla,WA,Truck,0,0,0,13590,13590,0
December 31 2021,Skamania,WA,Truck,0,0,0,3997,3997,0
July 31 2023,Berkeley,SC,Passenger,0,1,1,102,103,0.97
July 31 2020,Klamath,OR,Passenger,1,0,1,35,36,2.78
March 31 2022,Chelan,WA,Passenger,437,122,559,54558,55117,1.01
January 31 2018,Walla Walla,WA,Passenger,30,33,63,35363,35426,0.18
July 31 2022,Williamson,TX,Passenger,1,2,3,96,99,3.03
October 31 2023,Rockingham,NH,Passenger,1,0,1,9,10,10
January 31 2020,New London,CT,Passenger,0,1,1,244,245,0.41
October 31 2019,Hennepin,MN,Passenger,3,1,4,104,108,3.7
October 31 2023,Travis,TX,Passenger,1,1,2,82,84,2.38
January 31 2024,Gwinnett,GA,Passenger,1,0,1,44,45,2.22
August 31 2021,Kitsap,WA,Truck,0,0,0,54321,54321,0
February 28 2021,Franklin,WA,Passenger,92,86,178,61575,61753,0.29
June 30 2024,Skamania,WA,Passenger,151,50,201,7738,7939,2.53
August 31 2018,Contra Costa,CA,Passenger,0,1,1,433,434,0.23
February 28 2023,Duval,FL,Passenger,1,0,1,283,284,0.35
June 30 2017,Montgomery,PA,Passenger,1,0,1,39,40,2.5
September 30 2019,Randolph,NC,Passenger,1,0,1,6,7,14.29
September 30 2017,Clallam,WA,Truck,0,0,0,21086,21086,0
August 31 2019,Cowlitz,WA,Truck,0,0,0,28894,28894,0
March 31 2021,Whatcom,WA,Passenger,1298,576,1874,150330,152204,1.23
July 31 2018,Deschutes,OR,Passenger,1,0,1,178,179,0.56
June 30 2017,Multnomah,OR,Passenger,1,3,4,1002,1006,0.4
February 28 2022,New London,CT,Passenger,1,4,5,209,214,2.34
January 31 2022,Suffolk,VA,Passenger,1,0,1,123,124,0.81
September 30 2021,Jefferson,NY,Passenger,1,0,1,217,218,0.46
September 30 2023,Riverside,CA,Passenger,6,0,6,386,392,1.53
March 31 2020,Williams,ND,Passenger,0,1,1,13,14,7.14
January 31 2023,San Diego,CA,Passenger,23,7,30,2322,2352,1.28
February 29 2024,Bell,TX,Passenger,2,0,2,212,214,0.93
March 31 2024,Moore,NC,Passenger,0,1,1,95,96,1.04
January 31 2023,Suffolk,VA,Passenger,1,0,1,121,122,0.82
October 31 2021,Washtenaw,MI,Passenger,0,1,1,31,32,3.12
February 28 2017,Pierce,WA,Truck,0,0,0,138521,138521,0
September 30 2020,Douglas,WA,Truck,0,0,0,12373,12373,0
June 30 2020,Whatcom,WA,Passenger,1065,498,1563,149155,150718,1.04
February 29 2020,Collin,TX,Passenger,2,1,3,146,149,2.01
October 31 2020,Chesapeake,VA,Passenger,0,2,2,423,425,0.47
January 31 2017,St. Lucie,FL,Passenger,1,0,1,31,32,3.12
December 31 2022,Wayne,MI,Passenger,0,1,1,37,38,2.63
July 31 2020,Sedgwick,KS,Passenger,1,1,2,99,101,1.98
July 31 2019,Cochise,AZ,Passenger,0,1,1,111,112,0.89
November 30 2022,District of Columbia,DC,Passenger,2,0,2,152,154,1.3
March 31 2017,Hidalgo,TX,Passenger,0,1,1,99,100,1
December 31 2018,Valencia,NM,Passenger,1,0,1,12,13,7.69
June 30 2020,Shelby,OH,Passenger,0,1,1,2,3,33.33
April 30 2017,Douglas,WA,Passenger,31,21,52,26598,26650,0.2
March 31 2020,Cowlitz,WA,Passenger,134,114,248,73144,73392,0.34
June 30 2023,Pacific,WA,Truck,4,0,4,7823,7827,0.05
September 30 2019,Cowlitz,WA,Truck,0,0,0,28951,28951,0
November 30 2018,San Diego,CA,Passenger,9,3,12,2573,2585,0.46
May 31 2020,Collin,TX,Passenger,2,1,3,134,137,2.19
March 31 2023,San Juan,WA,Truck,10,0,10,5912,5922,0.17
October 31 2022,Bryan,GA,Passenger,0,1,1,37,38,2.63
February 28 2019,Washington,OR,Passenger,0,1,1,482,483,0.21
March 31 2021,Flathead,MT,Passenger,2,0,2,54,56,3.57
February 28 2022,Pierce,WA,Passenger,4480,2170,6650,551686,558336,1.19
November 30 2022,Jefferson,WA,Truck,6,0,6,9376,9382,0.06
February 28 2023,Washington,OR,Passenger,1,0,1,290,291,0.34
August 31 2023,,,Passenger,5,1,6,272,278,2.16
June 30 2022,Kootenai,ID,Passenger,0,1,1,165,166,0.6
August 31 2023,Rockingham,NH,Passenger,1,0,1,11,12,8.33
July 31 2017,Chelan,WA,Passenger,68,35,103,52137,52240,0.2
January 31 2019,Island,WA,Passenger,288,230,518,63208,63726,0.81
April 30 2022,Kittitas,WA,Passenger,235,78,313,29728,30041,1.04
February 28 2018,Alameda,CA,Passenger,0,1,1,365,366,0.27
November 30 2021,Skamania,WA,Truck,0,0,0,3998,3998,0
October 31 2023,Leavenworth,KS,Passenger,0,1,1,76,77,1.3
April 30 2020,Fort Bend,TX,Passenger,1,0,1,46,47,2.13
May 31 2020,Pinellas,FL,Passenger,1,1,2,117,119,1.68
November 30 2023,Atlantic,NJ,Passenger,1,0,1,10,11,9.09
February 28 2021,Jones,GA,Passenger,1,0,1,1,2,50
May 31 2020,Stevens,WA,Passenger,35,33,68,30719,30787,0.22
March 31 2022,Wahkiakum,WA,Passenger,18,11,29,3074,3103,0.93
June 30 2019,Walla Walla,WA,Passenger,49,61,110,36175,36285,0.3
July 31 2024,Multnomah,OR,Passenger,1,1,2,300,302,0.66
April 30 2024,Berkeley,SC,Passenger,2,1,3,76,79,3.8
July 31 2024,Whitman,WA,Passenger,235,132,367,21396,21763,1.69
January 31 2020,El Paso,CO,Passenger,3,2,5,746,751,0.67
October 31 2018,Valencia,NM,Passenger,1,0,1,12,13,7.69
June 30 2024,Fresno,CA,Passenger,0,1,1,117,118,0.85
April 30 2024,Sonoma,CA,Passenger,2,1,3,57,60,5
March 31 2017,Lincoln,WA,Truck,0,0,0,4469,4469,0
November 30 2020,Loudoun,VA,Passenger,1,0,1,79,80,1.25
December 31 2022,Orange,FL,Passenger,1,0,1,81,82,1.22
April 30 2021,Carroll,MD,Passenger,0,1,1,17,18,5.56
March 31 2019,Washtenaw,MI,Passenger,1,0,1,36,37,2.7
February 29 2024,Alexandria,VA,Passenger,3,0,3,87,90,3.33
March 31 2022,Lake,IL,Passenger,3,0,3,158,161,1.86
February 28 2019,Dale,AL,Passenger,0,1,1,54,55,1.82
August 31 2021,Juneau,AK,Passenger,0,1,1,29,30,3.33
November 30 2017,Pierce,WA,Passenger,1050,942,1992,525884,527876,0.38
January 31 2023,Walla Walla,WA,Passenger,203,106,309,35696,36005,0.86
December 31 2021,Harris,TX,Passenger,1,0,1,202,203,0.49
July 31 2020,Clark,WA,Truck,0,0,0,82391,82391,0
February 29 2024,Island,WA,Truck,44,0,44,20760,20804,0.21
June 30 2021,Greene,MO,Passenger,0,1,1,34,35,2.86
April 30 2022,Botetourt,VA,Passenger,1,0,1,1,2,50
March 31 2024,Lincoln,WA,Passenger,26,26,52,7578,7630,0.68
November 30 2022,St. Clair,IL,Passenger,1,0,1,123,124,0.81
July 31 2022,Kootenai,ID,Passenger,0,1,1,162,163,0.61
May 31 2022,Boulder,CO,Passenger,2,0,2,49,51,3.92
December 31 2019,Lincoln,WA,Passenger,1,11,12,7802,7814,0.15
August 31 2018,El Paso,CO,Passenger,3,2,5,766,771,0.65
May 31 2019,Walla Walla,WA,Passenger,46,57,103,36152,36255,0.28
March 31 2018,Deschutes,OR,Passenger,1,0,1,182,183,0.55
February 29 2024,Marion,OR,Passenger,1,0,1,43,44,2.27
October 31 2017,Arlington,VA,Passenger,1,2,3,176,179,1.68
August 31 2017,Santa Rosa,FL,Passenger,1,0,1,113,114,0.88
May 31 2021,Dakota,MN,Passenger,0,1,1,28,29,3.45
March 31 2024,Virginia Beach,VA,Passenger,4,2,6,400,406,1.48
June 30 2022,Carroll,MD,Passenger,0,1,1,17,18,5.56
April 30 2023,Maui,HI,Passenger,1,0,1,21,22,4.55
May 31 2018,Queens,NY,Passenger,1,0,1,64,65,1.54
November 30 2021,Skagit,WA,Passenger,668,299,967,91214,92181,1.05
October 31 2022,Providence,RI,Passenger,1,0,1,21,22,4.55
November 30 2022,Walla Walla,WA,Truck,3,0,3,13902,13905,0.02
May 31 2019,Fulton,GA,Passenger,1,3,4,110,114,3.51
April 30 2022,Ferry,WA,Passenger,19,4,23,4403,4426,0.52
August 31 2020,Ferry,WA,Truck,0,0,0,3583,3583,0
January 31 2024,Allegheny,PA,Passenger,2,0,2,53,55,3.64
July 31 2022,Charleston,SC,Passenger,2,2,4,67,71,5.63
April 30 2022,Providence,RI,Passenger,1,0,1,23,24,4.17
August 31 2023,Ventura,CA,Passenger,2,3,5,223,228,2.19
September 30 2022,Lee,FL,Passenger,1,0,1,33,34,2.94
May 31 2022,Carson City,NV,Passenger,1,0,1,10,11,9.09
June 30 2019,Benton,WA,Passenger,259,279,538,133750,134288,0.4
February 28 2023,Chesterfield,VA,Passenger,1,0,1,37,38,2.63
November 30 2023,Yakima,WA,Truck,16,0,16,60878,60894,0.03
December 31 2017,Asotin,WA,Truck,0,0,0,6541,6541,0
March 31 2019,Columbia,WA,Truck,0,0,0,1527,1527,0
January 31 2020,Stafford,VA,Passenger,1,1,2,100,102,1.96
June 30 2024,Pitt,NC,Passenger,0,1,1,5,6,16.67
August 31 2017,Kitsap,WA,Passenger,638,336,974,173811,174785,0.56
May 31 2018,Skagit,WA,Passenger,199,163,362,90239,90601,0.4
February 29 2024,Skamania,WA,Passenger,141,56,197,7955,8152,2.42
July 31 2022,Prince George's,MD,Passenger,3,1,4,132,136,2.94
March 31 2021,Kent,MI,Passenger,0,1,1,29,30,3.33
August 31 2022,Meade,KY,Passenger,1,0,1,23,24,4.17
July 31 2019,Grays Harbor,WA,Truck,0,0,0,20531,20531,0
October 31 2018,Wahkiakum,WA,Passenger,1,1,2,2982,2984,0.07
December 31 2023,Anne Arundel,MD,Passenger,4,3,7,281,288,2.43
March 31 2020,Harris,TX,Passenger,1,0,1,275,276,0.36
November 30 2017,Jefferson,NY,Passenger,1,0,1,234,235,0.43
March 31 2020,Maui,HI,Passenger,2,0,2,38,40,5
January 31 2021,Clark,WA,Truck,0,0,0,83525,83525,0
January 31 2024,Whatcom,WA,Truck,91,0,91,42463,42554,0.21
March 31 2017,Klickitat,WA,Truck,0,0,0,7934,7934,0
November 30 2020,Middlesex,MA,Passenger,1,0,1,93,94,1.06
July 31 2021,Suffolk,VA,Passenger,1,0,1,126,127,0.79
August 31 2023,Washington,MD,Passenger,1,0,1,14,15,6.67
March 31 2019,Eagle,CO,Passenger,1,0,1,5,6,16.67
December 31 2018,Skamania,WA,Passenger,16,13,29,8724,8753,0.33
August 31 2017,Walla Walla,WA,Truck,0,0,0,13187,13187,0
March 31 2023,Albemarle,VA,Passenger,2,0,2,15,17,11.76
August 31 2019,Portsmouth,VA,Passenger,0,1,1,77,78,1.28
January 31 2018,Los Angeles,CA,Passenger,4,3,7,1226,1233,0.57
August 31 2020,Mason,WA,Truck,0,0,0,20768,20768,0
October 31 2021,Ferry,WA,Truck,0,0,0,3593,3593,0
April 30 2020,Larimer,CO,Passenger,1,0,1,49,50,2
November 30 2021,Marin,CA,Passenger,1,1,2,41,43,4.65
October 31 2022,Pulaski,MO,Passenger,2,0,2,111,113,1.77
May 31 2020,Clackamas,OR,Passenger,2,0,2,204,206,0.97
April 30 2021,Oldham,KY,Passenger,0,1,1,4,5,20
February 28 2023,Yakima,WA,Passenger,443,240,683,166092,166775,0.41
October 31 2021,Asotin,WA,Passenger,21,17,38,12748,12786,0.3
November 30 2017,Pend Oreille,WA,Passenger,3,4,7,9432,9439,0.07
March 31 2022,Ventura,CA,Passenger,2,3,5,266,271,1.85
September 30 2021,San Diego,CA,Passenger,18,5,23,2593,2616,0.88
February 29 2024,Anchorage,AK,Passenger,1,0,1,90,91,1.1
May 31 2018,Whatcom,WA,Passenger,613,281,894,147155,148049,0.6
July 31 2020,Hudson,NJ,Passenger,1,0,1,38,39,2.56
April 30 2018,Montgomery,TN,Passenger,1,0,1,275,276,0.36
August 31 2017,Albemarle,VA,Passenger,0,1,1,32,33,3.03
November 30 2020,Saginaw,MI,Passenger,1,0,1,10,11,9.09
February 28 2017,Benton,WA,Passenger,134,133,267,127628,127895,0.21
October 31 2018,Adams,WA,Truck,0,0,0,5147,5147,0
October 31 2022,Thurston,WA,Truck,30,0,30,54771,54801,0.05
December 31 2023,Prince George's,MD,Passenger,3,1,4,109,113,3.54
July 31 2024,Kootenai,ID,Passenger,0,2,2,64,66,3.03
July 31 2024,Columbia,WA,Truck,1,0,1,1529,1530,0.07
February 29 2020,Thurston,WA,Passenger,1107,724,1831,198803,200634,0.91
March 31 2023,Calvert,MD,Passenger,0,2,2,82,84,2.38
March 31 2017,Multnomah,OR,Passenger,0,3,3,1114,1117,0.27
March 31 2018,Manatee,FL,Passenger,1,0,1,40,41,2.44
June 30 2023,Monterey,CA,Passenger,0,3,3,132,135,2.22
March 31 2023,Autauga,AL,Passenger,2,0,2,13,15,13.33
April 30 2022,Owyhee,ID,Passenger,1,0,1,3,4,25
June 30 2023,Pend Oreille,WA,Passenger,30,12,42,8875,8917,0.47
December 31 2020,Sedgwick,KS,Passenger,1,1,2,90,92,2.17
August 31 2021,Maricopa,AZ,Passenger,9,5,14,1282,1296,1.08
July 31 2024,San Joaquin,CA,Passenger,1,0,1,60,61,1.64
November 30 2023,,,Passenger,4,1,5,251,256,1.95
January 31 2021,Hampshire,MA,Passenger,1,0,1,9,10,10
June 30 2023,Kent,DE,Passenger,1,0,1,44,45,2.22
July 31 2020,Powhatan,VA,Passenger,1,0,1,1,2,50
October 31 2018,San Francisco,CA,Passenger,1,1,2,119,121,1.65
September 30 2017,Pinal,AZ,Passenger,2,0,2,229,231,0.87
December 31 2023,King,WA,Passenger,69564,16676,86240,1315966,1402206,6.15
June 30 2021,Chelan,WA,Passenger,336,99,435,54732,55167,0.79
October 31 2022,Santa Cruz,CA,Passenger,1,0,1,25,26,3.85
October 31 2021,Juneau,AK,Passenger,0,1,1,32,33,3.03
August 31 2018,El Paso,TX,Passenger,1,0,1,499,500,0.2
January 31 2022,Montgomery,TX,Passenger,1,1,2,41,43,4.65
May 31 2021,Lewis,WA,Passenger,157,137,294,59773,60067,0.49
August 31 2023,Burlington,NJ,Passenger,2,2,4,84,88,4.55
January 31 2017,Grant,WA,Truck,0,0,0,25039,25039,0
May 31 2018,Kittitas,WA,Truck,0,0,0,14029,14029,0
July 31 2024,Sarasota,FL,Passenger,1,0,1,13,14,7.14
September 30 2019,St. Mary's,MD,Passenger,1,0,1,213,214,0.47
February 28 2019,Benton,WA,Passenger,233,244,477,132968,133445,0.36
November 30 2023,Grant,WA,Passenger,355,159,514,67438,67952,0.76
December 31 2022,Pacific,WA,Passenger,74,80,154,15697,15851,0.97
January 31 2022,Whatcom,WA,Truck,3,0,3,43578,43581,0.01
April 30 2022,Clackamas,OR,Passenger,2,0,2,164,166,1.2
January 31 2017,Lane,OR,Passenger,0,1,1,293,294,0.34
November 30 2023,Lexington,SC,Passenger,1,0,1,20,21,4.76
March 31 2021,Williams,ND,Passenger,0,1,1,10,11,9.09
March 31 2020,Kittitas,WA,Passenger,98,49,147,29990,30137,0.49
May 31 2017,Cowlitz,WA,Passenger,52,50,102,69528,69630,0.15
November 30 2020,Lincoln,WA,Passenger,5,11,16,7612,7628,0.21
July 31 2022,Anne Arundel,MD,Passenger,3,3,6,341,347,1.73
October 31 2021,Anchorage,AK,Passenger,1,0,1,151,152,0.66
July 31 2018,Flathead,MT,Passenger,1,0,1,55,56,1.79
March 31 2024,Middlesex,MA,Passenger,2,0,2,68,70,2.86
May 31 2017,Manatee,FL,Passenger,1,0,1,50,51,1.96
April 30 2023,Yellowstone,MT,Passenger,0,1,1,17,18,5.56
October 31 2017,Grant,WA,Passenger,20,33,53,61664,61717,0.09
October 31 2023,Clark,WA,Passenger,6783,2535,9318,313660,322978,2.89
August 31 2022,Lake,IL,Passenger,3,0,3,139,142,2.11
June 30 2022,Albemarle,VA,Passenger,3,0,3,19,22,13.64
December 31 2019,Washtenaw,MI,Passenger,1,0,1,42,43,2.33
January 31 2017,Sumter,FL,Passenger,0,1,1,11,12,8.33
February 28 2018,Pierce,WA,Passenger,1116,1028,2144,526272,528416,0.41
January 31 2023,Clallam,WA,Passenger,500,267,767,49313,50080,1.53
August 31 2019,Klickitat,WA,Passenger,37,35,72,15620,15692,0.46
September 30 2019,Cook,IL,Passenger,1,0,1,251,252,0.4
February 28 2021,Pierce,WA,Truck,0,0,0,144914,144914,0
August 31 2022,Whitman,WA,Truck,2,0,2,8554,8556,0.02
December 31 2018,Charleston,SC,Passenger,1,0,1,123,124,0.81
January 31 2023,Hennepin,MN,Passenger,1,0,1,49,50,2
May 31 2018,Sedgwick,KS,Passenger,0,1,1,98,99,1.01
November 30 2017,Multnomah,OR,Passenger,3,3,6,907,913,0.66
July 31 2021,Whitman,WA,Truck,0,0,0,8589,8589,0
December 31 2020,Garfield,WA,Passenger,0,2,2,1364,1366,0.15
May 31 2018,Ferry,WA,Passenger,2,3,5,4417,4422,0.11
December 31 2017,Mason,WA,Truck,0,0,0,19588,19588,0
December 31 2020,Okanogan,WA,Truck,0,0,0,16598,16598,0
December 31 2020,New London,CT,Passenger,1,2,3,232,235,1.28
January 31 2023,Marion,IA,Passenger,1,0,1,0,1,100
April 30 2020,,,Passenger,7,1,8,391,399,2.01
November 30 2023,Clallam,WA,Truck,26,0,26,21591,21617,0.12
May 31 2023,Columbia,WA,Passenger,9,1,10,2410,2420,0.41
April 30 2017,Norfolk,MA,Passenger,1,0,1,39,40,2.5
August 31 2019,Montgomery,TX,Passenger,1,0,1,64,65,1.54
November 30 2018,Washington,OR,Passenger,0,1,1,483,484,0.21
October 31 2023,Bexar,TX,Passenger,2,3,5,369,374,1.34
July 31 2019,Suffolk,MA,Passenger,0,1,1,40,41,2.44
August 31 2018,Pend Oreille,WA,Truck,0,0,0,5721,5721,0
December 31 2023,Suffolk,VA,Passenger,1,0,1,96,97,1.03
September 30 2019,Snohomish,WA,Passenger,3738,1660,5398,533749,539147,1
March 31 2024,Yakima,WA,Passenger,709,319,1028,166225,167253,0.61
July 31 2017,San Diego,CA,Passenger,6,2,8,2704,2712,0.29
December 31 2020,Botetourt,VA,Passenger,1,0,1,1,2,50
July 31 2024,Norfolk,VA,Passenger,0,1,1,218,219,0.46
May 31 2019,Pima,AZ,Passenger,0,1,1,428,429,0.23
March 31 2018,Jefferson,NY,Passenger,1,0,1,225,226,0.44
June 30 2022,Douglas,CO,Passenger,0,1,1,83,84,1.19
March 31 2018,Garfield,WA,Truck,0,0,0,950,950,0
May 31 2019,Pacific,WA,Passenger,24,28,52,15944,15996,0.33
November 30 2022,Columbia,WA,Truck,0,0,0,1586,1586,0
November 30 2018,Bergen,NJ,Passenger,1,0,1,27,28,3.57
June 30 2020,Cowlitz,WA,Passenger,138,115,253,72303,72556,0.35
October 31 2018,Benton,WA,Passenger,191,216,407,132545,132952,0.31
December 31 2017,Portsmouth,VA,Passenger,0,1,1,65,66,1.52
January 31 2023,Tooele,UT,Passenger,1,0,1,8,9,11.11
July 31 2022,Pierce,WA,Truck,20,0,20,141032,141052,0.01
September 30 2019,Alameda,CA,Passenger,3,1,4,305,309,1.29
February 29 2020,Washoe,NV,Passenger,1,0,1,118,119,0.84
December 31 2019,Pierce,WA,Passenger,2126,1650,3776,547575,551351,0.68
January 31 2021,Whitman,WA,Passenger,51,46,97,21821,21918,0.44
September 30 2019,Cumberland,NC,Passenger,1,2,3,501,504,0.6
June 30 2018,Norfolk,MA,Passenger,1,0,1,40,41,2.44
April 30 2017,Clallam,WA,Truck,0,0,0,20959,20959,0
October 31 2017,Mason,WA,Truck,0,0,0,19462,19462,0
January 31 2019,Portsmouth,VA,Passenger,0,1,1,78,79,1.27
November 30 2018,Hardin,KY,Passenger,0,1,1,107,108,0.93
May 31 2019,Carson City,NV,Passenger,1,0,1,13,14,7.14
December 31 2017,DeKalb,GA,Passenger,1,0,1,90,91,1.1
March 31 2019,San Juan,PR,Passenger,0,1,1,3,4,25
December 31 2020,DeKalb,IN,Passenger,1,0,1,0,1,100
November 30 2021,Benton,WA,Passenger,623,434,1057,135867,136924,0.77
May 31 2017,Mason,WA,Passenger,51,64,115,43293,43408,0.26
June 30 2018,Portsmouth,VA,Passenger,0,1,1,72,73,1.37
September 30 2018,St. Mary's,MD,Passenger,1,0,1,211,212,0.47
October 31 2019,Cowlitz,WA,Passenger,112,106,218,73548,73766,0.3
November 30 2019,Charleston,SC,Passenger,1,0,1,112,113,0.88
June 30 2022,Lake,IL,Passenger,2,0,2,149,151,1.32
March 31 2021,Yamhill,OR,Passenger,1,0,1,44,45,2.22
July 31 2020,Fresno,CA,Passenger,1,0,1,198,199,0.5
December 31 2019,Montgomery,PA,Passenger,2,0,2,36,38,5.26
September 30 2021,Oldham,KY,Passenger,0,1,1,4,5,20
July 31 2018,Island,WA,Truck,0,0,0,20979,20979,0
October 31 2019,Klickitat,WA,Passenger,43,37,80,15661,15741,0.51
January 31 2017,Lincoln,WA,Passenger,2,4,6,7540,7546,0.08
August 31 2018,Garfield,WA,Passenger,1,1,2,1318,1320,0.15
August 31 2023,Lake,IL,Passenger,3,0,3,125,128,2.34
April 30 2021,Douglas,NE,Passenger,1,1,2,56,58,3.45
September 30 2017,Santa Fe,NM,Passenger,0,1,1,42,43,2.33
July 31 2022,Henrico,VA,Passenger,0,1,1,13,14,7.14
June 30 2022,Eagle,CO,Passenger,1,0,1,6,7,14.29
September 30 2021,Botetourt,VA,Passenger,1,0,1,1,2,50
October 31 2021,Penobscot,ME,Passenger,0,1,1,8,9,11.11
January 31 2023,Orange,CA,Passenger,11,3,14,371,385,3.64
January 31 2019,Norfolk,MA,Passenger,1,0,1,37,38,2.63
March 31 2024,Grant,WA,Passenger,401,174,575,67374,67949,0.85
February 29 2020,Montgomery,OH,Passenger,0,1,1,48,49,2.04
February 29 2024,Adams,CO,Passenger,1,0,1,21,22,4.55
May 31 2018,Manassas,VA,Passenger,0,1,1,9,10,10
June 30 2020,Harnett,NC,Passenger,1,0,1,208,209,0.48
March 31 2023,Stevens,WA,Truck,2,0,2,18721,18723,0.01
December 31 2022,San Bernardino,CA,Passenger,2,1,3,337,340,0.88
February 29 2024,Nueces,TX,Passenger,1,1,2,44,46,4.35
August 31 2017,Ramsey,MN,Passenger,1,0,1,42,43,2.33
June 30 2019,Montgomery,PA,Passenger,2,0,2,38,40,5
June 30 2024,Sarpy,NE,Passenger,1,0,1,51,52,1.92
October 31 2017,Montgomery,PA,Passenger,1,0,1,37,38,2.63
December 31 2020,Maui,HI,Passenger,2,0,2,31,33,6.06
December 31 2021,Carroll,MD,Passenger,0,1,1,18,19,5.26
June 30 2017,Island,WA,Passenger,117,137,254,60087,60341,0.42
September 30 2022,Pierce,WA,Passenger,5520,2421,7941,540549,548490,1.45
September 30 2017,Lane,OR,Passenger,0,1,1,219,220,0.45
February 29 2024,Mason,WA,Passenger,583,243,826,46074,46900,1.76
February 28 2017,Dallas,TX,Passenger,1,0,1,215,216,0.46
November 30 2021,Collin,TX,Passenger,3,0,3,121,124,2.42
June 30 2019,Douglas,WA,Truck,0,0,0,12180,12180,0
March 31 2024,Asotin,WA,Truck,2,0,2,6569,6571,0.03
November 30 2021,Frederick,MD,Passenger,1,1,2,69,71,2.82
June 30 2024,Riverside,CA,Passenger,3,0,3,327,330,0.91
February 29 2024,Pulaski,MO,Passenger,2,0,2,90,92,2.17
February 28 2019,Flathead,MT,Passenger,1,0,1,63,64,1.56
June 30 2020,Cumberland,NC,Passenger,1,3,4,471,475,0.84
March 31 2018,Columbia,WA,Passenger,2,1,3,2408,2411,0.12
November 30 2020,St. Mary's,MD,Passenger,1,0,1,213,214,0.47
August 31 2018,Skagit,WA,Truck,1,0,1,32228,32229,0
February 28 2018,Skagit,WA,Passenger,173,145,318,89739,90057,0.35
January 31 2019,Okanogan,WA,Passenger,18,21,39,26042,26081,0.15
November 30 2021,San Juan,WA,Passenger,473,147,620,14188,14808,4.19
July 31 2022,Adams,WA,Truck,1,0,1,5455,5456,0.02
August 31 2023,Richland,SC,Passenger,0,1,1,109,110,0.91
September 30 2018,Ada,ID,Passenger,0,2,2,329,331,0.6
June 30 2023,Whitman,WA,Passenger,150,79,229,21948,22177,1.03
February 28 2021,Orange,NC,Passenger,0,1,1,12,13,7.69
September 30 2021,DeKalb,GA,Passenger,1,0,1,64,65,1.54
April 30 2023,Moore,NC,Passenger,0,1,1,106,107,0.93
June 30 2022,Plaquemines,LA,Passenger,1,1,2,19,21,9.52
May 31 2022,Powhatan,VA,Passenger,1,0,1,2,3,33.33
January 31 2017,Jefferson,WA,Passenger,87,53,140,23605,23745,0.59
April 30 2019,Pierce,WA,Passenger,1692,1485,3177,540663,543840,0.58
May 31 2017,Wahkiakum,WA,Truck,0,0,0,1643,1643,0
April 30 2024,Harnett,NC,Passenger,4,1,5,118,123,4.07
July 31 2018,Columbia,WA,Truck,0,0,0,1530,1530,0
July 31 2017,Charles,MD,Passenger,0,1,1,88,89,1.12
January 31 2018,Okaloosa,FL,Passenger,1,0,1,180,181,0.55
June 30 2024,Montgomery,AL,Passenger,1,0,1,26,27,3.7
May 31 2023,Douglas,CO,Passenger,0,2,2,63,65,3.08
February 29 2024,Leavenworth,KS,Passenger,0,1,1,72,73,1.37
June 30 2018,Kent,MI,Passenger,0,1,1,27,28,3.57
May 31 2021,Monterey,CA,Passenger,0,2,2,164,166,1.2
March 31 2020,Travis,TX,Passenger,3,1,4,200,204,1.96
April 30 2019,Clark,NV,Passenger,4,3,7,711,718,0.97
February 28 2022,Lewis,WA,Truck,0,0,0,26597,26597,0
September 30 2017,Lincoln,WA,Passenger,2,6,8,7559,7567,0.11
March 31 2022,Rockingham,NH,Passenger,1,0,1,18,19,5.26
December 31 2023,Essex,NJ,Passenger,2,0,2,7,9,22.22
June 30 2024,Arapahoe,CO,Passenger,2,1,3,63,66,4.55
January 31 2024,Saratoga,NY,Passenger,1,1,2,28,30,6.67
June 30 2024,District of Columbia,DC,Passenger,2,0,2,120,122,1.64
April 30 2023,Palm Beach,FL,Passenger,2,1,3,54,57,5.26
August 31 2022,Cumberland,PA,Passenger,1,0,1,42,43,2.33
December 31 2023,Monterey,CA,Truck,1,0,1,26,27,3.7
August 31 2023,Walla Walla,WA,Passenger,234,118,352,35403,35755,0.98
October 31 2022,Walla Walla,WA,Passenger,190,106,296,35665,35961,0.82
January 31 2019,Santa Rosa,FL,Passenger,1,0,1,91,92,1.09
April 30 2023,Essex,NJ,Passenger,2,0,2,9,11,18.18
November 30 2022,Middlesex,MA,Passenger,2,0,2,86,88,2.27
October 31 2020,Whatcom,WA,Passenger,1169,531,1700,149575,151275,1.12
January 31 2018,Franklin,OH,Passenger,0,1,1,111,112,0.89
March 31 2021,Skamania,WA,Passenger,38,25,63,8293,8356,0.75
July 31 2021,Fulton,GA,Passenger,0,1,1,89,90,1.11
July 31 2022,Escambia,FL,Passenger,0,1,1,142,143,0.7
March 31 2019,San Diego,CA,Passenger,11,3,14,2651,2665,0.53
January 31 2018,Ada,ID,Passenger,0,1,1,361,362,0.28
September 30 2022,Benton,WA,Passenger,832,479,1311,135406,136717,0.96
April 30 2024,El Paso,CO,Passenger,6,3,9,420,429,2.1
October 31 2021,Placer,CA,Passenger,2,0,2,78,80,2.5
February 28 2022,,,Passenger,5,2,7,324,331,2.11
February 28 2022,Grant,WA,Passenger,142,99,241,66747,66988,0.36
July 31 2021,Snohomish,WA,Passenger,6118,2098,8216,539385,547601,1.5
April 30 2019,Clark,WA,Truck,0,0,0,80077,80077,0
June 30 2018,Spokane,WA,Truck,1,0,1,92612,92613,0
February 28 2017,Contra Costa,CA,Passenger,1,0,1,643,644,0.16
October 31 2017,Adams,WA,Passenger,3,3,6,12279,12285,0.05
October 31 2020,Ferry,WA,Passenger,8,3,11,4353,4364,0.25
June 30 2024,Columbia,WA,Truck,0,0,0,1539,1539,0
March 31 2020,Skagit,WA,Passenger,393,216,609,92124,92733,0.66
February 28 2019,Clackamas,OR,Passenger,1,1,2,216,218,0.92
July 31 2021,Honolulu,HI,Passenger,5,2,7,435,442,1.58
January 31 2019,Richland,SC,Passenger,0,1,1,166,167,0.6
May 31 2020,Hudson,NJ,Passenger,1,0,1,39,40,2.5
February 28 2022,Alexandria,VA,Passenger,4,0,4,118,122,3.28
July 31 2024,Charleston,SC,Passenger,1,2,3,37,40,7.5
September 30 2020,Kent,MI,Passenger,0,1,1,27,28,3.57
January 31 2017,Collier,FL,Passenger,1,1,2,24,26,7.69
May 31 2017,Asotin,WA,Passenger,6,3,9,12370,12379,0.07
January 31 2024,Cook,IL,Passenger,2,1,3,142,145,2.07
October 31 2020,Ada,ID,Passenger,0,1,1,271,272,0.37
December 31 2018,Brevard,FL,Passenger,0,1,1,97,98,1.02
July 31 2019,Thurston,WA,Truck,0,0,0,55245,55245,0
November 30 2018,Adams,WA,Truck,0,0,0,5156,5156,0
May 31 2022,Collin,TX,Passenger,4,0,4,103,107,3.74
November 30 2018,Juneau,AK,Passenger,0,1,1,45,46,2.17
December 31 2020,Contra Costa,CA,Passenger,3,3,6,275,281,2.14
December 31 2017,Nassau,NY,Passenger,1,1,2,41,43,4.65
June 30 2022,Maui,HI,Passenger,1,0,1,27,28,3.57
May 31 2021,Larimer,CO,Passenger,1,0,1,46,47,2.13
February 29 2024,Plaquemines,LA,Passenger,1,1,2,16,18,11.11
February 28 2018,San Juan,WA,Passenger,140,48,188,13915,14103,1.33
February 28 2019,Douglas,WA,Truck,0,0,0,12164,12164,0
March 31 2019,Los Angeles,CA,Passenger,5,5,10,1124,1134,0.88
June 30 2022,Franklin,WA,Passenger,186,109,295,61926,62221,0.47
April 30 2021,Skamania,WA,Truck,0,0,0,4020,4020,0
September 30 2018,Walla Walla,WA,Passenger,36,50,86,35917,36003,0.24
February 28 2019,Pinal,AZ,Passenger,2,0,2,209,211,0.95
November 30 2021,Grant,WA,Truck,0,0,0,28029,28029,0
June 30 2022,San Diego,CA,Passenger,19,8,27,2441,2468,1.09
November 30 2021,Whatcom,WA,Truck,4,0,4,43670,43674,0.01
June 30 2018,Skagit,WA,Passenger,207,166,373,90472,90845,0.41
February 28 2021,Twin Falls,ID,Passenger,0,1,1,25,26,3.85
July 31 2022,St. Clair,IL,Passenger,1,0,1,126,127,0.79
September 30 2022,Berkeley,SC,Passenger,0,1,1,121,122,0.82
March 31 2017,New Haven,CT,Passenger,0,1,1,60,61,1.64
July 31 2020,Greene,MO,Passenger,0,1,1,36,37,2.7
June 30 2019,Kalamazoo,MI,Passenger,1,0,1,15,16,6.25
April 30 2023,Hudson,NJ,Passenger,2,0,2,20,22,9.09
January 31 2018,Franklin,MA,Passenger,0,1,1,4,5,20
August 31 2018,Whitman,WA,Passenger,20,30,50,22673,22723,0.22
April 30 2019,Cumberland,NC,Passenger,1,2,3,522,525,0.57
July 31 2020,Garfield,WA,Truck,0,0,0,986,986,0
July 31 2022,Asotin,WA,Passenger,24,19,43,12604,12647,0.34
February 28 2023,Santa Clara,CA,Passenger,14,3,17,220,237,7.17
June 30 2019,Cumberland,NC,Passenger,1,2,3,516,519,0.58
December 31 2023,Thurston,WA,Truck,92,0,92,53543,53635,0.17
September 30 2021,Nassau,NY,Passenger,3,0,3,33,36,8.33
February 28 2018,Prince George's,MD,Passenger,0,1,1,181,182,0.55
October 31 2018,Dale,AL,Passenger,0,1,1,55,56,1.79
February 29 2020,San Joaquin,CA,Passenger,1,0,1,142,143,0.7
September 30 2023,Churchill,NV,Passenger,0,1,1,33,34,2.94
September 30 2023,Muscogee,GA,Passenger,1,2,3,100,103,2.91
April 30 2017,St. Lucie,FL,Passenger,1,0,1,31,32,3.12
February 29 2020,Spartanburg,SC,Passenger,0,1,1,50,51,1.96
July 31 2017,Monterey,CA,Passenger,0,2,2,203,205,0.98
February 28 2019,Okanogan,WA,Truck,0,0,0,16468,16468,0
April 30 2023,Riverside,CA,Passenger,6,1,7,427,434,1.61
May 31 2019,Richland,SC,Passenger,0,1,1,160,161,0.62
June 30 2021,Suffolk,MA,Passenger,0,2,2,33,35,5.71
April 30 2024,Columbia,WA,Truck,0,0,0,1552,1552,0
June 30 2021,Walla Walla,WA,Passenger,113,74,187,36587,36774,0.51
June 30 2023,Bell,TX,Passenger,1,0,1,270,271,0.37
February 28 2017,Dakota,MN,Passenger,0,1,1,41,42,2.38
July 31 2020,Snohomish,WA,Truck,0,0,0,124313,124313,0
March 31 2024,Harnett,NC,Passenger,4,1,5,121,126,3.97
August 31 2018,Ferry,WA,Passenger,2,2,4,4420,4424,0.09
September 30 2018,Gwinnett,GA,Passenger,0,1,1,86,87,1.15
February 28 2022,Klamath,OR,Passenger,1,0,1,31,32,3.12
February 28 2019,Fresno,CA,Passenger,1,0,1,197,198,0.51
February 28 2017,Orleans,LA,Passenger,0,1,1,51,52,1.92
October 31 2021,RÃ­o Grande,PR,Passenger,1,0,1,0,1,100
February 28 2017,Skamania,WA,Truck,0,0,0,3888,3888,0
May 31 2020,Bucks,PA,Passenger,1,0,1,24,25,4
August 31 2022,Honolulu,HI,Passenger,5,3,8,384,392,2.04
December 31 2023,Brevard,FL,Passenger,1,0,1,58,59,1.69
December 31 2019,Juneau,AK,Passenger,0,2,2,31,33,6.06
December 31 2017,Eagle,CO,Passenger,1,0,1,6,7,14.29
September 30 2021,Penobscot,ME,Passenger,0,1,1,8,9,11.11
January 31 2023,Hanover,VA,Passenger,1,0,1,1,2,50
May 31 2020,Pierce,WA,Truck,0,0,0,141242,141242,0
February 28 2017,Franklin,WA,Truck,0,0,0,17902,17902,0
March 31 2017,Wahkiakum,WA,Passenger,0,2,2,2849,2851,0.07
February 28 2018,Los Angeles,CA,Passenger,4,3,7,1225,1232,0.57
November 30 2022,Stevens,WA,Truck,2,0,2,18822,18824,0.01
July 31 2021,San Juan,WA,Truck,0,0,0,5951,5951,0
December 31 2022,St. Clair,IL,Passenger,1,0,1,119,120,0.83
August 31 2022,Leavenworth,KS,Passenger,0,1,1,93,94,1.06
August 31 2021,Boulder,CO,Passenger,1,1,2,47,49,4.08
January 31 2024,Fairfax,VA,Passenger,9,5,14,540,554,2.53
January 31 2020,Norfolk,VA,Passenger,2,2,4,351,355,1.13
February 29 2020,Okanogan,WA,Passenger,34,31,65,26107,26172,0.25
April 30 2024,Ferry,WA,Passenger,30,4,34,4244,4278,0.79
August 31 2023,Walla Walla,WA,Truck,7,0,7,13647,13654,0.05
February 28 2022,Island,WA,Truck,1,0,1,21432,21433,0
February 29 2024,Honolulu,HI,Passenger,5,2,7,247,254,2.76
September 30 2019,Thurston,WA,Passenger,952,671,1623,198439,200062,0.81
April 30 2017,Franklin,WA,Passenger,27,47,74,55337,55411,0.13
August 31 2020,Frederick,MD,Passenger,1,1,2,69,71,2.82
December 31 2021,Pinellas,FL,Passenger,0,1,1,96,97,1.03
January 31 2020,Henrico,VA,Passenger,0,1,1,20,21,4.76
December 31 2019,Saginaw,MI,Passenger,1,0,1,11,12,8.33
November 30 2021,Bernalillo,NM,Passenger,1,0,1,109,110,0.91
September 30 2023,St. Lawrence,NY,Passenger,1,0,1,4,5,20
August 31 2022,Clinton,PA,Passenger,1,0,1,1,2,50
August 31 2022,Escambia,FL,Passenger,0,1,1,144,145,0.69
April 30 2019,Snohomish,WA,Truck,1,0,1,121987,121988,0
April 30 2024,Island,WA,Truck,49,0,49,20707,20756,0.24
October 31 2022,Essex,MA,Passenger,2,0,2,14,16,12.5
August 31 2022,Garfield,WA,Truck,0,0,0,972,972,0
April 30 2017,King,WA,Passenger,9556,3880,13436,1378144,1391580,0.97
October 31 2020,Placer,CA,Passenger,2,0,2,93,95,2.11
October 31 2019,Wayne,MI,Passenger,0,1,1,64,65,1.54
September 30 2019,Chesapeake,VA,Passenger,0,1,1,454,455,0.22
September 30 2018,San Juan,WA,Passenger,161,68,229,14175,14404,1.59
August 31 2023,Ferry,WA,Passenger,20,4,24,4303,4327,0.55
February 28 2023,Clark,WA,Passenger,5172,2104,7276,313728,321004,2.27
October 31 2019,Ferry,WA,Passenger,5,2,7,4428,4435,0.16
May 31 2024,Pierce,WA,Passenger,10838,3514,14352,518182,532534,2.7
June 30 2018,Yakima,WA,Truck,0,0,0,58480,58480,0
March 31 2023,Hillsborough,FL,Passenger,1,2,3,127,130,2.31
July 31 2022,Pennington,SD,Passenger,2,0,2,24,26,7.69
May 31 2017,St. Lucie,FL,Passenger,1,0,1,31,32,3.12
July 31 2022,Ray,MO,Passenger,0,1,1,1,2,50
December 31 2023,Orange,NC,Passenger,0,1,1,4,5,20
September 30 2021,El Paso,TX,Passenger,4,0,4,383,387,1.03
March 31 2017,Island,WA,Passenger,105,130,235,59573,59808,0.39
April 30 2021,Walla Walla,WA,Passenger,108,71,179,36504,36683,0.49
November 30 2023,Ferry,WA,Truck,0,0,0,3545,3545,0
January 31 2020,Ramsey,MN,Passenger,1,0,1,46,47,2.13
July 31 2024,Hoke,NC,Passenger,1,0,1,53,54,1.85
September 30 2018,Sumter,FL,Passenger,0,1,1,11,12,8.33
May 31 2024,York,VA,Passenger,1,0,1,63,64,1.56
April 30 2021,Wahkiakum,WA,Truck,0,0,0,1804,1804,0
February 28 2018,Adams,WA,Truck,0,0,0,5136,5136,0
August 31 2021,Wahkiakum,WA,Passenger,16,8,24,3077,3101,0.77
September 30 2022,Kittitas,WA,Truck,4,0,4,14596,14600,0.03
October 31 2022,King,WA,Truck,300,2,302,179050,179352,0.17
September 30 2019,Skamania,WA,Passenger,26,18,44,8776,8820,0.5
September 30 2021,Mason,WA,Truck,0,0,0,21265,21265,0
July 31 2021,Queens,NY,Passenger,2,0,2,50,52,3.85
April 30 2022,Shelby,OH,Passenger,0,1,1,4,5,20
December 31 2021,Tom Green,TX,Passenger,0,1,1,24,25,4
June 30 2023,Mason,WA,Truck,12,0,12,20703,20715,0.06
December 31 2019,King,WA,Truck,6,1,7,182162,182169,0
June 30 2018,Clark,WA,Truck,0,0,0,79102,79102,0
August 31 2021,Stevens,WA,Passenger,49,44,93,30250,30343,0.31
April 30 2021,Hawaii,HI,Passenger,1,0,1,54,55,1.82
July 31 2017,Hardin,KY,Passenger,0,1,1,116,117,0.85
November 30 2021,Charleston,SC,Passenger,2,1,3,84,87,3.45
November 30 2021,Santa Cruz,CA,Passenger,1,0,1,26,27,3.7
August 31 2022,Providence,RI,Passenger,1,0,1,21,22,4.55
June 30 2020,Hamilton,IN,Passenger,1,0,1,43,44,2.27
September 30 2022,Kootenai,ID,Truck,1,0,1,36,37,2.7
May 31 2021,Sumter,FL,Passenger,0,1,1,11,12,8.33
October 31 2020,Dallas,IA,Passenger,0,1,1,10,11,9.09
April 30 2018,Lake,CA,Passenger,0,1,1,8,9,11.11
May 31 2017,DeKalb,IN,Passenger,1,0,1,1,2,50
October 31 2019,Spokane,WA,Passenger,615,463,1078,314208,315286,0.34
October 31 2020,Yakima,WA,Passenger,157,122,279,166825,167104,0.17
October 31 2017,Gwinnett,GA,Passenger,0,1,1,88,89,1.12
November 30 2020,Maricopa,AZ,Passenger,6,9,15,1459,1474,1.02
October 31 2022,Solano,CA,Passenger,2,0,2,163,165,1.21
December 31 2022,Los Angeles,CA,Passenger,4,6,10,789,799,1.25
November 30 2021,Burlington,NJ,Passenger,0,1,1,115,116,0.86
February 28 2017,Madison,ID,Passenger,1,0,1,44,45,2.22
October 31 2021,Montgomery,PA,Passenger,2,0,2,23,25,8
July 31 2022,Columbia,OR,Passenger,1,0,1,17,18,5.56
September 30 2017,Lewis,WA,Passenger,53,40,93,56024,56117,0.17
June 30 2023,Garfield,WA,Passenger,1,3,4,1300,1304,0.31
July 31 2019,Walla Walla,WA,Passenger,52,61,113,36196,36309,0.31
August 31 2020,Skamania,WA,Passenger,31,21,52,8363,8415,0.62
December 31 2019,Bexar,TX,Passenger,0,5,5,673,678,0.74
October 31 2017,Salt Lake,UT,Passenger,1,0,1,246,247,0.4
August 31 2021,Snohomish,WA,Truck,1,0,1,125952,125953,0
June 30 2020,,,Passenger,6,1,7,389,396,1.77
May 31 2018,St. Clair,IL,Passenger,0,1,1,155,156,0.64
September 30 2022,Allen,IN,Passenger,1,0,1,19,20,5
March 31 2022,Sarpy,NE,Passenger,1,0,1,66,67,1.49
April 30 2023,Doña Ana,NM,Passenger,1,0,1,12,13,7.69
January 31 2023,Bryan,GA,Passenger,0,1,1,36,37,2.7
April 30 2023,Kittitas,WA,Truck,8,0,8,14528,14536,0.06
July 31 2024,Lincoln,WA,Passenger,28,27,55,7349,7404,0.74
March 31 2022,Skagit,WA,Passenger,732,326,1058,90383,91441,1.16
May 31 2017,Jefferson,WA,Passenger,103,59,162,23818,23980,0.68
September 30 2017,Alameda,CA,Passenger,0,1,1,357,358,0.28
May 31 2019,Cook,IL,Passenger,1,0,1,249,250,0.4
September 30 2020,Walla Walla,WA,Truck,0,0,0,13786,13786,0
June 30 2018,Adams,WA,Truck,0,0,0,5161,5161,0
June 30 2022,Escambia,FL,Passenger,0,1,1,141,142,0.7
January 31 2019,Clark,WA,Truck,0,0,0,79940,79940,0
January 31 2021,Columbia,OR,Passenger,1,0,1,23,24,4.17
December 31 2017,Montgomery,PA,Passenger,1,0,1,38,39,2.56
June 30 2024,King,WA,Passenger,78287,19065,97352,1291454,1388806,7.01
September 30 2020,Garfield,WA,Truck,0,0,0,985,985,0
January 31 2017,Pima,AZ,Passenger,0,2,2,489,491,0.41
November 30 2017,Columbia,WA,Truck,0,0,0,1538,1538,0
July 31 2020,Asotin,WA,Passenger,16,12,28,12367,12395,0.23
June 30 2020,Williams,ND,Passenger,0,1,1,11,12,8.33
February 28 2023,Lee,AL,Passenger,1,0,1,17,18,5.56
September 30 2021,Meade,KY,Passenger,1,0,1,27,28,3.57
April 30 2023,Dorchester,SC,Passenger,1,0,1,52,53,1.89
November 30 2022,Portsmouth,VA,Passenger,0,1,1,73,74,1.35
October 31 2022,Fairfax,VA,Passenger,8,2,10,630,640,1.56
November 30 2018,Brevard,FL,Passenger,0,1,1,98,99,1.01
January 31 2022,Spartanburg,SC,Passenger,0,1,1,48,49,2.04
September 30 2017,Portsmouth,VA,Passenger,0,1,1,63,64,1.56
December 31 2022,Anne Arundel,MD,Passenger,3,3,6,312,318,1.89
March 31 2023,Norfolk,VA,Passenger,2,2,4,291,295,1.36
December 31 2022,San Juan,WA,Passenger,559,170,729,13883,14612,4.99
October 31 2019,Douglas,NE,Passenger,0,1,1,62,63,1.59
March 31 2023,Prince William,VA,Passenger,1,4,5,177,182,2.75
May 31 2022,Leavenworth,KS,Passenger,0,1,1,102,103,0.97
June 30 2020,Columbia,WA,Truck,0,0,0,1531,1531,0
May 31 2024,Chelan,WA,Passenger,847,242,1089,54060,55149,1.97
March 31 2022,Multnomah,OR,Passenger,2,4,6,610,616,0.97
November 30 2022,Okanogan,WA,Truck,2,0,2,16447,16449,0.01
June 30 2021,Marion,IA,Passenger,1,0,1,1,2,50
November 30 2020,Washoe,NV,Passenger,1,0,1,109,110,0.91
January 31 2022,Calvert,MD,Passenger,0,2,2,85,87,2.3
November 30 2019,Suffolk,MA,Passenger,0,1,1,39,40,2.5
July 31 2021,Carroll,NH,Passenger,0,1,1,4,5,20
April 30 2023,Middlesex,NJ,Passenger,1,0,1,20,21,4.76
May 31 2019,Grant,WA,Passenger,39,59,98,64556,64654,0.15
December 31 2021,Island,WA,Truck,0,0,0,21472,21472,0
August 31 2022,Berkeley,SC,Passenger,0,1,1,121,122,0.82
April 30 2019,Kootenai,ID,Passenger,1,2,3,218,221,1.36
May 31 2024,New Haven,CT,Passenger,0,2,2,20,22,9.09
October 31 2019,Lee,FL,Passenger,1,0,1,53,54,1.85
July 31 2021,Larimer,CO,Passenger,1,0,1,45,46,2.17
February 28 2019,San Francisco,CA,Passenger,2,1,3,119,122,2.46
June 30 2024,Rock Island,IL,Passenger,0,1,1,11,12,8.33
September 30 2022,Charleston,SC,Passenger,2,2,4,64,68,5.88
October 31 2019,Osceola,FL,Passenger,1,0,1,43,44,2.27
July 31 2020,Ulster,NY,Passenger,1,0,1,12,13,7.69
March 31 2023,Hamilton,OH,Truck,1,0,1,4,5,20
June 30 2021,Randolph,NC,Passenger,1,0,1,8,9,11.11
October 31 2021,Snohomish,WA,Passenger,6647,2195,8842,538386,547228,1.62
October 31 2022,Jefferson,WA,Passenger,466,226,692,24386,25078,2.76
July 31 2017,Multnomah,OR,Passenger,1,3,4,956,960,0.42
June 30 2024,Cowlitz,WA,Truck,19,0,19,27410,27429,0.07
June 30 2022,Duval,FL,Passenger,1,2,3,301,304,0.99
June 30 2020,Kitsap,WA,Truck,0,0,0,54040,54040,0
June 30 2022,Douglas,WA,Truck,0,0,0,12781,12781,0
October 31 2023,Lane,OR,Passenger,0,2,2,64,66,3.03
April 30 2021,Suffolk,MA,Passenger,0,2,2,37,39,5.13
April 30 2024,Harford,MD,Passenger,2,1,3,41,44,6.82
August 31 2018,San Mateo,CA,Passenger,1,1,2,138,140,1.43
February 28 2023,Sumter,SC,Passenger,0,1,1,35,36,2.78
June 30 2021,Ulster,NY,Passenger,1,0,1,13,14,7.14
June 30 2019,Putnam,TN,Passenger,0,1,1,3,4,25
August 31 2023,Hamilton,OH,Truck,1,0,1,4,5,20
January 31 2022,Randolph,NC,Passenger,1,0,1,6,7,14.29
May 31 2019,Chelan,WA,Truck,0,0,0,22237,22237,0
August 31 2020,Franklin,WA,Truck,0,0,0,20180,20180,0
March 31 2020,Denver,CO,Passenger,1,0,1,124,125,0.8
April 30 2023,Fairbanks North Star,AK,Passenger,0,1,1,58,59,1.69
November 30 2017,Riverside,CA,Passenger,1,2,3,757,760,0.39
April 30 2023,Lane,OR,Passenger,0,2,2,88,90,2.22
May 31 2023,Yolo,CA,Passenger,2,0,2,26,28,7.14
April 30 2020,Juneau,AK,Passenger,0,2,2,33,35,5.71
May 31 2024,Marion,IA,Passenger,1,0,1,0,1,100
August 31 2018,Portsmouth,VA,Passenger,0,1,1,74,75,1.33
July 31 2017,San Juan,WA,Truck,0,0,0,5547,5547,0
April 30 2017,Multnomah,OR,Passenger,0,3,3,1074,1077,0.28
June 30 2022,San Luis Obispo,CA,Passenger,1,0,1,62,63,1.59
July 31 2020,Grays Harbor,WA,Passenger,109,112,221,48271,48492,0.46
December 31 2018,Grays Harbor,WA,Truck,0,0,0,20350,20350,0
January 31 2022,Benton,WA,Passenger,652,452,1104,135808,136912,0.81
February 29 2024,Kitsap,WA,Truck,123,0,123,51663,51786,0.24
April 30 2019,Palm Beach,FL,Passenger,0,2,2,93,95,2.11
February 28 2023,Maui,HI,Passenger,1,0,1,25,26,3.85
October 31 2023,Polk,OR,Passenger,1,1,2,19,21,9.52
April 30 2022,York,VA,Passenger,1,0,1,91,92,1.09
October 31 2019,Clallam,WA,Truck,1,0,1,21838,21839,0
November 30 2017,Thurston,WA,Truck,0,0,0,53680,53680,0
December 31 2020,Charles,MD,Passenger,1,1,2,76,78,2.56
July 31 2019,Middlesex,MA,Passenger,1,0,1,114,115,0.87
February 28 2023,Harford,MD,Passenger,1,1,2,42,44,4.55
November 30 2023,Newport News,VA,Passenger,1,0,1,104,105,0.95
December 31 2022,Maui,HI,Passenger,1,0,1,28,29,3.45
August 31 2019,Lee,FL,Passenger,1,0,1,51,52,1.92
May 31 2023,Marion,IA,Passenger,1,0,1,0,1,100
March 31 2019,Pacific,WA,Passenger,23,26,49,15842,15891,0.31
April 30 2024,Whatcom,WA,Truck,105,0,105,42267,42372,0.25
January 31 2017,Skamania,WA,Passenger,7,7,14,8545,8559,0.16
July 31 2017,Lewis,WA,Truck,0,0,0,24922,24922,0
May 31 2021,Asotin,WA,Passenger,19,14,33,12682,12715,0.26
August 31 2018,Riverside,CA,Passenger,2,2,4,707,711,0.56
May 31 2018,Riverside,CA,Passenger,2,2,4,716,720,0.56
May 31 2023,Onslow,NC,Passenger,0,1,1,147,148,0.68
April 30 2023,Allen,IN,Passenger,1,0,1,16,17,5.88
June 30 2024,Lane,OR,Passenger,0,1,1,54,55,1.82
May 31 2024,Polk,OR,Passenger,1,1,2,14,16,12.5
April 30 2020,Putnam,TN,Passenger,0,1,1,3,4,25
September 30 2022,Ray,MO,Passenger,0,1,1,1,2,50
October 31 2017,Los Angeles,CA,Passenger,4,2,6,1255,1261,0.48
April 30 2021,Sedgwick,KS,Passenger,1,1,2,89,91,2.2
November 30 2020,Asotin,WA,Passenger,17,14,31,12397,12428,0.25
July 31 2022,Kitsap,WA,Truck,13,0,13,53288,53301,0.02
January 31 2022,Thurston,WA,Truck,3,0,3,55827,55830,0.01
August 31 2019,Jefferson,NY,Passenger,0,1,1,216,217,0.46
January 31 2020,Douglas,WA,Passenger,69,39,108,28356,28464,0.38
December 31 2019,Tulsa,OK,Passenger,1,1,2,58,60,3.33
March 31 2024,Muscogee,GA,Passenger,2,2,4,82,86,4.65
March 31 2022,DeKalb,GA,Passenger,1,0,1,58,59,1.69
December 31 2021,Platte,MO,Passenger,1,0,1,21,22,4.55
July 31 2023,Alexandria,VA,Passenger,3,0,3,98,101,2.97
October 31 2023,Lincoln,OR,Passenger,0,1,1,17,18,5.56
February 28 2018,Marin,CA,Passenger,1,0,1,56,57,1.75
November 30 2021,Harnett,NC,Passenger,1,1,2,168,170,1.18
August 31 2019,Okanogan,WA,Truck,0,0,0,16473,16473,0
April 30 2017,Lewis,WA,Truck,0,0,0,24806,24806,0
February 29 2020,Tarrant,TX,Passenger,3,0,3,192,195,1.54
September 30 2020,Kittitas,WA,Passenger,112,48,160,29695,29855,0.54
June 30 2018,Dallas,TX,Passenger,0,1,1,202,203,0.49
December 31 2021,Boone,MO,Passenger,0,1,1,10,11,9.09
February 28 2017,Douglas,WA,Passenger,30,19,49,26542,26591,0.18
September 30 2018,Pacific,WA,Passenger,18,22,40,15721,15761,0.25
August 31 2023,Ferry,WA,Truck,0,0,0,3559,3559,0
December 31 2018,Pend Oreille,WA,Truck,0,0,0,5741,5741,0
October 31 2023,Honolulu,HI,Passenger,5,3,8,273,281,2.85
October 31 2021,Hillsborough,FL,Passenger,0,2,2,158,160,1.25
February 28 2018,Garfield,OK,Passenger,1,0,1,22,23,4.35
October 31 2021,Arlington,VA,Passenger,1,1,2,141,143,1.4
September 30 2019,Fulton,GA,Passenger,0,3,3,105,108,2.78
November 30 2022,Boulder,CO,Passenger,2,0,2,47,49,4.08
April 30 2024,Marin,CA,Passenger,1,1,2,30,32,6.25
July 31 2023,Tom Green,TX,Passenger,0,1,1,18,19,5.26
June 30 2020,Spokane,WA,Passenger,729,485,1214,315272,316486,0.38
February 29 2024,Jefferson,WA,Passenger,683,283,966,24030,24996,3.86
September 30 2023,Lincoln,WA,Truck,0,0,0,4829,4829,0
January 31 2019,Adams,WA,Passenger,5,6,11,12735,12746,0.09
December 31 2020,Kitsap,WA,Truck,0,0,0,54334,54334,0
November 30 2019,Walla Walla,WA,Truck,0,0,0,13672,13672,0
July 31 2019,Kittitas,WA,Passenger,79,41,120,29675,29795,0.4
January 31 2024,Clark,WA,Truck,155,0,155,80646,80801,0.19
August 31 2019,Collin,TX,Passenger,2,1,3,148,151,1.99
February 28 2022,Spartanburg,SC,Passenger,0,1,1,45,46,2.17
September 30 2022,El Paso,TX,Passenger,4,0,4,343,347,1.15
February 29 2020,Riverside,CA,Passenger,3,1,4,663,667,0.6
July 31 2020,Fort Bend,TX,Passenger,1,0,1,45,46,2.17
August 31 2018,Hawaii,HI,Passenger,1,0,1,76,77,1.3
April 30 2023,Harford,MD,Passenger,1,1,2,43,45,4.44
May 31 2023,District of Columbia,DC,Passenger,2,0,2,145,147,1.36
February 28 2017,Morris,NJ,Passenger,1,0,1,22,23,4.35
May 31 2019,Caddo,LA,Passenger,0,1,1,27,28,3.57
July 31 2019,Monroe,IL,Passenger,1,0,1,4,5,20
July 31 2022,Spokane,WA,Passenger,1671,863,2534,324043,326577,0.78
July 31 2022,Clallam,WA,Passenger,433,246,679,49610,50289,1.35
January 31 2018,Mason,WA,Truck,0,0,0,19641,19641,0
June 30 2018,Adams,WA,Passenger,5,5,10,12610,12620,0.08
October 31 2019,Franklin,WA,Passenger,52,75,127,60606,60733,0.21
May 31 2019,Santa Rosa,FL,Passenger,1,0,1,90,91,1.1
January 31 2021,Adams,WA,Passenger,10,6,16,12962,12978,0.12
November 30 2021,Cook,IL,Passenger,2,0,2,216,218,0.92
November 30 2023,Garfield,WA,Truck,0,0,0,980,980,0
January 31 2019,Clark,WA,Passenger,1313,868,2181,312023,314204,0.69
July 31 2022,Douglas,NE,Passenger,1,2,3,45,48,6.25
April 30 2017,Montgomery,TN,Passenger,1,0,1,296,297,0.34
July 31 2023,Allen,IN,Passenger,1,0,1,11,12,8.33
September 30 2019,DuPage,IL,Passenger,3,0,3,65,68,4.41
August 31 2021,Greene,MO,Passenger,0,1,1,34,35,2.86
May 31 2018,Morris,NJ,Passenger,1,0,1,18,19,5.26
December 31 2023,Cowlitz,WA,Passenger,596,247,843,69765,70608,1.19
September 30 2021,Duval,FL,Passenger,0,2,2,348,350,0.57
December 31 2020,Lewis,WA,Passenger,123,124,247,58826,59073,0.42
January 31 2017,Whitman,WA,Passenger,8,19,27,21930,21957,0.12
October 31 2020,Walla Walla,WA,Passenger,86,65,151,35997,36148,0.42
March 31 2019,Charleston,SC,Passenger,1,0,1,123,124,0.81
December 31 2020,Santa Clara,CA,Passenger,7,2,9,289,298,3.02
September 30 2022,Arapahoe,CO,Passenger,0,1,1,91,92,1.09
March 31 2023,New Haven,CT,Passenger,0,2,2,29,31,6.45
February 28 2022,Essex,NJ,Passenger,2,0,2,14,16,12.5
October 31 2020,Fresno,CA,Passenger,1,0,1,199,200,0.5
February 28 2023,Rock Island,IL,Passenger,0,1,1,13,14,7.14
December 31 2021,Boulder,CO,Passenger,2,1,3,48,51,5.88
November 30 2019,Wahkiakum,WA,Truck,0,0,0,1751,1751,0
March 31 2024,Bell,TX,Passenger,2,0,2,209,211,0.95
May 31 2020,Okanogan,WA,Truck,0,0,0,16386,16386,0
May 31 2023,Chelan,WA,Truck,29,0,29,23113,23142,0.13
January 31 2020,Chelan,WA,Truck,0,0,0,22566,22566,0
October 31 2022,Pend Oreille,WA,Truck,0,0,0,5611,5611,0
February 28 2022,Montgomery,MD,Passenger,3,2,5,211,216,2.31
April 30 2022,Richmond,NY,Passenger,1,0,1,4,5,20
February 29 2024,Stafford,VA,Passenger,3,0,3,71,74,4.05
June 30 2024,Charleston,SC,Passenger,1,2,3,41,44,6.82
June 30 2024,Kittitas,WA,Passenger,532,139,671,28978,29649,2.26
November 30 2022,Pinal,AZ,Passenger,0,1,1,117,118,0.85
January 31 2017,Santa Clara,CA,Passenger,5,3,8,469,477,1.68
January 31 2020,Clackamas,OR,Passenger,2,1,3,217,220,1.36
October 31 2023,Maricopa,AZ,Passenger,13,4,17,678,695,2.45
November 30 2023,Champaign,IL,Passenger,1,0,1,10,11,9.09
January 31 2021,Botetourt,VA,Passenger,1,0,1,1,2,50
September 30 2017,Los Angeles,CA,Passenger,4,2,6,1269,1275,0.47
December 31 2021,Island,WA,Passenger,714,339,1053,62542,63595,1.66
December 31 2020,Portsmouth,VA,Passenger,0,1,1,76,77,1.3
November 30 2020,Adams,WA,Truck,0,0,0,5323,5323,0
December 31 2018,Jefferson,WA,Truck,0,0,0,9600,9600,0
September 30 2021,Frederick,MD,Passenger,1,1,2,69,71,2.82
May 31 2019,Polk,FL,Passenger,1,0,1,74,75,1.33
November 30 2023,Dallas,TX,Passenger,1,0,1,76,77,1.3
January 31 2023,Collier,FL,Passenger,1,0,1,15,16,6.25
April 30 2024,Loudoun,VA,Passenger,2,1,3,51,54,5.56
April 30 2024,Mercer,NJ,Passenger,0,1,1,6,7,14.29
August 31 2019,Adams,WA,Truck,0,0,0,5134,5134,0
November 30 2020,Mason,WA,Truck,0,0,0,20846,20846,0
September 30 2018,Wahkiakum,WA,Truck,0,0,0,1691,1691,0
May 31 2018,Volusia,FL,Passenger,0,1,1,36,37,2.7
December 31 2023,Collin,TX,Passenger,3,0,3,41,44,6.82
July 31 2024,Monterey,CA,Truck,1,0,1,23,24,4.17
June 30 2022,Island,WA,Passenger,815,377,1192,61656,62848,1.9
August 31 2023,Middlesex,MA,Passenger,2,0,2,83,85,2.35
November 30 2023,Okanogan,WA,Passenger,152,76,228,26089,26317,0.87
July 31 2018,Los Angeles,CA,Passenger,5,4,9,1167,1176,0.77
November 30 2022,Douglas,WA,Truck,2,0,2,12796,12798,0.02
May 31 2022,Wahkiakum,WA,Truck,0,0,0,1804,1804,0
July 31 2023,Wahkiakum,WA,Truck,3,0,3,1776,1779,0.17
January 31 2023,Yellowstone,MT,Passenger,0,1,1,16,17,5.88
May 31 2023,Montgomery,AL,Passenger,1,0,1,35,36,2.78
November 30 2022,Kootenai,ID,Truck,1,0,1,32,33,3.03
October 31 2020,Clark,WA,Truck,0,0,0,83127,83127,0
April 30 2024,Kootenai,ID,Passenger,0,2,2,79,81,2.47
July 31 2022,Columbia,WA,Truck,0,0,0,1577,1577,0
October 31 2018,Sangamon,IL,Passenger,1,0,1,11,12,8.33
November 30 2019,Sangamon,IL,Passenger,1,0,1,5,6,16.67
April 30 2018,King,WA,Truck,7,1,8,183302,183310,0
July 31 2020,Okaloosa,FL,Passenger,0,1,1,148,149,0.67
September 30 2020,Whatcom,WA,Truck,3,0,3,43378,43381,0.01
January 31 2024,,,Passenger,4,1,5,242,247,2.02
July 31 2023,Wayne,MI,Passenger,0,1,1,42,43,2.33
September 30 2023,Hamilton,OH,Truck,1,0,1,4,5,20
May 31 2022,Snohomish,WA,Passenger,8135,2472,10607,532470,543077,1.95
September 30 2022,Pend Oreille,WA,Passenger,18,12,30,9002,9032,0.33
April 30 2019,Snohomish,WA,Passenger,3291,1539,4830,528988,533818,0.9
December 31 2021,Lane,OR,Passenger,0,2,2,123,125,1.6
May 31 2019,Spokane,WA,Truck,1,0,1,94577,94578,0
September 30 2019,Okanogan,WA,Truck,0,0,0,16492,16492,0
June 30 2024,Jefferson,WA,Truck,25,0,25,9022,9047,0.28
September 30 2023,Skamania,WA,Truck,1,0,1,3817,3818,0.03
March 31 2024,Cook,IL,Passenger,2,1,3,138,141,2.13
May 31 2020,Pima,AZ,Passenger,3,1,4,374,378,1.06
December 31 2022,Ulster,NY,Passenger,1,0,1,9,10,10
January 31 2021,Mason,WA,Passenger,179,135,314,47669,47983,0.65
October 31 2021,Ferry,WA,Passenger,11,3,14,4445,4459,0.31
December 31 2022,Stevens,WA,Truck,2,0,2,18790,18792,0.01
January 31 2024,San Francisco,CA,Passenger,1,0,1,51,52,1.92
September 30 2023,Monterey,CA,Truck,1,0,1,27,28,3.57
December 31 2022,Lincoln,WA,Truck,0,0,0,4835,4835,0
July 31 2021,Chelan,WA,Truck,0,0,0,23086,23086,0
March 31 2022,Suffolk,VA,Passenger,1,0,1,123,124,0.81
November 30 2017,Mercer,NJ,Passenger,0,1,1,15,16,6.25
May 31 2021,Chesapeake,VA,Passenger,0,2,2,417,419,0.48
August 31 2021,Hillsborough,FL,Passenger,0,2,2,155,157,1.27
November 30 2023,Kauai,HI,Passenger,0,1,1,15,16,6.25
January 31 2020,Grays Harbor,WA,Passenger,105,105,210,48491,48701,0.43
January 31 2018,District of Columbia,DC,Passenger,0,3,3,194,197,1.52
November 30 2019,Bexar,TX,Passenger,0,5,5,674,679,0.74
October 31 2021,Hudson,NJ,Passenger,1,0,1,43,44,2.27
October 31 2022,Norfolk,VA,Passenger,2,3,5,293,298,1.68
May 31 2024,Escambia,FL,Truck,1,0,1,21,22,4.55
November 30 2020,Bradley,TN,Passenger,1,0,1,0,1,100
February 28 2018,Saratoga,NY,Passenger,1,1,2,67,69,2.9
April 30 2022,Maricopa,AZ,Passenger,12,4,16,1142,1158,1.38
July 31 2024,San Bernardino,CA,Passenger,2,1,3,230,233,1.29
September 30 2020,Mohave,AZ,Passenger,1,0,1,68,69,1.45
November 30 2023,New York,NY,Passenger,2,0,2,34,36,5.56
May 31 2024,Fresno,CA,Passenger,0,1,1,120,121,0.83
April 30 2019,Pend Oreille,WA,Passenger,4,5,9,9500,9509,0.09
June 30 2022,Lincoln,WA,Truck,0,0,0,4832,4832,0
January 31 2022,Montgomery,PA,Passenger,2,0,2,24,26,7.69
July 31 2023,Meade,KY,Passenger,1,0,1,18,19,5.26
January 31 2023,Lake,FL,Passenger,1,0,1,20,21,4.76
April 30 2019,Franklin,MA,Passenger,0,1,1,2,3,33.33
December 31 2021,Grant,WA,Passenger,137,98,235,66931,67166,0.35
November 30 2017,Pacific,WA,Passenger,15,11,26,15326,15352,0.17
March 31 2023,,,Passenger,4,0,4,287,291,1.37
August 31 2023,Nueces,TX,Passenger,0,1,1,52,53,1.89
April 30 2024,Solano,CA,Passenger,5,0,5,127,132,3.79
December 31 2017,Palm Beach,FL,Passenger,0,2,2,90,92,2.17
December 31 2022,Providence,RI,Passenger,1,0,1,20,21,4.76
December 31 2023,Santa Cruz,CA,Passenger,1,0,1,20,21,4.76
January 31 2019,DeKalb,IN,Passenger,1,0,1,1,2,50
April 30 2018,Yakima,WA,Passenger,62,84,146,163210,163356,0.09
May 31 2020,Kittitas,WA,Passenger,102,48,150,29770,29920,0.5
April 30 2022,Chesapeake,VA,Passenger,2,1,3,384,387,0.78
October 31 2022,Collier,FL,Passenger,1,0,1,14,15,6.67
April 30 2020,Shasta,CA,Passenger,1,0,1,38,39,2.56
April 30 2021,Camden,NJ,Passenger,0,1,1,16,17,5.88
April 30 2019,Bucks,PA,Passenger,1,0,1,20,21,4.76
October 31 2021,Yakima,WA,Passenger,270,165,435,168738,169173,0.26
June 30 2021,Cumberland,NC,Passenger,1,2,3,439,442,0.68
December 31 2018,Cowlitz,WA,Truck,0,0,0,28734,28734,0
January 31 2020,Tarrant,TX,Passenger,3,0,3,192,195,1.54
August 31 2018,Sangamon,IL,Passenger,1,0,1,11,12,8.33
September 30 2023,Denton,TX,Passenger,1,0,1,45,46,2.17
March 31 2018,Twin Falls,ID,Passenger,0,1,1,26,27,3.7
July 31 2022,Danville,VA,Passenger,1,0,1,0,1,100
July 31 2022,Garfield,WA,Truck,0,0,0,971,971,0
February 28 2019,Twin Falls,ID,Passenger,0,1,1,22,23,4.35
March 31 2021,Wichita,TX,Passenger,1,0,1,43,44,2.27
February 29 2020,Rockingham,NH,Passenger,1,0,1,27,28,3.57
May 31 2020,Pierce,WA,Passenger,2349,1674,4023,547231,551254,0.73
September 30 2019,Benton,WA,Passenger,291,297,588,134565,135153,0.44
February 28 2019,Norfolk,MA,Passenger,1,0,1,38,39,2.56
August 31 2019,Manassas,VA,Passenger,0,1,1,8,9,11.11
October 31 2020,Washington,OR,Passenger,1,0,1,447,448,0.22
September 30 2019,Pima,AZ,Passenger,2,1,3,409,412,0.73
December 31 2017,Yakima,WA,Truck,0,0,0,58000,58000,0
April 30 2022,Orange,CA,Passenger,7,3,10,407,417,2.4
March 31 2023,Providence,RI,Passenger,1,0,1,20,21,4.76
July 31 2023,Kootenai,ID,Passenger,0,2,2,121,123,1.63
July 31 2023,Ferry,WA,Truck,0,0,0,3583,3583,0
December 31 2022,Boulder,CO,Passenger,2,0,2,45,47,4.26
June 30 2017,Sangamon,IL,Passenger,1,0,1,11,12,8.33
January 31 2021,Leavenworth,KS,Passenger,0,1,1,115,116,0.86
October 31 2018,Garfield,OK,Passenger,1,0,1,16,17,5.88
March 31 2021,Boone,MO,Passenger,0,1,1,11,12,8.33
May 31 2020,Montgomery,OH,Passenger,0,1,1,47,48,2.08
February 28 2019,Yakima,WA,Truck,0,0,0,58786,58786,0
July 31 2022,Deschutes,OR,Passenger,2,0,2,101,103,1.94
July 31 2022,Chesapeake,VA,Passenger,3,1,4,363,367,1.09
November 30 2021,Pend Oreille,WA,Truck,0,0,0,5689,5689,0
April 30 2024,Maui,HI,Passenger,1,0,1,18,19,5.26
March 31 2020,Boone,MO,Passenger,0,1,1,12,13,7.69
July 31 2022,Maricopa,AZ,Passenger,13,3,16,1048,1064,1.5
February 28 2023,Suffolk,VA,Passenger,1,0,1,118,119,0.84
March 31 2021,Platte,MO,Passenger,1,0,1,20,21,4.76
September 30 2020,Cowlitz,WA,Passenger,157,120,277,72140,72417,0.38
March 31 2021,San Francisco,CA,Passenger,1,1,2,103,105,1.9
December 31 2021,Benton,WA,Truck,0,0,0,43687,43687,0
April 30 2022,Whitman,WA,Truck,0,0,0,8578,8578,0
July 31 2023,Shasta,CA,Passenger,1,0,1,26,27,3.7
April 30 2021,Grays Harbor,WA,Passenger,156,134,290,49334,49624,0.58
May 31 2024,Multnomah,OR,Passenger,2,1,3,330,333,0.9
November 30 2023,Isle of Wight,VA,Passenger,0,1,1,17,18,5.56
September 30 2017,Eagle,CO,Passenger,1,0,1,7,8,12.5
August 31 2019,Maricopa,AZ,Passenger,7,6,13,1625,1638,0.79
July 31 2019,Guadalupe,TX,Passenger,1,0,1,78,79,1.27
August 31 2022,St. Clair,IL,Passenger,1,0,1,123,124,0.81
January 31 2018,Santa Clara,CA,Passenger,7,1,8,397,405,1.98
July 31 2019,Brevard,FL,Passenger,0,1,1,88,89,1.12
July 31 2017,Mercer,NJ,Passenger,0,1,1,16,17,5.88
February 28 2022,Lake,IN,Passenger,0,1,1,10,11,9.09
October 31 2022,Owyhee,ID,Passenger,1,0,1,4,5,20
May 31 2022,Sedgwick,KS,Passenger,0,1,1,77,78,1.28
April 30 2022,Garfield,WA,Truck,0,0,0,987,987,0
April 30 2021,Randolph,NC,Passenger,1,0,1,8,9,11.11
October 31 2023,Oldham,KY,Passenger,0,1,1,3,4,25
August 31 2022,Pacific,WA,Passenger,70,72,142,15758,15900,0.89
July 31 2017,Fairfax,VA,Passenger,3,1,4,839,843,0.47
September 30 2019,Riverside,CA,Passenger,4,1,5,665,670,0.75
February 28 2019,Spartanburg,SC,Passenger,0,1,1,38,39,2.56
January 31 2022,Thurston,WA,Passenger,1917,973,2890,196000,198890,1.45
January 31 2022,Chelan,WA,Passenger,421,117,538,54559,55097,0.98
June 30 2024,Jefferson,NY,Passenger,2,0,2,163,165,1.21
February 28 2023,Skagit,WA,Truck,13,0,13,32025,32038,0.04
April 30 2022,Wahkiakum,WA,Passenger,20,11,31,3076,3107,1
February 28 2022,Anne Arundel,MD,Passenger,3,1,4,363,367,1.09
July 31 2021,Pima,AZ,Passenger,2,1,3,309,312,0.96
September 30 2019,Boulder,CO,Passenger,1,1,2,53,55,3.64
June 30 2019,Moore,NC,Passenger,0,1,1,180,181,0.55
September 30 2020,New Haven,CT,Passenger,0,2,2,34,36,5.56
November 30 2023,Goochland,VA,Passenger,2,2,4,49,53,7.55
February 28 2022,Boone,MO,Passenger,0,1,1,10,11,9.09
September 30 2023,Benton,WA,Passenger,1268,615,1883,135270,137153,1.37
May 31 2019,Skagit,WA,Passenger,293,200,493,91685,92178,0.53
March 31 2022,Wake,NC,Passenger,1,0,1,114,115,0.87
March 31 2020,Ada,ID,Passenger,0,1,1,302,303,0.33
February 28 2023,Prince William,VA,Passenger,1,4,5,179,184,2.72
May 31 2022,Tarrant,TX,Passenger,4,0,4,135,139,2.88
January 31 2022,Spokane,WA,Passenger,1346,766,2112,326209,328321,0.64
July 31 2022,Klickitat,WA,Passenger,105,56,161,15168,15329,1.05
December 31 2021,Douglas,WA,Passenger,117,56,173,28598,28771,0.6
November 30 2019,Williamson,TX,Passenger,0,2,2,158,160,1.25
March 31 2024,Fairfax,VA,Passenger,9,5,14,521,535,2.62
March 31 2023,Mason,WA,Truck,11,0,11,20811,20822,0.05
August 31 2020,Dallas,TX,Passenger,1,0,1,201,202,0.5
January 31 2018,Hamilton,TN,Passenger,1,0,1,23,24,4.17
January 31 2019,Beaufort,SC,Passenger,1,0,1,40,41,2.44
October 31 2022,Randolph,NC,Passenger,1,0,1,5,6,16.67
April 30 2019,Ramsey,MN,Passenger,1,0,1,46,47,2.13
September 30 2023,Alexandria,VA,Passenger,3,0,3,91,94,3.19
April 30 2024,Monterey,CA,Passenger,0,4,4,121,125,3.2
March 31 2020,Sedgwick,KS,Passenger,1,1,2,96,98,2.04
August 31 2023,Newport News,VA,Passenger,1,0,1,108,109,0.92
July 31 2021,Platte,MO,Passenger,1,0,1,19,20,5
January 31 2020,Oldham,KY,Passenger,0,1,1,4,5,20
August 31 2018,Okanogan,WA,Passenger,10,20,30,26050,26080,0.12
September 30 2019,Kern,CA,Passenger,0,1,1,218,219,0.46
November 30 2019,Bucks,PA,Passenger,1,0,1,26,27,3.7
July 31 2021,Montgomery,AL,Passenger,1,0,1,39,40,2.5
June 30 2022,Autauga,AL,Passenger,1,0,1,13,14,7.14
April 30 2024,Wahkiakum,WA,Passenger,35,23,58,3035,3093,1.88
October 31 2020,Kent,MI,Passenger,0,1,1,27,28,3.57
November 30 2023,Whitman,WA,Truck,6,0,6,8672,8678,0.07
November 30 2017,Prince George,VA,Passenger,0,1,1,70,71,1.41
February 29 2020,Bucks,PA,Passenger,1,0,1,23,24,4.17
February 28 2021,Rogers,OK,Passenger,1,0,1,8,9,11.11
September 30 2023,Snohomish,WA,Passenger,14437,3315,17752,527092,544844,3.26
May 31 2018,Duval,FL,Passenger,1,2,3,381,384,0.78
November 30 2017,Salt Lake,UT,Passenger,1,0,1,241,242,0.41
September 30 2020,Duval,FL,Passenger,0,2,2,370,372,0.54
June 30 2023,Spokane,WA,Truck,39,0,39,101672,101711,0.04
January 31 2019,Okanogan,WA,Truck,0,0,0,16477,16477,0
June 30 2018,Volusia,FL,Passenger,0,1,1,36,37,2.7
November 30 2022,Essex,NJ,Passenger,2,0,2,11,13,15.38
February 28 2023,Santa Cruz,CA,Passenger,1,0,1,19,20,5
January 31 2018,Thurston,WA,Passenger,486,407,893,190580,191473,0.47
January 31 2017,Cobb,GA,Passenger,0,1,1,84,85,1.18
August 31 2021,Honolulu,HI,Passenger,5,3,8,420,428,1.87
January 31 2019,Santa Fe,NM,Passenger,0,1,1,42,43,2.33
May 31 2022,Brown,WI,Passenger,1,0,1,9,10,10
November 30 2021,Denton,TX,Passenger,1,0,1,81,82,1.22
October 31 2022,Platte,MO,Passenger,1,0,1,22,23,4.35
December 31 2019,DeKalb,IN,Passenger,1,0,1,1,2,50
May 31 2019,Fairfax,VA,Passenger,4,1,5,787,792,0.63
June 30 2023,Alexandria,VA,Passenger,3,0,3,100,103,2.91
September 30 2019,Kent,MI,Passenger,0,1,1,26,27,3.7
May 31 2024,Klickitat,WA,Truck,19,0,19,8168,8187,0.23
December 31 2019,Washington,OR,Passenger,1,0,1,474,475,0.21
January 31 2019,Williamson,TX,Passenger,0,1,1,159,160,0.62
June 30 2021,Spartanburg,SC,Passenger,0,1,1,54,55,1.82
December 31 2017,Yakima,WA,Passenger,59,75,134,162048,162182,0.08
June 30 2019,Solano,CA,Passenger,1,0,1,216,217,0.46
July 31 2019,Jefferson,NY,Passenger,0,1,1,217,218,0.46
August 31 2021,Queens,NY,Passenger,2,0,2,51,53,3.77
February 28 2019,Manatee,FL,Passenger,1,0,1,39,40,2.5
November 30 2022,Riverside,CA,Passenger,7,0,7,470,477,1.47
July 31 2017,Maui,HI,Passenger,1,0,1,69,70,1.43
January 31 2023,Mason,WA,Truck,8,0,8,20850,20858,0.04
June 30 2024,Caddo,LA,Passenger,2,0,2,10,12,16.67
July 31 2023,Cache,UT,Passenger,1,0,1,10,11,9.09
October 31 2022,Eau Claire,WI,Passenger,1,0,1,1,2,50
October 31 2017,Whatcom,WA,Truck,2,0,2,41875,41877,0
June 30 2022,Lincoln,WA,Passenger,8,18,26,7697,7723,0.34
September 30 2023,Henrico,VA,Passenger,0,1,1,8,9,11.11
November 30 2022,Flathead,MT,Passenger,1,0,1,32,33,3.03
May 31 2017,Yakima,WA,Truck,0,0,0,57271,57271,0
April 30 2017,Virginia Beach,VA,Passenger,2,1,3,642,645,0.47
April 30 2020,Orange,CA,Passenger,7,2,9,517,526,1.71
June 30 2024,Howard,MD,Passenger,0,2,2,51,53,3.77
September 30 2021,Kauai,HI,Passenger,1,0,1,20,21,4.76
February 28 2023,Oldham,KY,Passenger,0,1,1,4,5,20
April 30 2022,Anchorage,AK,Passenger,2,0,2,145,147,1.36
September 30 2023,Ventura,CA,Passenger,2,3,5,221,226,2.21
November 30 2021,Platte,MO,Passenger,1,0,1,21,22,4.55
February 28 2022,Sevier,AR,Passenger,0,1,1,0,1,100
March 31 2020,Benton,WA,Truck,0,0,0,42511,42511,0
March 31 2023,Placer,CA,Passenger,1,0,1,70,71,1.41
February 29 2020,Suffolk,VA,Passenger,1,0,1,125,126,0.79
April 30 2022,Wilson,NC,Passenger,1,0,1,0,1,100
July 31 2023,Clark,WA,Passenger,6056,2379,8435,313353,321788,2.62
June 30 2023,Lincoln,WA,Passenger,17,19,36,7652,7688,0.47
October 31 2022,Yellowstone,MT,Passenger,0,1,1,19,20,5
August 31 2020,Randolph,NC,Passenger,1,0,1,8,9,11.11
April 30 2017,Essex,NJ,Passenger,1,0,1,18,19,5.26
August 31 2023,Pacific,WA,Passenger,78,93,171,15576,15747,1.09
February 28 2021,Boulder,CO,Passenger,1,1,2,50,52,3.85
October 31 2020,Clackamas,OR,Passenger,2,0,2,192,194,1.03
December 31 2023,Washington,MD,Passenger,1,0,1,14,15,6.67
January 31 2018,Whatcom,WA,Passenger,549,238,787,145463,146250,0.54
July 31 2019,Mason,WA,Truck,0,0,0,20403,20403,0
March 31 2020,Pacific,WA,Truck,0,0,0,7707,7707,0
May 31 2020,Portsmouth,VA,Passenger,0,1,1,71,72,1.39
July 31 2023,Monterey,CA,Passenger,0,3,3,133,136,2.21
July 31 2022,Montgomery,MD,Passenger,4,2,6,212,218,2.75
April 30 2022,Carroll,MD,Passenger,0,1,1,17,18,5.56
July 31 2020,Eagle,CO,Passenger,1,0,1,7,8,12.5
October 31 2021,New York,NY,Passenger,2,0,2,45,47,4.26
December 31 2020,Riverside,CA,Passenger,4,1,5,616,621,0.81
April 30 2024,Lewis,WA,Truck,15,0,15,25524,25539,0.06
December 31 2021,Kittitas,WA,Passenger,206,75,281,29828,30109,0.93
February 28 2019,Chelan,WA,Passenger,145,66,211,54156,54367,0.39
February 29 2020,Los Angeles,CA,Passenger,7,12,19,1091,1110,1.71
May 31 2022,Mason,WA,Truck,1,0,1,21022,21023,0
February 28 2018,Pinal,AZ,Passenger,2,0,2,214,216,0.93
May 31 2019,Sedgwick,KS,Passenger,0,1,1,104,105,0.95
January 31 2017,Bergen,NJ,Passenger,0,2,2,33,35,5.71
July 31 2023,Tooele,UT,Passenger,1,0,1,10,11,9.09
March 31 2023,Eagle,CO,Passenger,1,0,1,6,7,14.29
November 30 2022,Clark,WA,Passenger,4775,1975,6750,314580,321330,2.1
April 30 2017,Bergen,NJ,Passenger,0,2,2,32,34,5.88
November 30 2023,Palm Beach,FL,Passenger,1,1,2,42,44,4.55
October 31 2020,Pierce,WA,Truck,0,0,0,144299,144299,0
April 30 2018,Garfield,WA,Passenger,1,0,1,1330,1331,0.08
November 30 2018,Wahkiakum,WA,Truck,0,0,0,1704,1704,0
October 31 2018,Nassau,NY,Passenger,3,0,3,39,42,7.14
February 29 2024,Carroll,MD,Passenger,0,1,1,14,15,6.67
September 30 2022,Yakima,WA,Passenger,377,210,587,166354,166941,0.35
November 30 2018,Adams,WA,Passenger,5,5,10,12742,12752,0.08
March 31 2023,Allen,IN,Passenger,1,0,1,17,18,5.56
October 31 2020,Whatcom,WA,Truck,3,0,3,43451,43454,0.01
January 31 2021,Jefferson,WA,Truck,0,0,0,9592,9592,0
April 30 2024,Yakima,WA,Truck,18,0,18,60510,60528,0.03
November 30 2017,Maui,HI,Passenger,1,0,1,69,70,1.43
June 30 2020,Newport,RI,Passenger,0,1,1,82,83,1.2
December 31 2021,Flathead,MT,Passenger,2,0,2,51,53,3.77
October 31 2018,Lee,AL,Passenger,1,0,1,36,37,2.7
February 28 2019,DeKalb,IN,Passenger,1,0,1,1,2,50
May 31 2020,Thurston,WA,Passenger,1134,732,1866,196644,198510,0.94
September 30 2019,Adams,WA,Passenger,5,5,10,12879,12889,0.08
December 31 2023,Lake,IL,Passenger,6,0,6,127,133,4.51
April 30 2019,Adams,WA,Truck,0,0,0,5099,5099,0
April 30 2021,Williams,ND,Passenger,0,1,1,9,10,10
October 31 2017,Pierce,WA,Passenger,1040,916,1956,525360,527316,0.37
March 31 2020,Island,WA,Passenger,405,270,675,63148,63823,1.06
April 30 2022,Ventura,CA,Passenger,2,3,5,262,267,1.87
July 31 2021,Palm Beach,FL,Passenger,1,1,2,74,76,2.63
June 30 2022,Cook,IL,Passenger,1,0,1,209,210,0.48
September 30 2018,Adams,WA,Truck,0,0,0,5154,5154,0
November 30 2020,Jones,GA,Passenger,1,0,1,1,2,50
November 30 2021,Spokane,WA,Passenger,1260,748,2008,326632,328640,0.61
May 31 2021,Whatcom,WA,Passenger,1386,596,1982,150866,152848,1.3
November 30 2020,Walla Walla,WA,Passenger,95,66,161,36046,36207,0.44
December 31 2019,Jefferson,WA,Truck,0,0,0,9643,9643,0
April 30 2023,New York,NY,Passenger,2,0,2,35,37,5.41
August 31 2018,Maui,HI,Passenger,1,0,1,58,59,1.69
December 31 2021,Geary,KS,Passenger,1,0,1,97,98,1.02
July 31 2021,Montgomery,TX,Passenger,1,1,2,46,48,4.17
October 31 2021,Deschutes,OR,Passenger,1,0,1,123,124,0.81
June 30 2018,Benton,WA,Passenger,192,199,391,131463,131854,0.3
March 31 2023,Yakima,WA,Passenger,456,238,694,165883,166577,0.42
May 31 2018,Benton,WA,Passenger,188,195,383,131287,131670,0.29
August 31 2018,Multnomah,OR,Passenger,3,5,8,789,797,1
June 30 2018,Skamania,WA,Truck,0,0,0,3949,3949,0
August 31 2021,Deschutes,OR,Passenger,1,0,1,130,131,0.76
August 31 2022,Geary,KS,Passenger,1,0,1,83,84,1.19
March 31 2019,Polk,FL,Passenger,1,0,1,73,74,1.35
May 31 2020,King,WA,Passenger,24016,7686,31702,1374118,1405820,2.26
April 30 2022,Columbia,OR,Passenger,1,0,1,25,26,3.85
January 31 2017,Marion,OR,Passenger,1,0,1,243,244,0.41
December 31 2019,Cascade,MT,Passenger,0,1,1,59,60,1.67
September 30 2018,Lee,FL,Passenger,1,0,1,56,57,1.75
September 30 2021,Alexandria,VA,Passenger,3,0,3,129,132,2.27
April 30 2020,Placer,CA,Passenger,2,0,2,100,102,1.96
November 30 2019,Broward,FL,Passenger,2,1,3,128,131,2.29
November 30 2020,Riverside,CA,Passenger,4,1,5,622,627,0.8
May 31 2019,Cochise,AZ,Passenger,0,1,1,112,113,0.88
May 31 2021,San Joaquin,CA,Passenger,1,0,1,113,114,0.88
July 31 2018,Washington,OR,Passenger,0,1,1,491,492,0.2
April 30 2019,Jefferson,NY,Passenger,0,1,1,222,223,0.45
July 31 2024,Tarrant,TX,Passenger,2,0,2,64,66,3.03
August 31 2021,Mohave,AZ,Passenger,1,0,1,60,61,1.64
October 31 2022,Eagle,CO,Passenger,1,0,1,7,8,12.5
December 31 2018,Franklin,MA,Passenger,0,1,1,2,3,33.33
November 30 2017,Okanogan,WA,Passenger,5,17,22,25717,25739,0.09
March 31 2021,Chelan,WA,Passenger,304,94,398,54527,54925,0.72
September 30 2017,Stevens,WA,Passenger,8,22,30,31544,31574,0.1
June 30 2018,Garfield,WA,Passenger,1,1,2,1316,1318,0.15
August 31 2023,Kauai,HI,Passenger,0,1,1,15,16,6.25
August 31 2023,Marion,OR,Passenger,1,0,1,60,61,1.64
October 31 2022,Essex,NJ,Passenger,2,0,2,11,13,15.38
September 30 2019,Klickitat,WA,Passenger,38,36,74,15619,15693,0.47
February 28 2019,Pima,AZ,Passenger,1,1,2,428,430,0.47
September 30 2019,Maui,HI,Passenger,2,0,2,44,46,4.35
March 31 2022,Solano,CA,Passenger,1,0,1,176,177,0.56
April 30 2022,St. Mary's,MD,Passenger,1,0,1,199,200,0.5
October 31 2023,Clark,NV,Passenger,7,3,10,407,417,2.4
September 30 2021,San Bernardino,CA,Passenger,1,0,1,397,398,0.25
June 30 2023,Platte,MO,Passenger,1,0,1,21,22,4.55
February 28 2021,Ramsey,MN,Passenger,1,0,1,40,41,2.44
February 28 2021,Thurston,WA,Truck,0,0,0,56399,56399,0
January 31 2020,Calvert,MD,Passenger,0,2,2,92,94,2.13
May 31 2023,Asotin,WA,Passenger,35,19,54,12362,12416,0.43
November 30 2023,Snohomish,WA,Truck,253,0,253,120620,120873,0.21
November 30 2017,Fairfax,VA,Passenger,3,1,4,826,830,0.48
March 31 2024,Sarasota,FL,Passenger,1,0,1,23,24,4.17
July 31 2024,Cuyahoga,OH,Passenger,1,0,1,34,35,2.86
March 31 2017,Ferry,WA,Passenger,2,1,3,4389,4392,0.07
June 30 2017,Skamania,WA,Truck,0,0,0,3890,3890,0
August 31 2021,Okanogan,WA,Passenger,65,45,110,26454,26564,0.41
January 31 2023,Pacific,WA,Passenger,72,81,153,15688,15841,0.97
July 31 2018,Montgomery,TX,Passenger,1,0,1,66,67,1.49
January 31 2024,Goochland,VA,Passenger,1,1,2,43,45,4.44
January 31 2018,Norfolk,MA,Passenger,1,0,1,38,39,2.56
May 31 2019,Lewis,WA,Passenger,97,95,192,59018,59210,0.32
February 28 2023,Snohomish,WA,Truck,121,0,121,122088,122209,0.1
September 30 2018,Frederick,MD,Passenger,0,1,1,84,85,1.18
January 31 2024,New Castle,DE,Passenger,1,0,1,16,17,5.88
June 30 2022,Island,WA,Truck,4,0,4,21326,21330,0.02
August 31 2022,Prince George's,MD,Passenger,3,1,4,132,136,2.94
February 28 2022,Whatcom,WA,Passenger,1691,685,2376,149169,151545,1.57
July 31 2023,San Bernardino,CA,Passenger,3,1,4,312,316,1.27
December 31 2022,Napa,CA,Passenger,0,1,1,13,14,7.14
July 31 2023,Bell,TX,Passenger,2,0,2,262,264,0.76
January 31 2022,New London,CT,Passenger,1,4,5,214,219,2.28
April 30 2020,New Haven,CT,Passenger,0,2,2,40,42,4.76
July 31 2017,Franklin,MA,Passenger,0,1,1,4,5,20
October 31 2021,Mason,WA,Passenger,245,154,399,47864,48263,0.83
February 29 2020,Douglas,WA,Passenger,69,40,109,28261,28370,0.38
March 31 2017,Clark,WA,Truck,0,0,0,77555,77555,0
April 30 2017,Orleans,LA,Passenger,0,1,1,49,50,2
May 31 2024,Tom Green,TX,Passenger,0,1,1,17,18,5.56
January 31 2020,Whatcom,WA,Passenger,1033,486,1519,151713,153232,0.99
September 30 2020,Newport,RI,Passenger,0,1,1,82,83,1.2
May 31 2019,District of Columbia,DC,Passenger,1,1,2,199,201,1
May 31 2021,Kittitas,WA,Truck,0,0,0,14767,14767,0
October 31 2023,Escambia,FL,Passenger,0,1,1,129,130,0.77
March 31 2021,Skagit,WA,Passenger,541,260,801,91531,92332,0.87
October 31 2022,Lewis,WA,Passenger,260,182,442,59801,60243,0.73
February 28 2023,Asotin,WA,Passenger,30,20,50,12401,12451,0.4
June 30 2022,New London,CT,Passenger,3,4,7,190,197,3.55
February 28 2023,Providence,RI,Passenger,1,0,1,20,21,4.76
December 31 2018,Jefferson,CO,Passenger,0,2,2,58,60,3.33
September 30 2019,Rogers,OK,Passenger,1,0,1,8,9,11.11
August 31 2017,Deschutes,OR,Passenger,1,0,1,203,204,0.49
December 31 2019,Orange,CA,Passenger,7,2,9,528,537,1.68
August 31 2023,Saratoga,NY,Passenger,1,1,2,34,36,5.56
January 31 2021,DeKalb,IN,Passenger,1,0,1,0,1,100
February 28 2021,Franklin,WA,Truck,0,0,0,20505,20505,0
November 30 2018,San Juan,WA,Truck,0,0,0,5805,5805,0
April 30 2023,Carroll,MD,Passenger,0,1,1,21,22,4.55
April 30 2022,Duval,FL,Passenger,0,2,2,311,313,0.64
August 31 2018,Monroe,IL,Passenger,1,0,1,4,5,20
August 31 2020,Williams,ND,Passenger,0,1,1,11,12,8.33
July 31 2021,Powhatan,VA,Passenger,1,0,1,1,2,50
January 31 2022,Allegheny,PA,Passenger,2,1,3,71,74,4.05
September 30 2017,Adams,WA,Truck,0,0,0,5121,5121,0
May 31 2023,Cumberland,PA,Passenger,1,0,1,38,39,2.56
June 30 2023,Lincoln,WA,Truck,0,0,0,4847,4847,0
August 31 2019,Multnomah,OR,Passenger,5,6,11,767,778,1.41
March 31 2017,Pima,AZ,Passenger,0,2,2,466,468,0.43
March 31 2020,Bexar,TX,Passenger,1,5,6,651,657,0.91
February 29 2024,Montgomery,MD,Passenger,6,1,7,178,185,3.78
April 30 2023,Madison,IL,Passenger,2,0,2,17,19,10.53
August 31 2019,Whatcom,WA,Passenger,903,450,1353,151138,152491,0.89
March 31 2023,Columbia,WA,Passenger,8,1,9,2407,2416,0.37
December 31 2019,Clark,NV,Passenger,4,3,7,713,720,0.97
June 30 2022,Oldham,KY,Passenger,0,1,1,4,5,20
September 30 2022,Eagle,CO,Passenger,1,0,1,7,8,12.5
June 30 2024,Loudoun,VA,Passenger,2,1,3,46,49,6.12
February 28 2018,New Haven,CT,Passenger,0,1,1,53,54,1.85
June 30 2023,Albemarle,VA,Passenger,2,0,2,14,16,12.5
September 30 2021,Dallas,TX,Passenger,1,0,1,166,167,0.6
March 31 2019,Marion,OR,Passenger,1,0,1,121,122,0.82
March 31 2024,Lexington,SC,Passenger,1,0,1,15,16,6.25
April 30 2023,Allegheny,PA,Passenger,1,0,1,62,63,1.59
January 31 2020,Thurston,WA,Passenger,1091,718,1809,199114,200923,0.9
May 31 2018,Skamania,WA,Passenger,12,9,21,8700,8721,0.24
May 31 2018,District of Columbia,DC,Passenger,0,3,3,188,191,1.57
October 31 2018,San Diego,CA,Passenger,9,3,12,2564,2576,0.47
December 31 2017,Dale,AL,Passenger,0,1,1,62,63,1.59
June 30 2021,Broward,FL,Passenger,2,0,2,115,117,1.71
July 31 2020,Tarrant,TX,Passenger,1,0,1,178,179,0.56
December 31 2021,Columbia,WA,Truck,0,0,0,1554,1554,0
January 31 2024,Clark,NV,Passenger,7,3,10,382,392,2.55
March 31 2023,Ventura,CA,Passenger,3,3,6,239,245,2.45
October 31 2018,Manassas,VA,Passenger,0,1,1,9,10,10
July 31 2022,Washtenaw,MI,Passenger,0,1,1,29,30,3.33
September 30 2021,Clark,WA,Passenger,3151,1483,4634,321553,326187,1.42
September 30 2021,Skagit,WA,Passenger,642,291,933,91593,92526,1.01
August 31 2020,New Haven,CT,Passenger,0,2,2,35,37,5.41
December 31 2021,Ferry,WA,Passenger,14,3,17,4445,4462,0.38
March 31 2017,Montgomery,MD,Passenger,1,0,1,311,312,0.32
September 30 2020,Placer,CA,Passenger,2,0,2,95,97,2.06
May 31 2020,Larimer,CO,Passenger,1,0,1,48,49,2.04
December 31 2023,Lee,AL,Passenger,1,0,1,13,14,7.14
September 30 2019,Travis,TX,Passenger,4,1,5,220,225,2.22
June 30 2023,DeKalb,GA,Passenger,2,0,2,45,47,4.26
November 30 2023,Cache,UT,Passenger,1,0,1,10,11,9.09
March 31 2020,Juneau,AK,Passenger,0,2,2,33,35,5.71
April 30 2020,Clackamas,OR,Passenger,2,0,2,208,210,0.95
August 31 2021,Chelan,WA,Truck,0,0,0,23072,23072,0
September 30 2017,Mason,WA,Truck,0,0,0,19369,19369,0
September 30 2022,San Juan,WA,Truck,6,0,6,5951,5957,0.1
December 31 2021,Wake,NC,Passenger,1,0,1,126,127,0.79
